0.000218153
0.000247717
0.000312805
0.000219584
0.000243664
0.000243902
0.000236511
0.000276566
0.000250578
0.000223875
0.000252008
0.000253916
0.000245333
0.000259876
0.000251532
0.000247478
0.000252724
0.000240326
0.000247478
0.000252247
0.000242233
0.000252962
0.000250816
0.000251293
0.000252962
0.000243664
0.000242949
0.000243664
0.000241518
0.000249386
0.000251770
0.000242233
0.000251532
0.000252485
0.000251293
0.000243425
0.000252247
0.000242233
0.000275850
0.000235796
0.000252247
0.000250578
0.000250101
0.000250578
0.000234365
0.000235796
0.000246048
0.000241756
0.000243425
0.000243902
0.000248432
0.000242233
0.000242949
0.000254393
0.000250578
0.000252008
0.000243425
0.000234127
0.000243664
0.000243902
0.000240326
0.000242710
0.000244141
0.000250340
0.000233173
0.000255585
0.000310898
0.000252724
0.000222921
0.000252724
0.000264168
0.000242710
0.000242710
0.000235796
0.000249386
0.000250578
0.000250578
0.000252008
0.000252247
0.000224829
0.000250101
0.000250578
0.000256062
0.000249624
0.000252485
0.000253439
0.000251055
0.000243902
0.000243664
0.000251055
0.000250816
0.000226974
0.000252247
0.000236988
0.000253677
0.000237703
0.000252247
0.000253201
0.000236511
0.000243902
0.000254154
0.000244379
0.000247002
0.000247717
0.000248432
0.000249386
0.000244617
0.000236273
0.000242233
0.000233173
0.000251532
0.000238180
0.000242472
0.000248194
0.000240803
0.000251770
0.000248194
0.000249863
0.000258923
0.000237703
0.000242472
0.000244617
0.000241995
0.000243187
0.000247240
0.000220537
0.000251055
0.000248909
0.000251055
0.000241995
0.000251532
0.000251293
0.000251293
0.000251770
0.000254631
0.000257730
0.000249386
0.000251770
0.000249624
0.000251055
0.000242472
0.000251293
0.000249386
0.000244617
0.000243187
0.000242472
0.000244141
0.000254869
0.000244141
0.000236511
0.000228405
0.000263691
0.000251770
0.000240803
0.000242472
0.000250101
0.000250816
0.000249147
0.000250578
0.000250340
0.000248432
0.000249624
0.000247002
0.000250101
0.000242233
0.000244141
0.000263691
0.000249863
0.000250816
0.000240803
0.000238419
0.000234365
0.000237465
0.000244379
0.000243902
0.000226736
0.000243187
0.000247240
0.000242949
0.000250578
0.000241041
0.000242949
0.000256300
0.000241756
0.000241280
0.000238657
0.000247002
0.000241756
0.000238895
0.000241756
0.000249624
0.000226974
0.000233650
0.000241518
0.000252485
0.000250578
0.000251532
0.000262737
0.000240088
0.000249147
0.000249386
0.000249386
0.000242949
0.000252724
0.000249386
0.000241518
0.000249386
0.000249147
0.000247240
0.000250816
0.000249386
0.000239134
0.000249386
0.000266790
0.000250340
0.000241041
0.000246525
0.000242233
0.000248909
0.000248671
0.000243187
0.000238895
0.000249863
0.000224113
0.000248194
0.000237226
0.000242710
0.000241756
0.000247478
0.000261307
0.000249386
0.000244856
0.000222206
0.000232220
0.000254393
0.000213861
0.000250816
0.000252247
0.000247955
0.000243902
0.000248432
0.000247478
0.000247478
0.000247955
0.000245333
0.000248909
0.000246048
0.000251532
0.000248432
0.000241041
0.000248194
0.000248194
0.000247955
0.000240564
0.000248194
0.000251532
0.000250816
0.000234604
0.000249147
0.000252247
0.000249624
0.000260592
0.000252247
0.000247240
0.000251293
0.000241995
0.000249147
0.000248671
0.000247717
0.000247240
0.000248194
0.000246286
0.000247478
0.000224829
0.000247717
0.000248432
0.000264883
0.000248432
0.000248909
0.000249863
0.000224590
0.000248194
0.000248194
0.000241756
0.000247717
0.000250101
0.000248909
0.000229597
0.000246286
0.000240564
0.000247955
0.000247717
0.000269413
0.000247240
0.000226736
0.000239372
0.000235796
0.000238657
0.000247478
0.000247955
0.000249386
0.000224113
0.000247240
0.000248909
0.000239611
0.000248671
0.000247955
0.000248194
0.000238180
0.000240564
0.000249624
0.000245333
0.000249386
0.000249386
0.000247240
0.000251532
0.000250101
0.000248432
0.000249624
0.000251770
0.000248909
0.000248909
0.000250816
0.000250816
0.000282049
0.000243187
0.000253439
0.000250101
0.000242710
0.000239849
0.000240803
0.000247240
0.000247002
0.000251532
0.000247478
0.000242472
0.000243902
0.000200987
0.000245810
0.000250101
0.000272989
0.000251293
0.000235081
0.000242710
0.000249863
0.000245571
0.000249147
0.000249147
0.000247955
0.000247955
0.000248909
0.000248194
0.000249863
0.000250101
0.000247717
0.000241995
0.000261784
0.000241995
0.000226259
0.000234604
0.000237465
0.000251293
0.000247002
0.000248432
0.000245810
0.000245094
0.000248671
0.000247955
0.000248194
0.000250578
0.000248671
0.000261784
0.000266314
0.000240088
0.000249147
0.000248909
0.000246525
0.000241041
0.000245810
0.000248671
0.000251293
0.000249147
0.000244141
0.000250578
0.000248432
0.000247717
0.000250816
0.000252962
0.000236750
0.000248194
0.000257254
0.000241518
0.000250340
0.000249147
0.000245810
0.000242472
0.000246525
0.000241756
0.000241518
0.000242472
0.000239849
0.000246763
0.000247955
0.000242472
0.000162601
0.000245333
0.000240326
0.000241756
0.000241041
0.000250340
0.000236273
0.000241756
0.000240803
0.000242233
0.000242233
0.000240326
0.000242710
0.000241280
0.000248194
0.000234127
0.000240803
0.000242949
0.000252485
0.000225782
0.000242472
0.000241518
0.000242949
0.000243425
0.000233889
0.000241518
0.000239611
0.000240326
0.000248194
0.000242233
0.000165701
0.000241518
0.000239849
0.000240803
0.000229597
0.000241280
0.000239611
0.000241995
0.000252008
0.000243187
0.000240326
0.000241756
0.000242472
0.000243664
0.000247717
0.000242949
0.000247240
0.000242472
0.000248671
0.000245094
0.000249863
0.000242472
0.000240803
0.000240564
0.000241041
0.000247955
0.000241995
0.000245333
0.000241995
0.000239372
0.000159264
0.000241280
0.000247240
0.000243425
0.000248909
0.000249147
0.000239611
0.000223875
0.000237226
0.000240564
0.000248432
0.000241041
0.000249624
0.000243187
0.000245810
0.000240564
0.000239134
0.000248909
0.000249624
0.000240803
0.000242233
0.000243425
0.000241518
0.000238895
0.000240803
0.000240803
0.000243902
0.000240564
0.000239134
0.000238895
0.000194311
0.000286102
0.000254869
0.000255823
0.000256538
0.000252008
