0.000261784
0.000409842
0.000309467
0.000303507
0.000311852
0.000266075
0.000368357
0.000309706
0.000290155
0.000313282
0.000281096
0.000312567
0.000414848
0.000300884
0.000319958
0.000311852
0.000308514
0.000372171
0.000297070
0.000313282
0.000311613
0.000305891
0.000309706
0.000281096
0.000368118
0.000308990
0.000300884
0.000321150
0.000315666
0.000313044
0.000347376
0.000305176
0.000305176
0.000302553
0.000306845
0.000368118
0.000292778
0.000296116
0.000280142
0.000383139
0.000333071
0.000292063
0.000314713
0.000309229
0.000313759
0.000308990
0.000368118
0.000310421
0.000310183
0.000313044
0.000266552
0.000380516
0.000313044
0.000310183
0.000326872
0.000313520
0.000312090
0.000310898
0.000308990
0.000366211
0.000308514
0.000278234
0.000310898
0.000370264
0.000311136
0.000313759
0.000310421
0.000318050
0.000337362
0.000368834
0.000313997
0.000311613
0.000321627
0.000308037
0.000312567
0.000370979
0.000311852
0.000309944
0.000285864
0.000310421
0.000320673
0.000370979
0.000313282
0.000305653
0.000264883
0.000275135
0.000306845
0.000320673
0.000298977
0.000305891
0.000342607
0.000304699
0.000293493
0.000300646
0.000314951
0.000365734
0.000257969
0.000312328
0.000306606
0.000304699
0.000312090
0.000279188
0.000300169
0.000269175
0.000303268
0.000303745
0.000300884
0.000292540
0.000318289
0.000304699
0.000303745
0.000305414
0.000302315
0.000304699
0.000303268
0.000300646
0.000304699
0.000301361
0.000292778
0.000302553
0.000293970
0.000293970
0.000313759
0.000300646
0.000301838
0.000299931
0.000302315
0.000304937
0.000300884
0.000303745
0.000302792
0.000305176
0.000300646
0.000305176
0.000302553
0.000302076
0.000288010
0.000300646
0.000302315
0.000301123
0.000300884
0.000297546
0.000273466
0.000306368
0.000307322
0.000292778
0.000305891
0.000303030
0.000304461
0.000301600
0.000308037
0.000300407
0.000306368
0.000304461
0.000303268
0.000306368
0.000310659
0.000308037
0.000307798
0.000300646
0.000302792
0.000302315
0.000301600
0.000438690
0.000318766
0.000303507
0.000308514
0.000288963
0.000302792
0.000303745
0.000305176
0.000307083
0.000304461
0.000308514
0.000306845
0.000304937
0.000303268
0.000272512
0.000330687
0.000286341
0.000303745
0.000305414
0.000305653
0.000301123
0.000304461
0.000305653
0.000300169
0.000304699
0.000303268
0.000302792
0.000300884
0.000302553
0.000318050
0.000303745
0.000299454
0.000297785
0.000293732
0.000298023
0.000304699
0.000303507
0.000305414
0.000306129
0.000265598
0.000295639
0.000304222
0.000294447
0.000317812
0.000303030
0.000300884
0.000308514
0.000287294
0.000308514
0.000302076
0.000304222
0.000304222
0.000308990
0.000306129
0.000302076
0.000264883
0.000294447
0.000320196
0.000305891
0.000307560
0.000277758
0.000304937
0.000306368
0.000301123
0.000274658
0.000305176
0.000304699
0.000306368
0.000305414
0.000303745
0.000299215
0.000301600
0.000302076
0.000304461
0.000303268
0.000301838
0.000306606
0.000303984
0.000305891
0.000303268
0.000300884
0.000303507
0.000300407
0.000306606
0.000304699
0.000306845
0.000327826
0.000304222
0.000295639
0.000297308
0.000297785
0.000301600
0.000301123
0.000305414
0.000303268
0.000302553
0.000305653
0.000301600
0.000279188
0.000320673
0.000282526
0.000303984
0.000300884
0.000304222
0.000304461
0.000302315
0.000303745
0.000303030
0.000305176
0.000305653
0.000301600
0.000309944
0.000306368
0.000318766
0.000290871
0.000306129
0.000303030
0.000307322
0.000305653
0.000303268
0.000308275
0.000303984
0.000303268
0.000299692
0.000305176
0.000306368
0.000305414
0.000301600
0.000312328
0.000299692
0.000303030
0.000302315
0.000305176
0.000303268
0.000300646
0.000299692
0.000303745
0.000302315
0.000300169
0.000315666
0.000301600
0.000301123
0.000317335
0.000286102
0.000300169
0.000289679
0.000295401
0.000302076
0.000303268
0.000303507
0.000303507
0.000304699
0.000305891
0.000304222
0.000304461
0.000315189
0.000298262
0.000303507
0.000303507
0.000264168
0.000301838
0.000302553
0.000303268
0.000303268
0.000301123
0.000305176
0.000305653
0.000302076
0.000304699
0.000267029
0.000317097
0.000298977
0.000308037
0.000307083
0.000307322
0.000305414
0.000308275
0.000289202
0.000303507
0.000294447
0.000304461
0.000301838
0.000304937
0.000305891
0.000320911
0.000298977
0.000319719
0.000313044
0.000313044
0.000316620
0.000322819
0.000316858
0.000302315
0.000321627
0.000320435
0.000298977
0.000315428
0.000315428
0.000292540
0.000263214
0.000296593
0.000293493
0.000317335
0.000298500
0.000291348
0.000315428
0.000315905
0.000319004
0.000317812
0.000327110
0.000317335
0.000312328
0.000321150
0.000318050
0.000316381
0.000298023
0.000323296
0.000270128
0.000313520
0.000324726
0.000319958
0.000317097
0.000307560
0.000299454
0.000316858
0.000312567
0.000318527
0.000305891
0.000314951
0.000321627
0.000313520
0.000294447
0.000314236
0.000315189
0.000300884
0.000312090
0.000314713
0.000315666
0.000316143
0.000325203
0.000264168
0.000296116
0.000323296
0.000302315
0.000302076
0.000267506
0.000293016
0.000293970
0.000297785
0.000302076
0.000274181
0.000296354
0.000300646
0.000297308
0.000298738
0.000286341
0.000297308
0.000312805
0.000316143
0.000315666
0.000290394
0.000312328
0.000311852
0.000316381
0.000334263
0.000282526
0.000331402
0.000334740
0.000329018
0.000334978
0.000314713
0.000314236
0.000309467
0.000315428
0.000314236
0.000309229
0.000338078
0.000333786
0.000313044
0.000340462
0.000334024
0.000332594
0.000331402
0.000309467
0.000310898
0.000329256
0.000326157
0.000289202
0.000333548
0.000337839
0.000337601
0.000311613
0.000328779
0.000334263
0.000330687
0.000336647
0.000289679
0.000335693
0.000330687
0.000336885
0.000339746
0.000317335
0.000312328
0.000334740
0.000285149
0.000303268
0.000315189
0.000307322
0.000316381
0.000315666
0.000314236
0.000311613
0.000312090
0.000318527
0.000291824
0.000315905
0.000311613
0.000317812
0.000317335
0.000311852
0.000301123
0.000310898
0.000313520
0.000311852
0.000318766
0.000328541
0.000330448
0.000326633
0.000332117
0.000333309
0.000311613
0.000318050
0.000289679
0.000327826
0.000307322
0.000339031
0.000337839
