0.011844397
0.000828266
0.000897646
0.001018524
0.001006603
0.000904083
0.000918150
0.000908375
0.000879049
0.000915527
0.000992537
0.000901699
0.000994682
0.000919819
0.000922918
0.000869751
0.000904799
0.001007557
0.000986576
0.000906706
0.001001120
0.000929356
0.000903606
0.000857830
0.000898123
0.001006365
0.000892639
0.000853062
0.000870228
0.000934601
0.000905514
0.001012564
0.001008034
0.001011610
0.000924349
0.001034021
0.000949860
0.000921011
0.000900030
0.000917196
0.000860214
0.001026392
0.000911236
0.000859022
0.000924826
0.000915527
0.000855446
0.000874996
0.001001596
0.000959873
0.000995398
0.001001358
0.000902653
0.000920296
0.000897169
0.001015663
0.000874281
0.000979424
0.000895977
0.000858068
0.000927210
0.000902891
0.000993013
0.001015902
0.001000643
0.000908852
0.000932693
0.000918150
0.000857592
0.000865698
0.001007318
0.000918388
0.000855923
0.000878334
0.000865221
0.000918150
0.000916958
0.000876904
0.000998974
0.000856161
0.000920057
0.000825405
0.000998020
0.000886440
0.000929594
0.000900745
0.000855207
0.000859976
0.000922203
0.000993252
0.000808001
0.000910997
0.000924826
0.000812054
0.000822306
0.000859022
0.000899792
0.000923157
0.000923395
0.000998020
0.000914812
0.000825882
0.000829935
0.000826120
0.000827074
0.000839472
0.000849962
0.000824451
0.000828505
0.000816822
0.000824213
0.000818968
0.000824690
0.000810146
0.011157513
0.000819921
0.000829697
0.000811815
0.000826359
0.000815630
0.000829458
0.000817299
0.000811338
0.011543512
0.000826836
0.000826836
0.000822544
0.000824213
0.000832796
0.000828266
0.000828266
0.000838995
0.000826836
0.000826120
0.000822067
0.000836849
0.000820637
0.000823498
0.000826597
0.000816107
0.000832558
0.000823975
0.000820398
0.000814915
0.000823021
0.000821829
0.000821829
0.000844240
0.000853777
0.000826836
0.000794172
0.000825167
0.000825167
0.000827551
0.000819683
0.000822067
0.000803709
0.000840902
0.000825405
0.000825167
0.000825405
0.000822067
0.000825644
0.000827312
0.000808239
0.000834942
0.000822067
0.000822306
0.000819921
0.000818968
0.000821590
0.000826836
0.000842094
0.000848532
0.000826359
0.000814676
0.000820637
0.000817299
0.000829458
0.000829220
0.000827551
0.000850201
0.000821590
0.000826597
0.000799417
0.000826120
0.000823259
0.000832796
0.000825882
0.000823021
0.000824690
0.000827074
0.000828266
0.000819683
0.000825167
0.000825405
0.000820160
0.000799417
0.000825167
0.000825405
0.000815392
0.000819683
0.000813961
0.000821114
0.000825405
0.000825167
0.000823975
0.000821590
0.000824928
0.000825167
0.000826597
0.000822544
0.000820160
0.000818491
0.000774384
0.000834227
0.000823975
0.000826597
0.000820160
0.000828028
0.000825167
0.000826836
0.000826120
0.000865936
0.000825167
0.000822544
0.000824451
0.000821829
0.000822783
0.000827789
0.000823975
0.000825882
0.000795364
0.000812054
0.000823498
0.000822544
0.000827074
0.000823498
0.000826597
0.000825644
0.000805616
0.000823736
0.000827312
0.000810146
0.000788212
0.000828028
0.000830412
0.000825882
0.000826359
0.000824690
0.000826120
0.000823975
0.000824213
0.000839472
0.000826597
0.000825167
0.000841379
0.000826836
0.000828505
0.000818968
0.000824451
0.000834227
0.000823736
0.000823021
0.000825644
0.000825167
0.000801325
0.000823021
0.000828505
0.000815153
0.000807047
0.000833988
0.000829220
0.000825882
0.000772715
0.000823021
0.000827312
0.000828505
0.000829220
0.000823021
0.000829935
0.000828505
0.000825644
0.000824451
0.000837326
0.000825882
0.000827074
0.000813723
0.000824213
0.000823498
0.000824213
0.000822067
0.000965595
0.000825167
0.000829935
0.000826359
0.000823736
0.000814438
0.000823498
0.000825167
0.000811577
0.000829458
0.000821114
0.000821114
0.000750780
0.000819921
0.000856876
0.000830173
0.000821114
0.000825405
0.000828743
0.000830889
0.000828981
0.000815868
0.000832319
0.000827312
0.000829220
0.000844002
0.000827074
0.000814676
0.000826597
0.000822067
0.000797033
0.000824928
0.000823021
0.000813007
0.000821590
0.000809193
0.000823259
0.000825405
0.000824451
0.000822544
0.000826836
0.000824690
0.000780106
0.000829220
0.000821829
0.000823736
0.000823259
0.000830889
0.000808001
0.000826359
0.000823975
0.000819206
0.000828743
0.000824690
0.000827312
0.000828505
0.000817776
0.000828743
0.000826120
0.000826836
0.000814438
0.000833988
0.000826359
0.000825405
0.000826597
0.000822306
0.000836134
0.000824690
0.000824690
0.000812531
0.000821829
0.000822306
0.000779629
0.000828981
0.000817299
0.000828743
0.000823021
0.000824690
0.000822783
0.000824928
0.000823021
0.000830412
0.000822783
0.000826597
0.000818968
0.000829697
0.000828266
0.000824690
0.000830173
0.000836849
0.000822544
0.000824451
0.000820637
0.000821829
0.000831366
0.000802755
0.000822783
0.000815630
0.000830412
0.000824451
0.000823021
0.000828981
0.000792027
0.000826836
0.000829220
0.000824928
0.000828981
0.000829935
0.000827074
0.000831842
0.000828505
0.000824928
0.000838757
0.000827312
0.000827074
0.000832081
0.000824690
0.000824451
0.000827312
0.000828028
0.000823021
0.000826597
0.000826597
0.000825405
0.000824928
0.000809669
0.000861645
0.000823498
0.000838757
0.000828743
0.000827551
0.000815392
0.000769854
0.001476765
0.000826120
0.000823975
0.000817776
0.000821590
0.000817060
0.000824451
0.000823498
0.000801802
0.000821352
0.000824928
0.000822067
0.000820637
0.000833035
0.000822306
0.000820875
0.000821829
0.000819921
0.000821114
0.000834227
0.000823975
0.000821829
0.000818491
0.000825644
0.000820637
0.000823498
0.000813484
0.000822544
0.000821114
0.000754118
0.000823736
0.000818729
0.000822306
0.000821114
0.000826597
0.000828505
0.000820637
0.000820398
0.000819445
0.000789881
0.000822306
0.000824928
0.000823736
0.000889540
0.000820160
0.000825405
0.000819445
0.000823021
0.000812531
0.000825882
0.000818253
0.000822544
0.000819683
0.000938654
0.000823498
0.000816584
0.000820398
0.000805378
0.000820160
0.000765085
0.000820160
0.000812531
0.000822544
0.000818968
0.000820398
0.000819206
0.000817537
0.000821590
0.000818014
0.000820160
0.000821590
0.000823975
0.000816107
0.000823259
0.000926733
