0.016878128
0.007547855
0.006630421
0.007479668
0.005845308
0.006508589
0.006557226
0.017160892
0.007503748
0.006464243
0.006557465
0.006559372
0.007177591
0.007468939
0.006409168
0.006533146
0.006602764
0.006587029
0.006318808
0.007494211
0.006523848
0.006592035
0.006533861
0.007424831
0.006576300
0.005882025
0.006520033
0.006414890
0.006540537
0.006591558
0.007507324
0.006585836
0.007550716
0.007461071
0.015322208
0.017342329
0.006551504
0.006555796
0.005855560
0.006516695
0.006511450
0.015379429
0.006386757
0.017266512
0.006504774
0.006579399
0.006443501
0.007583141
0.007566690
0.006571293
0.006497860
0.006512880
0.006651402
0.006587505
0.006541014
0.007507801
0.007432461
0.006533623
0.006400585
0.006579161
0.006611824
0.007506371
0.006446600
0.006440163
0.006530762
0.007565022
0.007464170
0.006564379
0.006579399
0.006509542
0.006438732
0.007576942
0.015374184
0.006582975
0.006416082
0.006490469
0.006602287
0.007449150
0.006468296
0.007364511
0.006492853
0.006558418
0.006543636
0.007430553
0.015241146
0.015104532
0.006493092
0.013966322
0.006513119
0.006420851
0.006539583
0.006561518
0.005881071
0.007462740
0.007518053
0.006533623
0.005841970
0.006411076
0.006490231
0.006590843
0.006550312
0.005867004
0.005877256
0.005910873
0.013973951
0.013923645
0.014062881
0.005810499
0.005856991
0.005806684
0.005872965
0.005877972
0.005870581
0.005826712
0.005865335
0.005817175
0.005883217
0.005828619
0.005877972
0.005861282
0.005883217
0.005856752
0.005849123
0.005850792
0.005940437
0.005822420
0.005875826
0.005855083
0.005870342
0.005851507
0.005886793
0.013915062
0.005859137
0.005881786
0.005839348
0.005848169
0.005873442
0.013908148
0.005915403
0.005855083
0.005891323
0.013920784
0.014006376
0.005868435
0.005845308
0.005839586
0.005904198
0.005839825
0.005882502
0.005865574
0.005862713
0.005872726
0.005832672
0.005915165
0.005831242
0.005846739
0.013952732
0.005836964
0.005910873
0.013884306
0.005859613
0.005853891
0.006101608
0.005879164
0.007328033
0.006144524
0.006126404
0.005877256
0.005888224
0.005861521
0.005902052
0.005836487
0.005914688
0.005839109
0.005949259
0.005837440
0.005899429
0.005878925
0.005909681
0.005860329
0.005875587
0.005854368
0.014045477
0.005887985
0.005883694
0.005854607
0.005906105
0.005872965
0.005861282
0.005882025
0.005876541
0.013927460
0.005870342
0.006419182
0.005925417
0.005853653
0.005895138
0.005849361
0.005917549
0.005908251
0.005886793
0.005879641
0.005851984
0.005876780
0.005934954
0.013979673
0.005894661
0.005841017
0.005872965
0.005881071
0.005843401
0.005819559
0.005861044
0.005857944
0.005947113
0.005851030
0.005852699
0.005850554
0.005873680
0.005886316
0.005827665
0.005840778
0.005927563
0.005863905
0.005811930
0.005898476
0.014004469
0.005894423
0.005864143
0.005862713
0.005861044
0.005864620
0.005886316
0.005864620
0.005880594
0.013900995
0.005876303
0.005902052
0.005914211
0.005847216
0.005870104
0.005803108
0.005901098
0.005839825
0.005929232
0.005831480
0.005877972
0.005837202
0.005984545
0.005906343
0.005899429
0.005806208
0.005924463
0.005858898
0.005933762
0.005828857
0.005925894
0.005852699
0.005856752
0.005880594
0.005896807
0.005876541
0.005891323
0.005843639
0.005920887
0.013975143
0.005891323
0.005875587
0.013916492
0.013968945
0.005830288
0.005877256
0.005854130
0.005826235
0.005869389
0.005867958
0.005883694
0.005862713
0.005876780
0.005879164
0.005854845
0.005911112
0.005896568
0.005882025
0.005858421
0.005869389
0.005907059
0.013984203
0.005882740
0.006733418
0.005883217
0.005878687
0.005904913
0.005854845
0.005909920
0.005876064
0.005873919
0.005873919
0.005901575
0.005836010
0.005928755
0.005839825
0.005902529
0.005811691
0.005842924
0.005876303
0.005840778
0.005844593
0.005799294
0.005832434
0.014003754
0.014012337
0.005840778
0.005843639
0.005812168
0.014031887
0.005817652
0.005848646
0.005972862
0.013985872
0.005944490
0.014004946
0.005955696
0.005879164
0.005892754
0.005967617
0.005909443
0.006303787
0.006413460
0.005804777
0.005833864
0.005906343
0.005870581
0.005849600
0.005790710
0.005815029
0.005876064
0.005808592
0.013892412
0.005790472
0.005813360
0.005833864
0.005830288
0.005834579
0.005840302
0.005824566
0.005903721
0.005805731
0.005832672
0.005841017
0.005831957
0.005860329
0.014086008
0.005830288
0.005881310
0.005832672
0.014063835
0.014003277
0.005878448
0.005861759
0.005843163
0.005854607
0.005898952
0.005821943
0.005864620
0.005839586
0.005850077
0.005791664
0.005900860
0.005837679
0.005861759
0.005855322
0.005870104
0.005848169
0.005825043
0.005859852
0.005880356
0.005843639
0.005935192
0.005850554
0.005880356
0.005844355
0.005869150
0.005831003
0.005844116
0.005839825
0.005867958
0.005835295
0.005876541
0.005854130
0.005902290
0.005831957
0.014094830
0.005865812
0.005872488
0.005884409
0.005954981
0.005863190
0.005868912
0.005840063
0.005911589
0.005854130
0.014151335
0.005859852
0.005856514
0.014029503
0.005901814
0.005863667
0.005882740
0.005884409
0.005888939
0.013978004
0.005918503
0.005814075
0.005980492
0.006013870
0.005898714
0.005846024
0.005892277
0.005898952
0.005910397
0.005874872
0.005867481
0.005871296
0.005890608
0.005846977
0.005890608
0.005880356
0.005899906
0.005851030
0.005885363
0.005833864
0.005916834
0.005954742
0.005856276
0.005866766
0.005863667
0.005850315
0.005859852
0.005959272
0.014163494
0.005819559
0.005898952
0.014074087
0.005953789
0.005846262
0.005887270
0.005855322
0.005856514
0.005891323
0.005946636
0.005866528
0.005881071
0.005845785
0.005909920
0.005831480
0.005862713
0.005835295
0.005858183
0.005858183
0.005810261
0.005927801
0.005892992
0.005885839
0.005850315
0.005833864
0.005881071
0.005903006
0.005883932
0.005910397
0.005825758
0.005850554
0.005878925
0.005902767
0.005903721
0.005867243
0.005850554
0.005941391
0.005870342
0.006689787
0.005907536
0.006045103
0.005950928
0.005865812
0.005897760
0.015146732
0.014381170
0.005888462
0.005850554
0.005811691
0.014107943
0.005843639
0.005843639
0.005821228
0.013968706
0.005828619
0.005902529
0.005818129
0.005826473
0.006071806
