0.000225782
0.000262976
0.000282288
0.000313759
0.000263929
0.000263691
0.000287056
0.000253201
0.000253916
0.000256538
0.000260115
0.000278711
0.000262260
0.000339270
0.000264645
0.000262976
0.000264883
0.000264168
0.000247478
0.000265837
0.000264883
0.000293732
0.000282288
0.000340700
0.000284910
0.000282764
0.000263214
0.000283480
0.000283718
0.000267267
0.000266075
0.000266075
0.000264168
0.000355005
0.000279665
0.000289917
0.000242233
0.000263453
0.000268221
0.000281334
0.000279427
0.000340223
0.000281334
0.000283241
0.000265360
0.000240803
0.000262737
0.000282049
0.000264883
0.000284910
0.000287056
0.000262260
0.000266552
0.000280380
0.000355721
0.000278234
0.000239611
0.000279903
0.000267267
0.000270605
0.000280142
0.000262499
0.000340939
0.000256538
0.000279665
0.000257015
0.000259638
0.000263929
0.000265360
0.000260592
0.000268221
0.000340700
0.000263453
0.000263691
0.000268459
0.000256538
0.000282526
0.000263929
0.000275850
0.000265598
0.000263214
0.000263453
0.000338316
0.000262976
0.000265121
0.000263691
0.000282764
0.000257730
0.000285149
0.000282526
0.000263453
0.000263691
0.000348091
0.000296831
0.000286579
0.000258923
0.000258923
0.000283957
0.000281572
0.000261307
0.000266075
0.000259399
0.000257969
0.000281096
0.000258446
0.000280619
0.000260115
0.000288963
0.000260592
0.000277996
0.000280619
0.000260353
0.000261784
0.000259638
0.000253439
0.000277042
0.000261545
0.000258207
0.000262737
0.000277519
0.000258684
0.000258923
0.000269413
0.000250578
0.000253677
0.000270844
0.000258923
0.000261068
0.000258207
0.000261068
0.000245094
0.000264168
0.000263691
0.000263214
0.000259161
0.000259161
0.000259399
0.000277519
0.000260353
0.000278711
0.000263453
0.000259876
0.000261784
0.000262976
0.000261307
0.000281334
0.000258446
0.000279427
0.000261307
0.000259876
0.000281096
0.000282049
0.000277758
0.000265837
0.000261068
0.000273943
0.000274181
0.000266075
0.000276327
0.000276566
0.000258446
0.000259638
0.000277281
0.000275612
0.000237942
0.000275850
0.000266790
0.000272751
0.000276089
0.000278950
0.000275850
0.000283003
0.000273705
0.000239134
0.000278950
0.000267982
0.000273228
0.000275612
0.000276566
0.000274420
0.000259399
0.000267506
0.000252485
0.000259161
0.000260830
0.000276804
0.000275373
0.000259876
0.000278711
0.000282526
0.000276566
0.000272989
0.000255585
0.000268698
0.000277996
0.000273943
0.000263453
0.000273228
0.000255585
0.000275373
0.000262260
0.000280380
0.000259876
0.000257254
0.000262499
0.000260115
0.000282764
0.000277281
0.000277996
0.000278234
0.000276566
0.000265598
0.000270128
0.000277281
0.000277042
0.000260115
0.000277519
0.000272989
0.000238180
0.000277519
0.000268221
0.000273943
0.000276327
0.000256538
0.000272274
0.000262499
0.000263453
0.000241995
0.000292540
0.000256300
0.000259399
0.000265598
0.000259876
0.000259399
0.000263453
0.000280380
0.000277758
0.000279903
0.000263691
0.000258923
0.000280142
0.000258446
0.000256777
0.000258923
0.000251770
0.000275135
0.000266552
0.000260592
0.000258207
0.000274181
0.000260830
0.000259876
0.000255108
0.000259876
0.000265598
0.000275373
0.000257969
0.000276566
0.000277996
0.000277281
0.000261307
0.000240326
0.000257730
0.000280619
0.000260353
0.000259638
0.000259399
0.000264645
0.000262260
0.000280380
0.000280380
0.000262976
0.000281572
0.000258207
0.000285625
0.000277758
0.000257730
0.000275612
0.000257730
0.000246048
0.000255346
0.000258684
0.000277996
0.000260830
0.000261068
0.000259876
0.000259638
0.000258684
0.000261307
0.000287533
0.000261068
0.000262737
0.000259876
0.000267029
0.000260830
0.000258684
0.000257492
0.000256300
0.000253439
0.000252247
0.000249863
0.000252724
0.000235796
0.000249147
0.000259876
0.000256300
0.000257730
0.000259399
0.000235558
0.000258207
0.000259399
0.000237465
0.000255346
0.000252247
0.000251055
0.000240564
0.000252724
0.000252485
0.000251532
0.000252962
0.000270367
0.000271082
0.000271797
0.000262260
0.000257969
0.000256777
0.000254393
0.000256300
0.000250101
0.000252724
0.000254154
0.000253677
0.000253201
0.000252962
0.000253201
0.000270844
0.000249624
0.000267506
0.000245333
0.000254631
0.000252724
0.000251293
0.000252724
0.000241280
0.000251055
0.000256538
0.000252962
0.000253916
0.000243664
0.000247240
0.000242472
0.000252247
0.000243902
0.000255346
0.000253439
0.000252962
0.000252485
0.000251770
0.000247717
0.000253201
0.000252247
0.000253201
0.000255585
0.000248432
0.000247002
0.000283241
0.000252962
0.000254631
0.000247240
0.000251293
0.000253439
0.000274897
0.000244379
0.000277996
0.000282526
0.000260830
0.000260592
0.000256300
0.000250816
0.000257492
0.000261307
0.000258446
0.000241756
0.000255585
0.000279665
0.000259161
0.000258684
0.000277281
0.000277042
0.000260592
0.000278950
0.000283480
0.000257254
0.000279427
0.000256062
0.000261545
0.000261784
0.000272751
0.000256538
0.000259876
0.000261545
0.000261784
0.000267267
0.000280857
0.000259161
0.000276804
0.000240564
0.000273228
0.000262022
0.000257492
0.000263453
0.000250340
0.000259638
0.000261068
0.000256777
0.000258207
0.000278950
0.000256538
0.000259161
0.000277519
0.000263214
0.000259399
0.000277519
0.000257492
0.000278711
0.000277042
0.000258923
0.000273228
0.000261545
0.000257969
0.000258684
0.000279903
0.000257969
0.000281096
0.000237465
0.000265837
0.000264406
0.000274658
0.000277519
0.000263214
0.000261784
0.000256300
0.000257730
0.000282288
0.000258207
0.000276089
0.000262260
0.000277042
0.000260830
0.000261784
0.000262022
0.000271797
0.000261068
0.000280857
0.000257969
0.000259638
0.000261068
0.000278473
0.000259876
0.000255823
0.000260115
0.000261068
0.000260353
0.000261068
0.000266790
0.000260830
0.000259638
0.000259161
0.000262260
0.000262022
0.000264168
0.000262260
0.000261784
0.000261307
0.000260115
0.000257492
0.000260592
0.000246525
0.000257492
0.000260830
0.000251770
0.000261545
0.000258923
0.000257969
0.000273943
0.000277042
0.000260592
0.000257015
0.000258207
0.000276089
0.000262022
0.000265837
0.000257254
0.000258923
0.000255108
0.000257254
0.000262499
0.000260830
0.000263691
0.000299454
