0.000254393
0.000267744
0.000269651
0.000267267
0.000268698
0.000261068
0.000268459
0.000266790
0.000268936
0.000267029
0.000267744
0.000328064
0.000260353
0.000260592
0.000264645
0.000267506
0.000273228
0.000257730
0.000266552
0.000249386
0.000262260
0.000268698
0.000268936
0.000267506
0.000267982
0.000268698
0.000267744
0.000248432
0.000267267
0.000258207
0.000266552
0.000265837
0.000274897
0.000269413
0.000262022
0.000251532
0.000285864
0.000267744
0.000275850
0.000270128
0.000270128
0.000267506
0.000271082
0.000269651
0.000341892
0.000266552
0.000269890
0.000260115
0.000271559
0.000266552
0.000267982
0.000268936
0.000282049
0.000266552
0.000268698
0.000268459
0.000267506
0.000267029
0.000268936
0.000267267
0.000267506
0.000266552
0.000266552
0.000267744
0.000267744
0.000270367
0.000266552
0.000266790
0.000266790
0.000267744
0.000265360
0.000267744
0.000268221
0.000265360
0.000268936
0.000262260
0.000267506
0.000330448
0.000261068
0.000260830
0.000258923
0.000267506
0.000268459
0.000270844
0.000260830
0.000267267
0.000268221
0.000266314
0.000265837
0.000266790
0.000267744
0.000266552
0.000264168
0.000265837
0.000267029
0.000267744
0.000267982
0.000267267
0.000268698
0.000267506
0.000266552
0.000261307
0.000263453
0.000269651
0.000268221
0.000263691
0.000272751
0.000267744
0.000254393
0.000268698
0.000267267
0.000271320
0.000257969
0.000267982
0.000258446
0.000269175
0.000268221
0.000266552
0.000250816
0.000282288
0.000263691
0.000254393
0.000264645
0.000267506
0.000265360
0.000266314
0.000267744
0.000266552
0.000265598
0.000266314
0.000255823
0.000267267
0.000263453
0.000265360
0.000266075
0.000258923
0.000251770
0.000274658
0.000270605
0.000267029
0.000265121
0.000264406
0.000248909
0.000263929
0.000257254
0.000259399
0.000255823
0.000259161
0.000268698
0.000267982
0.000263691
0.000260592
0.000263453
0.000277519
0.000256062
0.000261545
0.000267029
0.000266790
0.000262022
0.000268459
0.000265837
0.000264168
0.000264168
0.000265837
0.000265121
0.000262976
0.000265837
0.000264645
0.000267267
0.000267029
0.000275373
0.000266790
0.000267744
0.000265598
0.000265360
0.000268698
0.000268698
0.000267267
0.000269413
0.000265360
0.000266314
0.000264883
0.000264406
0.000254393
0.000267267
0.000264168
0.000267506
0.000268936
0.000262737
0.000266552
0.000267267
0.000266314
0.000266314
0.000272036
0.000266314
0.000265360
0.000267744
0.000264406
0.000264883
0.000263691
0.000269175
0.000262499
0.000264168
0.000266790
0.000281811
0.000264883
0.000265837
0.000273705
0.000265360
0.000265837
0.000268698
0.000262260
0.000258446
0.000255346
0.000263453
0.000264406
0.000268459
0.000267267
0.000264406
0.000264168
0.000280857
0.000284195
0.000263929
0.000264645
0.000266790
0.000265360
0.000266314
0.000266790
0.000265121
0.000267506
0.000263929
0.000263214
0.000264168
0.000264883
0.000267506
0.000265837
0.000264406
0.000279188
0.000265360
0.000263453
0.000264406
0.000266552
0.000264883
0.000264645
0.000259876
0.000267982
0.000264883
0.000269651
0.000257969
0.000260115
0.000262976
0.000261307
0.000263929
0.000258684
0.000276566
0.000262260
0.000262022
0.000257730
0.000260830
0.000263929
0.000262022
0.000266314
0.000262737
0.000266790
0.000266075
0.000271797
0.000267267
0.000271082
0.000264645
0.000264645
0.000248194
0.000272751
0.000265360
0.000262260
0.000263453
0.000264883
0.000262022
0.000265360
0.000257015
0.000256062
0.000263453
0.000261784
0.000263929
0.000282526
0.000263453
0.000265360
0.000263453
0.000267029
0.000280142
0.000267506
0.000262976
0.000265837
0.000264168
0.000261068
0.000265121
0.000264883
0.000249624
0.000267506
0.000271797
0.000265360
0.000263691
0.000267744
0.000264645
0.000267267
0.000260353
0.000270605
0.000267029
0.000265360
0.000264168
0.000255346
0.000263929
0.000264168
0.000257492
0.000264883
0.000257492
0.000266314
0.000262976
0.000263691
0.000265837
0.000267506
0.000257969
0.000258684
0.000276327
0.000260592
0.000260592
0.000265598
0.000263214
0.000264645
0.000256777
0.000266552
0.000266075
0.000264883
0.000263929
0.000264406
0.000267744
0.000252485
0.000264168
0.000263929
0.000265837
0.000257969
0.000273705
0.000263691
0.000254869
0.000272512
0.000268936
0.000266790
0.000257015
0.000259399
0.000250340
0.000252962
0.000264645
0.000264883
0.000262976
0.000262022
0.000264883
0.000266552
0.000271559
0.000280857
0.000263214
0.000264645
0.000264406
0.000255346
0.000263691
0.000269890
0.000267029
0.000269413
0.000263453
0.000269175
0.000266075
0.000267744
0.000264406
0.000265598
0.000263929
0.000260830
0.000266314
0.000268698
0.000267744
0.000267029
0.000266075
0.000265360
0.000265837
0.000268698
0.000260830
0.000265837
0.000267029
0.000269413
0.000263453
0.000266552
0.000265121
0.000265360
0.000260115
0.000275373
0.000264883
0.000266790
0.000266314
0.000267267
0.000263929
0.000266314
0.000263214
0.000263691
0.000263929
0.000263929
0.000263691
0.000266075
0.000266075
0.000265598
0.000267744
0.000266552
0.000278950
0.000266075
0.000266075
0.000265360
0.000241041
0.000262260
0.000259399
0.000266075
0.000269175
0.000267506
0.000265121
0.000263453
0.000264406
0.000266552
0.000265837
0.000258446
0.000257969
0.000234842
0.000229120
0.000237703
0.000226974
0.000240088
0.000232220
0.000230074
0.000232220
0.000230551
0.000231504
0.000233889
0.000229597
0.000246048
0.000230551
0.000229836
0.000233889
0.000231504
0.000231028
0.000243902
0.000229359
0.000233650
0.000228643
0.000234127
0.000228167
0.000230789
0.000215054
0.000229597
0.000239611
0.000211000
0.000228643
0.000235558
0.000228882
0.000246286
0.000231504
0.000228405
0.000227690
0.000231028
0.000232220
0.000259399
0.000230551
0.000231981
0.000232697
0.000236988
0.000230312
0.000229359
0.000229836
0.000219584
0.000230789
0.000227690
0.000230074
0.000231028
0.000230789
0.000234604
0.000229359
0.000211477
0.000235558
0.000235081
0.000229359
0.000228643
0.000228405
0.000232458
0.000231981
0.000233412
0.000227928
0.000243187
0.000238180
0.000229597
0.000243664
0.000231504
0.000228643
0.000231266
0.000227928
0.000232458
0.000229597
0.000246763
