0.000466108
0.000450850
0.000358582
0.000365734
0.000357151
0.000366688
0.000506401
0.000381708
0.000359535
0.000479937
0.000397682
0.000365496
0.000469923
0.000365973
0.000397921
0.000393391
0.000494719
0.000407219
0.000407934
0.000393152
0.000394821
0.000488758
0.000400305
0.000375271
0.000496626
0.000376463
0.000365734
0.000365734
0.000401974
0.000506163
0.000358820
0.000389814
0.000492096
0.000363350
0.000371456
0.000394583
0.000496864
0.000393867
0.000371933
0.000392199
0.000515699
0.000391960
0.000395298
0.000373125
0.000393152
0.000494480
0.000399590
0.000388861
0.000485897
0.000393391
0.000401258
0.000396252
0.000405788
0.000485420
0.000375271
0.000396490
0.000396967
0.000458241
0.000398397
0.000396490
0.000351429
0.000490189
0.000370026
0.000506401
0.000378132
0.000365496
0.000447035
0.000392675
0.000363350
0.000367641
0.000370026
0.000458717
0.000397205
0.000361919
0.000371218
0.000362873
0.000462770
0.000345469
0.000483274
0.000368595
0.000367641
0.000365019
0.000374556
0.000364304
0.000487089
0.000403881
0.000406027
0.000394583
0.000492811
0.000359297
0.000373125
0.000390530
0.000383377
0.000485420
0.000400543
0.000461102
0.000344276
0.000383615
0.000394106
0.000489235
0.000399590
0.000397444
0.000388145
0.000368357
0.000366449
0.000365734
0.000380754
0.000368118
0.000375986
0.000399828
0.000374317
0.000398397
0.000397921
0.000369549
0.000369787
0.000367165
0.000377178
0.000379801
0.000364780
0.000394344
0.000395536
0.000390768
0.000404358
0.000381470
0.000389814
0.000365496
0.000396967
0.000396729
0.000396252
0.000394344
0.000403404
0.000400543
0.000338316
0.000362396
0.000402212
0.000363827
0.000401735
0.000373363
0.000405073
0.000393867
0.000396013
0.000358343
0.000392914
0.000402927
0.000393152
0.000392199
0.000415325
0.000394821
0.000396252
0.000393629
0.000403881
0.000394583
0.000403404
0.000346422
0.000367880
0.000366211
0.000400305
0.000398636
0.000415325
0.000389814
0.000395775
0.000364065
0.000400782
0.000366211
0.000395060
0.000356197
0.000402451
0.000391722
0.000399828
0.000389338
0.000368834
0.000400305
0.000398874
0.000396013
0.000367641
0.000396967
0.000376463
0.000397205
0.000398874
0.000395775
0.000370979
0.000362396
0.000375032
0.000395298
0.000390053
0.000390291
0.000397921
0.000363350
0.000403166
0.000400305
0.000396252
0.000392675
0.000399828
0.000389576
0.000393867
0.000363827
0.000360966
0.000400066
0.000396252
0.000394583
0.000393867
0.000389099
0.000390530
0.000386238
0.000388145
0.000368357
0.000401497
0.000375271
0.000395298
0.000388622
0.000390768
0.000393629
0.000401020
0.000398397
0.000398636
0.000389576
0.000362635
0.000377417
0.000392914
0.000401497
0.000402689
0.000387907
0.000398397
0.000396252
0.000396490
0.000358343
0.000401974
0.000376701
0.000393152
0.000387430
0.000401258
0.000404596
0.000412941
0.000366926
0.000356913
0.000394583
0.000380754
0.000395536
0.000375032
0.000392199
0.000385761
0.000391722
0.000392914
0.000402689
0.000374317
0.000397205
0.000401258
0.000371695
0.000396252
0.000384569
0.000394821
0.000391722
0.000405073
0.000405073
0.000398397
0.000396252
0.000403166
0.000404835
0.000400543
0.000393391
0.000396252
0.000391245
0.000396729
0.000398636
0.000391722
0.000391483
0.000396729
0.000364542
0.000395060
0.000374794
0.000387430
0.000387192
0.000400543
0.000391483
0.000395060
0.000392675
0.000405312
0.000385523
0.000362396
0.000391006
0.000395298
0.000375032
0.000397444
0.000395060
0.000399590
0.000390530
0.000395060
0.000362158
0.000397921
0.000365019
0.000391245
0.000399828
0.000398159
0.000391006
0.000411749
0.000392199
0.000361443
0.000389576
0.000367880
0.000387430
0.000393629
0.000394583
0.000393867
0.000392914
0.000393152
0.000389099
0.000400543
0.000387907
0.000395298
0.000396729
0.000396490
0.000360727
0.000337839
0.000393629
0.000397205
0.000397682
0.000360489
0.000390530
0.000395775
0.000395298
0.000390291
0.000392914
0.000392199
0.000391483
0.000396013
0.000390053
0.000377893
0.000402689
0.000391006
0.000395775
0.000367880
0.000394583
0.000399113
0.000396967
0.000359297
0.000394344
0.000401258
0.000390768
0.000395775
0.000360012
0.000396967
0.000397205
0.000396967
0.000390530
0.000390768
0.000400066
0.000401974
0.000401497
0.000358582
0.000350952
0.000394344
0.000390291
0.000402927
0.000396967
0.000392675
0.000391960
0.000390291
0.000386238
0.000393152
0.000398159
0.000373363
0.000393629
0.000364065
0.000398397
0.000398636
0.000389099
0.000397444
0.000386715
0.000396729
0.000387430
0.000359535
0.000391483
0.000396252
0.000396013
0.000394106
0.000408888
0.000398636
0.000390053
0.000398874
0.000387430
0.000394344
0.000396490
0.000401020
0.000367880
0.000395536
0.000397444
0.000370979
0.000360489
0.000368834
0.000363111
0.000372171
0.000368357
0.000370502
0.000369549
0.000371695
0.000364542
0.000372171
0.000365019
0.000368834
0.000366688
0.000397205
0.000397682
0.000394821
0.000389338
0.000390291
0.000384092
0.000384808
0.000392199
0.000390530
0.000391245
0.000386238
0.000361443
0.000348091
0.000389576
0.000349998
0.000397205
0.000403881
0.000366211
0.000370502
0.000370264
0.000334740
0.000369310
0.000344038
0.000389576
0.000401735
0.000391006
0.000400543
0.000397444
0.000393391
0.000391245
0.000370264
0.000392675
0.000378609
0.000368357
0.000366926
0.000366449
0.000405073
0.000370979
0.000369310
0.000365496
0.000398397
0.000366449
0.000366211
0.000370741
0.000364542
0.000396967
0.000401735
0.000398397
0.000368834
0.000395060
0.000388861
0.000391245
0.000332594
0.000373840
0.000374556
0.000372171
0.000376940
0.000368357
0.000372410
0.000366449
0.000401020
0.000368834
0.000406981
0.000366211
0.000402451
0.000397921
0.000369787
0.000397921
0.000400543
0.000390291
0.000393391
0.000392914
0.000402212
0.000390530
0.000395060
0.000393629
0.000401974
0.000401258
0.000403643
0.000363111
0.000397682
0.000390530
0.000372410
0.000366926
0.000395775
0.000376225
0.000375748
0.000370264
0.000363827
0.000364304
0.000393152
0.000394344
0.000334024
0.000404119
0.000372648
0.000373602
0.000379086
0.000368595
0.000379324
0.000378847
