0.000579119
0.000688791
0.000652552
0.000549078
0.000646353
0.000568151
0.000644684
0.000566244
0.000645399
0.000617504
0.000562191
0.000644922
0.000572920
0.000568628
0.000642776
0.000564814
0.000645399
0.000641346
0.000591993
0.000640869
0.000554562
0.000645876
0.000570536
0.000572443
0.000650167
0.000653982
0.000545979
0.000591516
0.000566244
0.000654697
0.000575304
0.000614405
0.000655651
0.000655890
0.000636816
0.000569105
0.000584602
0.000646591
0.000572443
0.000645876
0.000642061
0.000567436
0.000532150
0.000552893
0.000645161
0.000566483
0.000564337
0.000643492
0.000646830
0.000639200
0.000576258
0.000570536
0.000647068
0.000632524
0.000527382
0.000638485
0.000648260
0.000568151
0.000574350
0.000569820
0.000650167
0.000643969
0.000644445
0.000560284
0.000650406
0.000573635
0.000648260
0.000560522
0.000654221
0.000544548
0.000662804
0.000647545
0.000590086
0.000563622
0.000572920
0.000648022
0.000577688
0.000561714
0.000648499
0.000649214
0.000644207
0.000590801
0.000548124
0.000638723
0.000572443
0.000570059
0.000648260
0.000646114
0.000576019
0.000564098
0.000531435
0.000648499
0.000647306
0.000645161
0.000571728
0.000641584
0.000569820
0.000621557
0.000647545
0.000587463
0.000549555
0.000549555
0.000557661
0.000554562
0.000554562
0.000550985
0.000544786
0.000554085
0.000551939
0.000535965
0.000568628
0.000552177
0.000553370
0.000547409
0.000552893
0.000550270
0.000555038
0.000547647
0.000530005
0.000557423
0.000567675
0.000540257
0.000553370
0.000550747
0.000558376
0.000546694
0.000550508
0.000548601
0.000556707
0.000540972
0.000571251
0.000538588
0.000513554
0.000546217
0.000550508
0.000545263
0.000537157
0.000551224
0.000550032
0.000545740
0.000550985
0.000560999
0.000548124
0.000547886
0.000555992
0.000549555
0.000559568
0.000548363
0.000558138
0.000546694
0.000553370
0.000534058
0.000549793
0.000547171
0.000553846
0.000545740
0.000560760
0.000531912
0.000558853
0.000544310
0.000519991
0.000535965
0.000562906
0.000555038
0.000552893
0.000546932
0.000553131
0.000552416
0.000559092
0.000546455
0.000555038
0.000535965
0.011129618
0.000548363
0.000548840
0.000543118
0.000557661
0.000549316
0.000550747
0.000525951
0.000556469
0.000545979
0.000575304
0.000537395
0.000554562
0.000563860
0.000556707
0.000550985
0.000534534
0.000552893
0.000557899
0.000546932
0.000562429
0.000545740
0.000557899
0.000548601
0.000533819
0.000551462
0.000549078
0.000549793
0.000561476
0.000556231
0.000573874
0.000568390
0.000555515
0.000547171
0.000554800
0.000546455
0.000555992
0.000545740
0.000549555
0.000546694
0.000548363
0.000554085
0.000559092
0.000528336
0.000557184
0.000549078
0.000549316
0.000545025
0.000555277
0.000552416
0.000550508
0.000534773
0.000549793
0.000553846
0.000556707
0.000553846
0.000534296
0.000555754
0.000554323
0.000557184
0.000534058
0.000543356
0.000557184
0.000545025
0.000554323
0.000585079
0.000554800
0.000544548
0.000528097
0.000546217
0.000555277
0.000547647
0.000568151
0.000541687
0.000568390
0.000567913
0.000569582
0.000524759
0.000564575
0.000515699
0.000536203
0.000522137
0.000538826
0.000555754
0.000563622
0.000562668
0.000547886
0.000519753
0.000525713
0.000564337
0.000542402
0.000510454
0.000569344
0.000542164
0.000570536
0.000568151
0.000528097
0.000559807
0.000545025
0.000556231
0.000581741
0.000568151
0.000573158
0.000565767
0.000567675
0.000567913
0.000572443
0.000556469
0.000566721
0.000520468
0.000580311
0.000519991
0.000508785
0.000567198
0.000569344
0.000520468
0.000551224
0.000517130
0.000571012
0.000566483
0.000533342
0.000533104
0.000575542
0.000570059
0.000569582
0.000561237
0.000557661
0.000540972
0.000540018
0.000566959
0.000530958
0.000560045
0.000557899
0.000569582
0.000566721
0.000560999
0.000570297
0.000524759
0.000559330
0.000539541
0.000580788
0.000560045
0.000589132
0.000519037
0.000568390
0.000561237
0.000569344
0.000541687
0.000527620
0.000514746
0.000522375
0.000524282
0.000538588
0.000567436
0.000575542
0.000562668
0.000536203
0.000507116
0.000545740
0.000539780
0.000523090
0.000515938
0.000562906
0.000561237
0.000567198
0.000569344
0.000569344
0.000529051
0.000569105
0.000514507
0.000528097
0.000527620
0.000643015
0.000525475
0.000570774
0.000543833
0.000569820
0.000557661
0.000559568
0.000563145
0.000537157
0.000564337
0.000529766
0.000514746
0.000569344
0.000562429
0.000531435
0.000559092
0.000556946
0.000521421
0.000544786
0.000525236
0.000523090
0.000536680
0.000573874
0.000569582
0.000516653
0.000560999
0.000566959
0.000560284
0.000580072
0.000524521
0.000531435
0.000561476
0.000575066
0.000521183
0.000509739
0.000560045
0.000567675
0.000566721
0.000537634
0.000540257
0.000563383
0.000555992
0.000569105
0.000561953
0.000547171
0.000562668
0.000523329
0.000566006
0.000527143
0.000513077
0.000561714
0.000567436
0.000571012
0.000561714
0.000565290
0.000560999
0.000568628
0.000557661
0.000578403
0.000558138
0.000542402
0.000564575
0.000520229
0.000567198
0.000557184
0.000563145
0.000522614
0.000556707
0.000530005
0.000531197
0.000569344
0.000561953
0.000572920
0.000563145
0.000563860
0.000560522
0.000555038
0.000567913
0.000528336
0.000564575
0.000521421
0.000518322
0.000507116
0.000561714
0.000570297
0.000570059
0.000522614
0.000559092
0.000536680
0.000570536
0.000536919
0.000564575
0.000571728
0.000565767
0.000563145
0.000564098
0.000565052
0.000536203
0.000533581
0.000567675
0.000524282
0.000554323
0.000571251
0.000567436
0.000530720
0.000565052
0.000568151
0.000563383
0.000529528
0.000546217
0.000564337
0.000555992
0.000526428
0.000563622
0.000521421
0.000519991
0.000529766
0.000563145
0.000536203
0.000572205
0.000539780
0.000557899
0.000541449
0.000560045
0.000558853
0.000536442
0.000517607
0.000569105
0.000532389
0.000567436
0.000514030
0.000565529
0.000567198
0.000528336
0.000567675
0.000569105
0.000566721
0.000561476
0.000575781
0.000514030
0.000537395
0.000563622
0.000524282
0.000513554
0.000570297
0.000556707
0.000563383
0.000558376
0.000513077
0.000554085
0.000530958
0.000554800
0.000564098
0.000526190
0.000525475
0.000601053
