0.000241995
0.000231743
0.000239849
0.000250101
0.000242710
0.000249147
0.000244856
0.000241041
0.000240803
0.000242472
0.000246525
0.000234365
0.000247478
0.000241995
0.000248671
0.000241518
0.000249624
0.000241280
0.000250340
0.000250816
0.000243902
0.000251293
0.000251293
0.000248671
0.000243664
0.000247717
0.000250101
0.000251055
0.000241041
0.000250578
0.000251055
0.000250816
0.000240326
0.000251055
0.000249386
0.000247002
0.000249624
0.000249386
0.000248194
0.000249386
0.000241280
0.000246763
0.000240088
0.000251055
0.000249386
0.000246525
0.000249863
0.000241518
0.000240088
0.000233889
0.000246286
0.000241518
0.000249624
0.000247240
0.000244141
0.000240326
0.000250816
0.000241995
0.000247478
0.000252008
0.000250816
0.000249863
0.000246763
0.000240088
0.000244379
0.000246048
0.000241041
0.000226259
0.000249624
0.000250578
0.000244856
0.000237703
0.000245333
0.000247002
0.000248432
0.000246286
0.000246763
0.000247955
0.000250578
0.000249386
0.000248671
0.000247717
0.000223398
0.000243664
0.000246048
0.000238180
0.000241995
0.000251055
0.000248909
0.000249386
0.000250340
0.000248194
0.000241280
0.000242710
0.000245571
0.000248194
0.000250101
0.000247717
0.000243187
0.000242710
0.000243902
0.000248671
0.000248432
0.000246763
0.000237703
0.000247717
0.000243187
0.000248909
0.000246763
0.000240564
0.000248432
0.000248909
0.000246048
0.000249863
0.000232697
0.000233650
0.000238180
0.000248194
0.000239849
0.000246525
0.000249386
0.000250101
0.000247478
0.000218391
0.000245810
0.000238419
0.000246286
0.000249147
0.000220537
0.000247002
0.000242233
0.000243902
0.000222206
0.000247955
0.000250578
0.000238657
0.000247478
0.000247002
0.000231504
0.000250101
0.000247955
0.000248909
0.000247717
0.000251532
0.000243664
0.000241041
0.000248909
0.000241756
0.000239849
0.000247002
0.000247955
0.000240803
0.000247240
0.000246763
0.000250816
0.000246763
0.000240564
0.000247240
0.000248671
0.000246763
0.000243664
0.000249147
0.000243187
0.000249147
0.000242949
0.000245810
0.000247717
0.000247240
0.000245810
0.000248671
0.000249624
0.000238657
0.000245810
0.000240088
0.000235796
0.000247240
0.000248432
0.000238657
0.000246525
0.000238419
0.000239849
0.000236750
0.000248432
0.000248909
0.000249147
0.000242472
0.000240326
0.000239372
0.000242233
0.000238657
0.000232697
0.000238657
0.000243664
0.000249624
0.000251532
0.000239611
0.000250340
0.000239134
0.000248194
0.000240803
0.000247478
0.000238657
0.000238180
0.000241518
0.000231743
0.000241756
0.000246763
0.000242710
0.000222921
0.000238419
0.000240564
0.000220537
0.000238180
0.000248432
0.000221729
0.000236273
0.000245810
0.000248671
0.000238657
0.000248432
0.000253439
0.000245810
0.000244141
0.000239611
0.000248194
0.000236988
0.000252962
0.000247240
0.000250101
0.000250578
0.000241280
0.000249147
0.000249624
0.000248671
0.000212669
0.000247478
0.000247717
0.000244379
0.000238895
0.000237465
0.000240803
0.000247240
0.000245571
0.000247717
0.000251293
0.000247955
0.000247717
0.000239611
0.000246525
0.000247717
0.000243187
0.000248194
0.000246286
0.000238895
0.000245094
0.000244856
0.000245571
0.000222921
0.000246286
0.000238419
0.000246763
0.000244379
0.000244379
0.000245094
0.000170708
0.000248432
0.000251055
0.000248671
0.000246286
0.000240326
0.000245810
0.000238895
0.000242949
0.000242710
0.000244141
0.000234365
0.000242710
0.000243187
0.000243664
0.000243187
0.000230312
0.000246286
0.000219822
0.000242472
0.000247717
0.000244617
0.000246286
0.000239611
0.000234127
0.000243187
0.000243902
0.000248671
0.000245571
0.000237942
0.000168562
0.000239134
0.000236273
0.000237703
0.000221252
0.000232458
0.000238180
0.000238180
0.000233650
0.000231981
0.000230789
0.000231266
0.000232697
0.000227690
0.000232697
0.000231028
0.000229836
0.000211239
0.000230551
0.000235558
0.000246763
0.000235319
0.000234127
0.000233412
0.000232220
0.000234842
0.000236511
0.000234604
0.000212908
0.000234127
0.000163078
0.000232935
0.000234604
0.000244856
0.000237703
0.000234842
0.000233173
0.000235558
0.000235319
0.000239372
0.000233173
0.000231504
0.000241518
0.000236034
0.000232220
0.000234127
0.000241518
0.000235558
0.000235319
0.000201225
0.000220776
0.000238657
0.000212908
0.000236988
0.000238895
0.000238657
0.000236750
0.000241280
0.000246286
0.000243902
0.000162363
0.000247240
0.000227690
0.000241280
0.000241280
0.000247955
0.000250101
0.000240326
0.000237226
0.000249147
0.000239611
0.000238180
0.000235796
0.000241756
0.000258446
0.000256777
0.000241995
0.000238657
0.000240564
0.000245810
0.000241518
0.000244379
0.000245094
0.000246286
0.000238657
0.000219584
0.000246286
0.000237226
0.000246763
0.000246763
0.000165224
0.000238895
0.000246048
0.000239134
0.000246763
0.000251293
0.000239849
0.000240564
0.000240564
0.000238657
0.000242472
0.000248194
0.000244141
0.000242710
0.000245810
0.000247478
0.000246048
0.000244617
0.000244141
0.000243902
0.000246763
0.000248194
0.000246048
0.000240803
0.000241280
0.000240564
0.000240803
0.000219822
0.000220060
0.000246525
0.000164032
0.000241041
0.000241280
0.000228405
0.000246763
0.000239372
0.000238419
0.000239849
0.000248909
0.000250101
0.000249147
0.000223160
0.000246286
0.000240088
0.000246763
0.000247240
0.000245333
0.000242949
0.000219107
0.000247955
0.000248909
0.000241518
0.000239134
0.000248194
0.000236988
0.000250101
0.000223875
0.000242472
0.000245333
0.000248432
0.000159502
0.000237465
0.000243664
0.000251055
0.000239372
0.000246525
0.000246286
0.000242472
0.000244856
0.000245810
0.000246286
0.000247478
0.000239372
0.000247717
0.000246048
0.000243425
0.000249386
0.000239611
0.000239611
0.000245810
0.000245094
0.000246286
0.000245571
0.000245333
0.000244856
0.000245571
0.000245094
0.000244856
0.000246525
0.000250816
0.000160933
0.000249624
0.000246286
0.000242233
0.000244856
0.000247955
0.000247002
0.000247478
0.000238419
0.000239134
0.000249147
0.000249386
0.000250101
0.000239134
0.000244856
0.000240088
0.000245333
0.000246286
0.000243187
0.000245094
0.000245571
0.000237703
0.000237703
0.000238419
0.000244617
0.000252724
