0.012340784
0.001503706
0.001506567
0.001655102
0.001471043
0.001531601
0.001497746
0.001521111
0.001701355
0.001675129
0.001517057
0.001521826
0.001485586
0.001360655
0.001484394
0.001439095
0.001520634
0.001695871
0.001512527
0.001507759
0.001438618
0.001492262
0.001705170
0.001669407
0.001501322
0.001438856
0.001561642
0.001521587
0.001658201
0.001525879
0.001701832
0.001476049
0.001368999
0.001416683
0.001535416
0.001523495
0.001703501
0.001698017
0.001468182
0.001514435
0.001485109
0.002027988
0.001490831
0.001532555
0.001489162
0.001685381
0.001419306
0.001468897
0.011482716
0.001508713
0.001535416
0.001684666
0.001432419
0.001682997
0.001478672
0.001683712
0.001397371
0.001502037
0.001523256
0.001510382
0.001683950
0.001451492
0.001513004
0.001496792
0.001681328
0.001511812
0.001521111
0.001709223
0.001675606
0.001429081
0.001504898
0.001507521
0.001511335
0.001688957
0.001507759
0.001432419
0.001513004
0.001431704
0.001481771
0.001409531
0.001524448
0.012364864
0.001683712
0.001436234
0.001676798
0.001510859
0.001691341
0.001689672
0.001485586
0.001529694
0.001504660
0.001418114
0.001676321
0.001488209
0.001715183
0.001671553
0.001488447
0.001509666
0.001685143
0.001424551
0.001348734
0.001354694
0.001352787
0.001364946
0.001383066
0.001346350
0.001355886
0.001358747
0.001341581
0.001368523
0.001372576
0.001347780
0.001360416
0.001354694
0.001372576
0.001367807
0.001379728
0.001351357
0.001355171
0.001361847
0.001346350
0.001362801
0.001404047
0.001350641
0.001368761
0.001358747
0.001360655
0.001354694
0.001364231
0.001362801
0.001355410
0.001341581
0.001339436
0.001341105
0.001347542
0.001349926
0.001364470
0.001365185
0.001357317
0.001364708
0.001363277
0.001362324
0.001378536
0.001353979
0.001374960
0.001365185
0.001342535
0.001357794
0.001356363
0.001375198
0.001361370
0.001357555
0.001382828
0.001371145
0.001380444
0.001362801
0.001359463
0.001388788
0.001362562
0.001356602
0.001350641
0.001358032
0.001379013
0.001354456
0.001365185
0.001381159
0.001357794
0.001340628
0.001371622
0.001361847
0.001358747
0.001378298
0.001361609
0.001359463
0.001384497
0.001355648
0.001355171
0.001379490
0.001375437
0.001357555
0.001380205
0.001357555
0.001352787
0.001373291
0.001355410
0.001351357
0.001380682
0.001435518
0.001391172
0.001360178
0.001364946
0.001357079
0.001369953
0.001379967
0.001366854
0.001351357
0.001353025
0.001348734
0.001387119
0.001505613
0.001384258
0.001356840
0.001338959
0.001344204
0.001337767
0.001367569
0.001358032
0.001352310
0.001370668
0.001383781
0.001366615
0.001378536
0.001353264
0.001351595
0.001351595
0.001363516
0.001347303
0.001352310
0.001351118
0.001354933
0.001336336
0.001346350
0.001351118
0.001348734
0.001352072
0.001356125
0.001356840
0.001350880
0.001371384
0.001358271
0.001382828
0.001352787
0.001348734
0.001373291
0.001374245
0.001350403
0.001367569
0.001350880
0.001359701
0.001340151
0.001364231
0.001357317
0.001363277
0.001338720
0.001358747
0.001357555
0.001376390
0.001361370
0.001345873
0.001350880
0.001368046
0.001345873
0.001343966
0.001357317
0.001365662
0.001361609
0.001392603
0.001360655
0.001354694
0.001393795
0.001359701
0.001350880
0.001358032
0.001383066
0.001327038
0.001397371
0.001392603
0.001355410
0.001359701
0.001359224
0.001368761
0.001359940
0.001349926
0.001368761
0.001366615
0.001359463
0.001352549
0.001356840
0.001363754
0.001352310
0.001352787
0.001362801
0.001361609
0.001351833
0.001356840
0.001353979
0.001351833
0.001353741
0.001362085
0.001351595
0.001359701
0.001355171
0.001332521
0.001361132
0.001366854
0.001371145
0.001354694
0.001359940
0.001356840
0.001361609
0.001363754
0.001355886
0.001341105
0.001347542
0.001348019
0.001358271
0.001365423
0.001357317
0.001355410
0.001360178
0.001358747
0.001350403
0.001354694
0.001348257
0.001352072
0.001374960
0.001352310
0.001349688
0.001355171
0.001352072
0.001352787
0.001352072
0.001359463
0.001354933
0.001372337
0.001355171
0.001361132
0.001361370
0.001346827
0.001353264
0.001370668
0.001356125
0.001360893
0.001350880
0.001361847
0.001366854
0.001364231
0.001365423
0.001360416
0.001369715
0.001360655
0.001360178
0.001368523
0.001356363
0.001364470
0.001362562
0.001359940
0.001372576
0.001355648
0.001350164
0.001363039
0.001364470
0.001359224
0.001352072
0.001343250
0.001371861
0.001370430
0.001369476
0.001359463
0.001368284
0.001363516
0.001393080
0.001391172
0.001392126
0.001357079
0.001340389
0.001372337
0.001392841
0.001392841
0.001345396
0.001392126
0.001373768
0.001392365
0.001391172
0.001358986
0.001367807
0.001364708
0.001341105
0.001344204
0.001356363
0.001368761
0.001346588
0.001370430
0.001358747
0.001333714
0.001367092
0.001353979
0.001365900
0.001357317
0.001365662
0.001391172
0.001363039
0.001360893
0.001341105
0.001354218
0.001349926
0.001363754
0.001363516
0.001363039
0.001349926
0.001361847
0.001389265
0.001336575
0.001356363
0.001356125
0.001363277
0.001370192
0.001367092
0.001343966
0.001354456
0.001360655
0.001364470
0.001348495
0.001384020
0.001330376
0.001354456
0.001368761
0.001389265
0.001356840
0.001365662
0.001401663
0.001390934
0.001367092
0.001388311
0.001360416
0.001384735
0.001365185
0.001360893
0.001372814
0.001365900
0.001353741
0.001358747
0.001365662
0.001356602
0.001365185
0.001348257
0.001366138
0.001361847
0.001360416
0.001395464
0.001357555
0.001339197
0.001363039
0.001394272
0.001333237
0.001373291
0.001372576
0.001390457
0.001359463
0.001384497
0.001363516
0.001379013
0.001371384
0.001352787
0.001362562
0.001383781
0.001371384
0.001363993
0.001361132
0.001363039
0.001373053
0.001359940
0.001362324
0.001386642
0.001352072
0.001365185
0.001346111
0.001362324
0.001383543
0.001390457
0.001342297
0.001388311
0.001363516
0.001361132
0.001355648
0.001360178
0.001355648
0.001381874
0.001356840
0.001366615
0.001359701
0.001363516
0.001377106
0.001368284
0.001356840
0.001360416
0.001359940
0.001372337
0.001358986
0.001368999
0.001372576
0.001387596
0.001372337
0.001361847
0.001379728
0.001374960
0.001383305
0.001370907
0.001366854
0.001626492
