0.014303923
0.002947807
0.003462553
0.003430605
0.003488064
0.002948046
0.002934217
0.002916574
0.003416061
0.002974987
0.002963066
0.002983570
0.002972126
0.003538132
0.002845526
0.002965927
0.002918720
0.003031254
0.003425837
0.002959728
0.002689362
0.002967358
0.002838850
0.002919674
0.003034592
0.002681255
0.002893448
0.003465652
0.002867937
0.002941370
0.003436327
0.002938271
0.002938271
0.002850056
0.003008366
0.002810001
0.002972126
0.003472090
0.003439426
0.002939463
0.002985477
0.003438473
0.002883434
0.003462315
0.002949476
0.002864838
0.002936363
0.002907753
0.002975702
0.002989292
0.003458500
0.002881289
0.002951145
0.002939224
0.002940893
0.002978086
0.002864122
0.003506899
0.003399611
0.002955914
0.002863646
0.003421783
0.013336182
0.002916098
0.002973557
0.003430843
0.002911329
0.002924204
0.002918243
0.002843857
0.002910852
0.003001451
0.003445387
0.002839565
0.003456593
0.002946138
0.003024101
0.002937078
0.003440619
0.002940178
0.002867460
0.002932072
0.002828836
0.002914906
0.002666712
0.002911806
0.002964735
0.002856255
0.003456354
0.003432512
0.002955914
0.002839327
0.003435135
0.002946377
0.002919197
0.002940416
0.002680063
0.002822876
0.002946615
0.003479481
0.002878904
0.002696037
0.002673864
0.002669096
0.002681255
0.002727985
0.002691746
0.002682924
0.002701283
0.002690792
0.002691031
0.002693892
0.002674580
0.002684832
0.002671003
0.002754211
0.003289700
0.002755642
0.002668858
0.002678394
0.002666712
0.002668381
0.002665997
0.002666950
0.002686024
0.002676487
0.002654552
0.002685785
0.002666712
0.002659798
0.002665043
0.002653599
0.002683878
0.002669334
0.002687216
0.002661467
0.002668858
0.002661705
0.002640724
0.002684593
0.002666235
0.002658367
0.002659321
0.002655029
0.002663851
0.002664804
0.002677917
0.002678633
0.002679348
0.002691984
0.002676249
0.002700329
0.002667665
0.002706766
0.002681971
0.002679586
0.002676725
0.002693653
0.002684593
0.002697229
0.002651930
0.002707243
0.002669096
0.002663612
0.002680063
0.002686977
0.002670527
0.002683640
0.002680779
0.002689838
0.002674341
0.002679110
0.002697229
0.002671719
0.002680302
0.002686501
0.002663612
0.002681971
0.002678871
0.002672195
0.002694845
0.002666235
0.002680540
0.002700090
0.002675056
0.002693176
0.002673626
0.002691269
0.002671242
0.002658367
0.002661943
0.002688169
0.002665997
0.002691269
0.002671480
0.002679586
0.002683878
0.002679825
0.002723217
0.002694607
0.002685547
0.002686501
0.002689123
0.002683640
0.002672911
0.002675772
0.002701521
0.002678871
0.002694130
0.002668381
0.002684116
0.002702475
0.002666712
0.002697706
0.002652884
0.002681971
0.002733469
0.002676725
0.002936125
0.002676487
0.002684593
0.002661467
0.002663851
0.002683640
0.002664566
0.002680302
0.002680540
0.002682447
0.002692938
0.002673388
0.002691031
0.002685785
0.002718210
0.002687216
0.002667189
0.002702236
0.002673864
0.002681255
0.002727509
0.002671480
0.002699852
0.002688646
0.002658129
0.002683401
0.002654314
0.002703905
0.002701283
0.002675533
0.002663851
0.002660275
0.002686501
0.002693892
0.002664328
0.002683401
0.002670288
0.002677202
0.002663136
0.002667427
0.002733231
0.002672195
0.002688169
0.002671719
0.002667904
0.002679825
0.002660990
0.002692699
0.002690792
0.002689838
0.002664328
0.002672911
0.002701521
0.002718449
0.002659559
0.002714396
0.002667427
0.002716780
0.002691269
0.002686501
0.002684832
0.002686024
0.002686739
0.002700806
0.002688885
0.002695322
0.002683878
0.002672672
0.002701759
0.002671242
0.002696037
0.002682924
0.002688169
0.002700567
0.002687693
0.002695560
0.002670050
0.002672195
0.002700090
0.002671242
0.002700806
0.002701283
0.002695560
0.002685308
0.002703905
0.002712250
0.002705097
0.002681732
0.002701283
0.002717495
0.002692461
0.002700806
0.002674580
0.002678871
0.002698183
0.002680540
0.002708435
0.002671480
0.002712011
0.002736807
0.002715826
0.002696514
0.002660275
0.002688646
0.002672911
0.002689838
0.002722740
0.002680302
0.002691746
0.002697229
0.002674341
0.002702236
0.002699375
0.002702713
0.002686024
0.002695560
0.002725363
0.002685547
0.002694607
0.002694845
0.002691269
0.002685547
0.002668142
0.002674103
0.002705097
0.002665997
0.002689838
0.002687454
0.002702951
0.002700567
0.002705097
0.002694368
0.002682924
0.002669573
0.002685308
0.002680063
0.002687931
0.002730131
0.002673149
0.002678156
0.002671242
0.002679348
0.002706289
0.002717257
0.002708912
0.002675533
0.002693892
0.002692223
0.002683640
0.002721786
0.002694130
0.002668142
0.002675772
0.002682209
0.002696037
0.002688408
0.002680063
0.002686501
0.002702713
0.002681017
0.002713919
0.002687693
0.002692223
0.002669334
0.002721548
0.002696514
0.002692699
0.002699375
0.002681255
0.002677441
0.002687693
0.002687693
0.002710819
0.002676964
0.002681971
0.002688885
0.002679825
0.002706289
0.002678871
0.002687454
0.002691269
0.002660990
0.002705812
0.002692223
0.002691984
0.002707720
0.002682924
0.002710342
0.002688885
0.002701521
0.002692461
0.002673149
0.002723455
0.002717018
0.002678394
0.002716541
0.002672434
0.002685547
0.002682209
0.002686024
0.002692461
0.002683163
0.002711058
0.002697468
0.002675533
0.002703428
0.002696276
0.002693892
0.002689362
0.002684832
0.002722740
0.002698898
0.002684355
0.002703428
0.002680063
0.002673388
0.002757788
0.002685547
0.002687216
0.002666712
0.002681494
0.002695799
0.002694130
0.002718687
0.002675295
0.002683401
0.002690315
0.002680302
0.002699137
0.002681971
0.002696037
0.002693176
0.002699852
0.002700329
0.002705336
0.002717972
0.002693176
0.002682447
0.002705574
0.002707958
0.002675533
0.002694845
0.002666950
0.002693892
0.002706289
0.002665043
0.002685785
0.002671003
0.002696753
0.002708197
0.002697229
0.002681494
0.002657413
0.002676964
0.002695322
0.002677917
0.002688169
0.002680540
0.002671957
0.002708197
0.002665043
0.002688408
0.002714396
0.002672672
0.002702713
0.002672434
0.002703905
0.002688885
0.002698421
0.002691984
0.002666473
0.002655268
0.002686262
0.002674818
0.002682686
0.002666712
0.002671242
0.002707005
0.002661705
0.002665997
0.002673626
0.002964735
