0.085701466
0.000206470
0.000214815
0.000197887
0.000217438
0.000195742
0.000190735
0.000214577
0.000213623
0.000180960
0.000266790
0.000207186
0.000206232
0.000208378
0.000207901
0.000205278
0.000203371
0.000204325
0.000242710
0.000246048
0.000233412
0.000234127
0.000237226
0.000234842
0.000247955
0.000234604
0.000251293
0.000237942
0.000230074
0.000232220
0.000235796
0.000233173
0.000215530
0.000220776
0.000230789
0.000234604
0.000233412
0.000231981
0.000224113
0.000235796
0.000237226
0.000235081
0.000234127
0.000237703
0.000233173
0.000237226
0.000227213
0.000235796
0.000236511
0.000234365
0.000236511
0.000235319
0.000235081
0.000234365
0.000236273
0.000236273
0.000238180
0.000235558
0.000235081
0.000236988
0.000234604
0.000234842
0.000236034
0.000236988
0.000211954
0.000235081
0.000235558
0.000238895
0.000235319
0.000236511
0.000234127
0.000237465
0.000237703
0.000236034
0.000234842
0.000236511
0.000235081
0.000235081
0.000234127
0.000236034
0.000233412
0.000231504
0.000226259
0.000236511
0.000236988
0.000238657
0.000236750
0.000239372
0.000235558
0.000237226
0.000233889
0.000244379
0.000234842
0.000236988
0.000232697
0.000259399
0.000237942
0.000261545
0.000219345
0.000235796
0.000246525
0.000247002
0.000234842
0.000222445
0.000247478
0.000236988
0.000246525
0.000235081
0.000236750
0.000242710
0.000239134
0.000238180
0.000247478
0.000240088
0.000245571
0.000241518
0.000246286
0.000239849
0.000247478
0.000239611
0.000246525
0.000243902
0.000236511
0.000231504
0.000244379
0.000236273
0.000217438
0.000244379
0.000239849
0.000237942
0.000239611
0.000228167
0.000237703
0.000237465
0.000243902
0.000239134
0.000237465
0.000239372
0.000244141
0.000240564
0.000244856
0.000244856
0.000243902
0.000243902
0.000245810
0.000246763
0.000243664
0.000240088
0.000243664
0.000288248
0.000246525
0.000244617
0.000245810
0.000244617
0.000219345
0.000246525
0.000244141
0.000246286
0.000248909
0.000227928
0.000237703
0.000243902
0.000218153
0.000246763
0.000246286
0.000239849
0.000245094
0.000244379
0.000237942
0.000244379
0.000238657
0.000243187
0.000229120
0.000247240
0.000243664
0.000237465
0.000244617
0.000234127
0.000239372
0.000235796
0.000222206
0.000234604
0.000244856
0.000244617
0.000242233
0.000247717
0.000248194
0.000246048
0.000245810
0.000245094
0.000245094
0.000238419
0.000246286
0.000232697
0.000238657
0.000245094
0.000239849
0.000240326
0.000248194
0.000244141
0.000237703
0.000220776
0.000238657
0.000239372
0.000236273
0.000239372
0.000245333
0.000236034
0.000236273
0.000220299
0.000237703
0.000237465
0.000244617
0.000243664
0.000243902
0.000244379
0.000237703
0.000237465
0.000235558
0.000237942
0.000244379
0.000240564
0.000232697
0.000245333
0.000245571
0.000240326
0.000246763
0.000247002
0.000250101
0.000244617
0.000220776
0.000240088
0.000237226
0.000248432
0.000245571
0.000237703
0.000239849
0.000238657
0.000237703
0.000240326
0.000239372
0.000240803
0.000238657
0.000242233
0.000232935
0.000244141
0.000237942
0.000248909
0.000242472
0.000235558
0.000237465
0.000239611
0.000230074
0.000237226
0.000245333
0.000237226
0.000253201
0.000245810
0.000240088
0.000237942
0.000234842
0.000228882
0.000237465
0.000235558
0.000238657
0.000237703
0.000228882
0.000237942
0.000239134
0.000238419
0.000240564
0.000228167
0.000244856
0.000238419
0.000244141
0.000237226
0.000237703
0.000238657
0.000239134
0.000237703
0.000238657
0.000227213
0.000216246
0.000239372
0.000237942
0.000239134
0.000227451
0.000262022
0.000235081
0.000236988
0.000247240
0.000238180
0.000238657
0.000247002
0.000223160
0.000237465
0.000243425
0.000246048
0.000246048
0.000231266
0.000237703
0.000245571
0.000238657
0.000247478
0.000241280
0.000242949
0.000236988
0.000237226
0.000246048
0.000244379
0.000239372
0.000244856
0.000257730
0.000247478
0.000243664
0.000247717
0.000247478
0.000245810
0.000244379
0.000240564
0.000246286
0.000238895
0.000236511
0.000241995
0.000239611
0.000218630
0.000239849
0.000236750
0.000237226
0.000239849
0.000219345
0.000240326
0.000238419
0.000240088
0.000245333
0.000244617
0.000244379
0.000246048
0.000235558
0.000237942
0.000243425
0.000235319
0.000237703
0.000217438
0.000238180
0.000236034
0.000235796
0.000236273
0.000239611
0.000244379
0.000245094
0.000240564
0.000236034
0.000236988
0.000236273
0.000235558
0.000236988
0.000236750
0.000235796
0.000238895
0.000237226
0.000232697
0.000237226
0.000246048
0.000237226
0.000235558
0.000247002
0.000234842
0.000235319
0.000246525
0.000243902
0.000236034
0.000239372
0.000218868
0.000236034
0.000248194
0.000233412
0.000244856
0.000235319
0.000218391
0.000242710
0.000236988
0.000237465
0.000238419
0.000237942
0.000237226
0.000239372
0.000235081
0.000247955
0.000243187
0.000245810
0.000245571
0.000237942
0.000245571
0.000241995
0.000244379
0.000243425
0.000247002
0.000259399
0.000241280
0.000239134
0.000244379
0.000236511
0.000233650
0.000236988
0.000215292
0.000239134
0.000245094
0.000238657
0.000244856
0.000243187
0.000253201
0.000228405
0.000243902
0.000238419
0.000244379
0.000235796
0.000221968
0.000219584
0.000221491
0.000254393
0.000234604
0.000236988
0.000236273
0.000230789
0.000237942
0.000233412
0.000237942
0.000237942
0.000236750
0.000240803
0.000236750
0.000237465
0.000237942
0.000236511
0.000238895
0.000235319
0.000238180
0.000240088
0.000216722
0.000247002
0.000235081
0.000238657
0.000237942
0.000216722
0.000238180
0.000234604
0.000237942
0.000236034
0.000227451
0.000242472
0.000240326
0.000237465
0.000241041
0.000245094
0.000247002
0.000243902
0.000242710
0.000243902
0.000221968
0.000244141
0.000233173
0.000237465
0.000243425
0.000224829
0.000238419
0.000242710
0.000214815
0.000236511
0.000240803
0.000237703
0.000236273
0.000242472
0.000239372
0.000228643
0.000235081
0.000243664
0.000236273
0.000245571
0.000252485
0.000242710
0.000241280
0.000237942
0.000234604
0.000241518
0.000247002
0.000236034
0.000236988
0.000237942
0.000227690
0.000239134
0.000235558
0.000222445
0.000237703
0.000239611
0.000236034
0.000237703
0.000228643
0.000242949
0.000228405
