0.000297546
0.000405312
0.000320196
0.000322104
0.000318289
0.000315666
0.000322342
0.000400305
0.000317574
0.000318050
0.000319004
0.000400066
0.000319481
0.000335693
0.000321627
0.000309467
0.000313044
0.000364780
0.000314236
0.000320673
0.000318289
0.000316143
0.000400305
0.000319004
0.000318527
0.000323057
0.000315666
0.000333786
0.000305891
0.000312805
0.000397921
0.000319242
0.000319242
0.000319958
0.000404358
0.000320673
0.000320911
0.000320196
0.000402927
0.000313759
0.000321627
0.000357151
0.000317097
0.000320911
0.000401258
0.000318527
0.000324011
0.000320673
0.000318766
0.000319242
0.000308037
0.000315905
0.000397444
0.000320673
0.000321150
0.000336885
0.000401258
0.000319481
0.000318527
0.000320435
0.000318527
0.000319719
0.000319004
0.000316858
0.000392914
0.000325203
0.000319958
0.000318289
0.000321150
0.000409603
0.000322819
0.000319481
0.000315905
0.000310898
0.000391960
0.000291824
0.000314713
0.000328302
0.000318050
0.000320673
0.000318527
0.000319242
0.000396967
0.000318050
0.000322580
0.000318050
0.000317812
0.000321388
0.000395060
0.000302553
0.000322580
0.000324488
0.000322342
0.000322580
0.000399113
0.000316858
0.000323296
0.000319719
0.000336409
0.000315905
0.000319719
0.000317812
0.000313997
0.000319242
0.000314951
0.000316620
0.000314951
0.000321627
0.000317335
0.000298977
0.000337601
0.000305414
0.000312567
0.000324488
0.000312567
0.000316381
0.000311852
0.000312090
0.000312090
0.000316858
0.000333071
0.000317574
0.000313997
0.000316620
0.000315189
0.000314474
0.000314236
0.000312567
0.000324011
0.000311613
0.000313997
0.000296116
0.000306368
0.000311136
0.000315666
0.000314951
0.000312090
0.000314236
0.000316858
0.000316143
0.000301123
0.000315905
0.000320911
0.000329971
0.000326395
0.000317335
0.000310183
0.000316858
0.000310659
0.000313759
0.000313282
0.000317335
0.000317574
0.000316143
0.000315428
0.000313997
0.000315905
0.000315666
0.000332594
0.000309467
0.000304461
0.000316620
0.000314474
0.000319242
0.000314951
0.000322104
0.000316620
0.000313759
0.000315189
0.000315428
0.000318527
0.000314951
0.000317574
0.000330210
0.000315666
0.000312090
0.000317097
0.000314474
0.000320911
0.000320196
0.000314713
0.000311852
0.000315666
0.000317097
0.000309229
0.000322580
0.000317097
0.000324011
0.000315428
0.000334024
0.000309467
0.000308037
0.000309944
0.000311613
0.000316143
0.000317335
0.000304222
0.000315666
0.000317097
0.000315428
0.000313520
0.000314474
0.000315189
0.000315189
0.000324726
0.000301838
0.000312805
0.000318527
0.000309944
0.000315189
0.000314236
0.000318766
0.000313044
0.000318050
0.000303745
0.000316143
0.000313520
0.000316858
0.000314951
0.000325918
0.000313044
0.000317097
0.000314951
0.000300169
0.000314236
0.000315666
0.000316381
0.000317574
0.000312805
0.000316620
0.000313520
0.000315905
0.000323534
0.000316620
0.000325680
0.000318527
0.000313997
0.000316143
0.000312328
0.000317574
0.000315428
0.000323772
0.000313282
0.000316381
0.000313997
0.000316620
0.000311136
0.000313282
0.000312090
0.000317097
0.000312328
0.000308752
0.000308037
0.000310421
0.000312328
0.000311613
0.000299454
0.000319958
0.000312805
0.000318050
0.000316858
0.000316620
0.000313759
0.000315905
0.000328064
0.000329018
0.000319242
0.000316620
0.000316381
0.000316620
0.000316858
0.000317574
0.000312805
0.000319719
0.000314951
0.000305891
0.000312328
0.000317097
0.000318289
0.000317812
0.000331163
0.000311852
0.000319719
0.000318050
0.000326157
0.000318766
0.000317812
0.000317812
0.000316381
0.000313520
0.000313997
0.000318289
0.000314236
0.000303745
0.000314236
0.000325680
0.000316381
0.000315428
0.000316620
0.000328302
0.000305891
0.000333071
0.000334501
0.000304222
0.000307322
0.000320435
0.000309706
0.000313520
0.000314236
0.000312805
0.000325441
0.000304461
0.000304937
0.000314236
0.000313520
0.000316620
0.000312567
0.000313282
0.000313997
0.000314951
0.000315666
0.000317812
0.000324726
0.000315189
0.000319004
0.000334740
0.000313282
0.000315905
0.000316143
0.000343800
0.000307560
0.000318050
0.000312328
0.000315905
0.000314236
0.000317574
0.000314236
0.000318050
0.000315666
0.000316620
0.000329018
0.000314236
0.000317335
0.000317812
0.000317097
0.000315428
0.000305653
0.000297546
0.000323057
0.000316858
0.000303030
0.000312805
0.000318527
0.000314951
0.000313759
0.000317574
0.000321865
0.000310898
0.000314713
0.000314474
0.000319242
0.000319481
0.000315905
0.000314474
0.000316143
0.000317335
0.000317335
0.000316620
0.000313282
0.000316858
0.000300169
0.000327110
0.000307798
0.000308514
0.000313997
0.000309229
0.000308275
0.000313044
0.000310183
0.000309467
0.000312567
0.000312328
0.000315905
0.000311852
0.000312328
0.000322104
0.000315428
0.000315189
0.000315189
0.000312090
0.000303507
0.000312805
0.000314951
0.000319004
0.000316143
0.000330687
0.000318050
0.000314236
0.000307798
0.000316143
0.000311136
0.000317812
0.000313759
0.000313044
0.000313997
0.000314951
0.000324726
0.000315189
0.000314713
0.000317097
0.000312805
0.000317574
0.000313759
0.000312328
0.000313997
0.000324249
0.000316143
0.000317335
0.000317097
0.000314713
0.000310898
0.000322104
0.000313044
0.000317812
0.000310898
0.000320435
0.000318050
0.000314474
0.000318050
0.000314713
0.000313282
0.000318527
0.000314474
0.000314713
0.000324011
0.000307798
0.000310421
0.000310183
0.000318766
0.000312328
0.000309229
0.000316620
0.000315666
0.000304937
0.000313997
0.000326633
0.000322104
0.000317097
0.000311375
0.000316381
0.000314474
0.000317812
0.000310659
0.000308514
0.000312805
0.000324965
0.000322104
0.000314713
0.000305176
0.000312805
0.000317097
0.000321627
0.000319958
0.000317335
0.000317097
0.000330210
0.000329018
0.000310898
0.000311136
0.000313044
0.000311613
0.000317812
0.000316858
0.000314713
0.000301361
0.000312567
0.000312328
0.000315189
0.000314713
0.000307083
0.000313520
0.000313282
0.000307322
0.000295639
0.000311613
0.000323772
0.000314474
0.000313997
0.000319958
0.000315666
0.000314474
0.000311375
0.000300884
0.000320673
0.000319958
0.000314713
0.000313520
0.000313282
0.000323296
0.000314236
0.000322342
0.000315189
0.000307322
0.000320911
0.000315428
0.000326395
0.000315666
0.000320911
0.000311852
0.000318050
0.000315428
0.000318527
0.000319719
0.000314236
0.000316620
0.000321627
0.000311375
0.000317812
0.000318766
0.000313997
0.000318766
0.000314713
0.000315428
0.000316858
0.000315189
0.000306606
0.000314474
0.000315666
0.000312805
0.000314474
0.000330210
0.000315666
0.000316143
0.000313997
0.000313282
0.000311852
0.000317097
0.000311136
0.000316381
0.000318050
0.000317097
0.000313997
0.000317097
0.000318289
0.000310659
0.000308037
0.000317097
0.000318050
0.000314951
0.000316858
0.000314713
0.000313282
0.000310659
0.000316620
0.000317574
0.000316143
0.000315666
0.000315189
0.000308752
0.000313759
0.000312328
0.000316858
0.000311852
0.000317335
0.000316143
0.000306368
0.000316858
0.000316620
0.000312805
0.000316143
0.000311852
0.000315666
0.000311852
0.000304222
0.000312805
0.000319481
0.000314951
0.000315905
0.000302076
0.000313520
0.000312567
0.000315428
0.000312090
0.000316143
0.000311613
0.000313997
0.000309944
0.000312328
0.000318766
0.000315189
0.000315428
0.000303268
0.000311852
0.000313520
0.000316143
0.000319242
0.000301361
0.000314474
0.000308514
0.000328541
0.000313997
0.000316620
0.000313282
0.000315428
0.000315428
0.000315905
0.000312090
0.000319719
0.000312090
0.000311136
0.000314474
0.000315189
0.000312567
0.000313282
0.000307083
0.000315189
0.000313997
0.000314474
0.000314713
0.000317335
0.000313520
0.000315189
0.000310898
0.000316858
0.000311852
0.000301838
0.000312567
0.000325441
0.000313997
0.000298977
0.000313997
0.000318050
0.000324965
0.000318289
0.000330210
0.000317097
0.000319481
0.000323772
0.000315666
0.000318050
0.000317097
0.000317097
0.000318289
0.000314474
0.000313759
0.000317812
0.000297308
0.000313044
0.000306129
0.000306606
0.000306368
0.000310183
0.000307322
0.000333309
0.000337362
0.000347137
0.000341654
0.000357151
0.000314236
0.000313759
0.000311136
0.000313520
0.000324011
0.000320196
0.000316620
0.000299215
0.000313282
0.000301600
0.000314713
0.000315666
0.000318527
0.000313044
0.000312805
0.000316620
0.000313520
0.000318766
0.000310898
0.000317812
0.000314474
0.000313520
0.000303268
0.000316620
0.000312328
0.000317574
0.000315905
0.000300169
0.000313520
0.000312567
0.000316143
0.000313759
0.000300646
0.000311136
0.000316143
0.000314951
0.000315905
0.000307560
0.000315189
0.000319242
0.000318527
0.000319719
0.000302553
0.000314236
0.000311375
0.000315189
0.000316381
0.000317812
0.000315189
0.000317097
0.000314951
0.000316858
0.000312090
0.000312090
0.000315428
0.000310659
0.000311375
0.000314951
0.000313520
0.000313044
0.000319004
0.000309467
0.000312805
0.000311375
0.000313759
0.000316858
0.000319242
0.000315428
0.000313044
0.000318766
0.000312328
0.000312567
0.000314474
0.000318050
0.000315189
0.000316858
0.000312805
0.000319719
0.000311375
0.000317097
0.000311375
0.000314236
0.000311613
0.000317812
0.000318050
0.000315189
0.000313759
0.000321627
0.000298023
0.000320911
0.000320196
0.000314951
0.000317335
0.000312567
0.000313997
0.000316858
0.000308514
0.000315189
0.000319481
0.000317335
0.000316620
0.000315666
0.000313997
0.000313282
0.000313520
0.000316143
0.000317335
0.000320196
0.000312567
0.000316620
0.000316858
0.000318050
0.000314951
0.000313282
0.000309944
0.000317812
0.000314713
0.000311852
0.000315428
0.000310659
0.000318527
0.000319481
0.000319481
0.000314713
0.000317335
0.000319242
0.000314713
0.000313759
0.000316620
0.000300646
0.000312328
0.000315428
0.000318050
0.000314951
0.000319958
0.000313997
0.000316858
0.000325918
0.000316381
0.000319242
0.000315666
0.000318050
0.000316620
0.000319481
0.000313520
0.000312090
0.000313759
0.000318766
0.000314474
0.000313044
0.000312090
0.000317335
0.000317097
0.000313997
0.000313044
0.000316858
0.000312567
0.000324488
0.000315189
0.000318766
0.000318050
0.000317812
0.000311375
0.000315666
0.000314474
0.000316381
0.000315189
0.000321388
0.000317097
0.000319242
0.000314236
0.000320435
0.000314951
0.000319719
0.000315905
0.000315189
0.000319242
0.000318527
0.000313044
0.000315428
0.000321865
0.000317335
0.000315666
0.000317335
0.000312567
0.000314474
0.000318527
0.000324488
0.000315666
0.000311375
0.000317574
0.000319719
0.000314951
0.000313997
0.000314236
0.000321865
0.000315905
0.000313997
0.000314236
0.000316143
0.000306845
0.000316143
0.000317335
0.000316143
0.000319242
0.000313044
0.000315905
0.000314713
0.000309229
0.000313282
0.000310659
0.000316381
0.000314474
0.000308752
0.000315189
0.000288725
0.000289440
0.000283718
0.000257254
0.000267029
0.000342607
0.000319719
0.000311852
0.000314951
0.000315189
0.000313759
0.000313282
0.000321865
0.000316143
0.000313997
0.000318766
0.000314236
0.000316858
0.000316620
0.000315905
0.000315666
0.000304937
0.000306845
0.000299931
0.000313997
0.000316858
0.000317574
0.000312090
0.000313759
0.000314236
0.000318766
0.000315666
0.000315666
0.000310659
0.000320911
0.000307083
0.000302076
0.000317097
0.000315189
0.000317335
0.000313282
0.000305891
0.000317097
0.000313759
0.000313044
0.000319242
0.000312805
0.000313520
0.000313759
0.000313282
0.000317812
0.000315189
0.000315428
0.000313997
0.000313520
0.000314236
0.000318050
0.000314474
0.000317574
0.000302553
0.000316858
0.000312567
0.000320911
0.000321150
0.000311375
0.000303030
0.000315905
0.000312805
0.000315905
0.000312567
0.000318766
0.000312328
0.000319481
0.000313282
0.000316381
0.000313520
0.000316381
0.000309229
0.000318050
0.000313044
0.000317097
0.000315428
0.000309467
0.000316620
0.000311852
0.000313520
0.000316858
0.000327110
0.000321627
0.000318289
0.000316381
0.000315428
0.000316858
0.000319242
0.000320673
0.000316620
0.000315428
0.000315189
0.000318527
0.000316143
0.000318050
0.000316381
0.000312805
0.000313044
0.000313282
0.000316858
0.000337601
0.000320435
0.000317812
0.000313282
0.000310898
0.000316858
0.000320435
0.000315905
0.000319004
0.000317812
0.000317335
0.000314236
0.000319242
0.000317574
0.000313997
0.000313044
0.000311375
0.000313997
0.000315905
0.000316143
