0.000486374
0.000510693
0.000417709
0.000504494
0.000405073
0.000413895
0.000408888
0.000411272
0.000382185
0.000510931
0.000434399
0.000534296
0.000412464
0.000414610
0.000411034
0.000351667
0.000398874
0.000476122
0.000385523
0.000426531
0.000395775
0.000410557
0.000396013
0.000503063
0.000408888
0.000413656
0.000408649
0.000492573
0.000409365
0.000406504
0.000503540
0.000413418
0.000411749
0.000495672
0.000410795
0.000406504
0.000376225
0.000402927
0.000493050
0.000401020
0.000399828
0.000494242
0.000397682
0.000405073
0.000397444
0.000401974
0.000484467
0.000403881
0.000397682
0.000468969
0.000404835
0.000366211
0.000352144
0.000359535
0.000403404
0.000500679
0.000401258
0.000516415
0.000402927
0.000404596
0.000406742
0.000404596
0.000490189
0.000405073
0.000400782
0.000467300
0.000401258
0.000395298
0.000404596
0.000393867
0.000503540
0.000386477
0.000495911
0.000402451
0.000400305
0.000400543
0.000495195
0.000409603
0.000406504
0.000406504
0.000512838
0.000407457
0.000404835
0.000492334
0.000381470
0.000398636
0.000402927
0.000499249
0.000378609
0.000402212
0.000403404
0.000464439
0.000392914
0.000391960
0.000495434
0.000399351
0.000401735
0.000403166
0.000403643
0.000494957
0.000411510
0.000369072
0.000392914
0.000378132
0.000387669
0.000383377
0.000392437
0.000366926
0.000390768
0.000388145
0.000391245
0.000386953
0.000390768
0.000360250
0.000356674
0.000365734
0.000389814
0.000398159
0.000386000
0.000359535
