0.011642456
0.000941277
0.001007080
0.000868797
0.000999451
0.000897646
0.001021385
0.000881672
0.001025677
0.001024246
0.001027107
0.000888824
0.000961542
0.000905037
0.001020432
0.001020908
0.000866413
0.001046896
0.001036882
0.001020908
0.000879049
0.000895500
0.001042843
0.000888824
0.001005650
0.001063824
0.001043558
0.000909328
0.001039505
0.000905514
0.000896215
0.000902891
0.001026869
0.001045227
0.001039267
0.000903368
0.000896215
0.001040220
0.001059055
0.001047611
0.001046658
0.000907183
0.001042604
0.000912428
0.000876188
0.000917912
0.000907660
0.001028538
0.001047134
0.000891924
0.001045704
0.000883102
0.001074076
0.000860929
0.000907421
0.001025915
0.001020432
0.000896454
0.000872850
0.000878096
0.001022339
0.001022339
0.000846386
0.001015186
0.000914097
0.001032829
0.000885963
0.000875235
0.001029015
0.000876188
0.001023531
0.001022339
0.000848055
0.001017570
0.000871658
0.000874758
0.001024008
0.000885725
0.000881433
0.001034975
0.001036882
0.001008987
0.000923634
0.000893593
0.000880480
0.001022100
0.000898838
0.001003265
0.000890255
0.000880718
0.000997782
0.001026154
0.001029253
0.000902414
0.000996828
0.000847578
0.000871658
0.000889301
0.001029253
0.000903368
0.001047850
0.000848055
0.000853062
0.000852585
0.000856400
0.000837564
0.000849724
0.000862360
0.000878811
0.000853300
0.000847101
0.000849485
0.000840664
0.000849724
0.000837564
0.000863791
0.000859976
0.000839710
0.000829458
0.000889778
