0.000249147
0.000231028
0.000266075
0.000246525
0.000256538
0.000308275
0.000246525
0.000244141
0.000257254
0.000246763
0.000247717
0.000248194
0.000233173
0.000245571
0.000246525
0.000242233
0.000242949
0.000243902
0.000244141
0.000236511
0.000246763
0.000250340
0.000245571
0.000247478
0.000245333
0.000246763
0.000259161
0.000244617
0.000236511
0.000246763
0.000242472
0.000246525
0.000239849
0.000245094
0.000231743
0.000233412
0.000239372
0.000258207
0.000246286
0.000239611
0.000247240
0.000246763
0.000246048
0.000247478
0.000237942
0.000246525
0.000240326
0.000247955
0.000244617
0.000233889
0.000264883
0.000248671
0.000247955
0.000247717
0.000247478
0.000243664
0.000245810
0.000242949
0.000249147
0.000244617
0.000245333
0.000246525
0.000246763
0.000244379
0.000256538
0.000241041
0.000249147
0.000240088
0.000240803
0.000234127
0.000246525
0.000247002
0.000247240
0.000244141
0.000247002
0.000306368
0.000248671
0.000244856
0.000247240
0.000241518
0.000250578
0.000240803
0.000251532
0.000246525
0.000243425
0.000248432
0.000235558
0.000248194
0.000250101
0.000250816
0.000250578
0.000247240
0.000249147
0.000253201
0.000267744
0.000262737
0.000260830
0.000266552
0.000264645
0.000273705
0.000263929
0.000257969
0.000251532
0.000262499
0.000262499
0.000259399
0.000257492
0.000257254
0.000262022
0.000260592
0.000260353
0.000257254
0.000262499
0.000258684
0.000261307
0.000259399
0.000282764
0.000263691
0.000262976
0.000265837
