0.000356674
0.000317574
0.000320435
0.000396729
0.000319004
0.000325680
0.000323534
0.000330448
0.000371456
0.000319958
0.000313520
0.000318527
0.000319958
0.000318289
0.000321388
0.000401735
0.000318766
0.000322819
0.000322580
0.000305414
0.000321150
0.000423670
0.000312090
0.000315428
0.000310183
0.000359535
0.000395298
0.000327349
0.000309229
0.000308275
0.000313044
0.000312567
0.000329256
0.000391245
0.000318050
0.000321865
0.000307322
0.000312805
0.000310898
0.000313044
0.000384092
0.000310898
0.000352859
0.000357628
0.000321865
0.000317335
0.000394821
0.000323057
0.000323057
0.000331163
0.000339031
0.000320196
0.000399351
0.000312328
0.000321150
0.000334978
0.000400305
0.000317574
0.000321150
0.000328779
0.000316858
0.000320435
0.000323534
0.000399590
0.000330687
0.000312805
0.000298023
0.000387907
0.000312567
0.000325441
0.000323057
0.000321627
0.000395298
0.000322580
0.000320435
0.000319958
0.000321627
0.000321150
0.000336885
0.000380754
0.000320911
0.000317335
0.000318527
0.000324011
0.000319719
0.000324011
0.000321388
0.000395060
0.000321627
0.000322580
0.000324011
0.000320196
0.000331163
0.000319481
0.000401020
0.000322342
0.000319719
0.000395775
0.000321150
0.000318050
0.000320196
0.000316381
0.000315905
0.000315428
0.000315666
0.000314951
0.000329018
0.000318050
0.000316858
0.000313044
0.000316620
0.000317812
0.000320673
0.000322819
0.000307798
0.000301838
0.000348091
0.000304699
0.000305653
0.000325441
