0.016700983
0.007665396
0.007470846
0.007531166
0.006406784
0.006555080
0.007662296
0.007660151
0.007539272
0.006623983
0.007611990
0.006529570
0.006634951
0.006606102
0.006697893
0.007594347
0.007580519
0.006910324
0.007638693
0.007621050
0.006561518
0.006582975
0.008509398
0.006598473
0.007627964
0.006677151
0.007658958
0.007556915
0.006481409
0.006506443
0.007738113
0.006632090
0.006583691
0.007634640
0.007631540
0.006489038
0.006475449
0.007606506
0.006463766
0.006432056
0.007694244
0.006639004
0.007660151
0.007546902
0.006688356
0.007586479
0.006950140
0.008519173
0.007472515
0.007407904
0.008512259
0.007548571
0.008511305
0.008559942
0.008582830
0.008520842
0.007436514
0.007405996
0.008513451
0.008508205
0.007387638
0.007508755
0.008450270
0.007599831
0.007405758
0.007551432
0.008513212
0.008445263
0.007504702
0.008452415
0.007462263
0.008603334
0.008540392
0.007346392
0.008390188
0.007375479
0.007389545
0.007612705
0.006769896
0.008514166
0.007414818
0.011901855
0.006576538
0.006490707
0.007679701
0.006455660
0.006410837
0.007436514
0.007487535
0.006672621
0.006473541
0.007589817
0.006485224
0.007519484
0.006636620
0.007561207
0.007548094
0.007501125
0.006473064
0.006572723
0.007501841
0.006027222
0.006680727
0.005891323
0.006008148
0.005917311
0.005923271
0.006457806
0.005875111
0.006038904
0.005915403
0.005913258
0.006544828
0.005985260
0.005998850
0.006019592
0.005877733
0.006651163
0.006021500
0.006021500
