0.000253677
0.000262499
0.000252008
0.000260830
0.000253677
0.000261068
0.000261545
0.000254393
0.000245571
0.000262022
0.000254154
0.000253439
0.000263453
0.000262260
0.000261784
0.000261307
0.000258207
0.000260592
0.000255585
0.000260353
0.000263214
0.000264168
0.000260115
0.000261307
0.000262260
0.000259161
0.000247717
0.000252008
0.000257969
0.000262260
0.000259399
0.000262022
0.000259161
0.000262260
0.000258207
0.000240564
0.000242472
0.000245810
0.000239611
0.000239849
0.000242472
0.000247478
0.000258446
0.000245810
0.000250340
0.000239849
0.000246763
0.000261784
0.000249624
0.000247002
0.000247717
0.000247478
0.000248671
0.000248671
0.000249386
0.000247240
0.000254869
0.000246525
0.000245571
0.000249386
0.000246286
0.000234604
0.000246286
0.000245571
0.000246286
0.000255108
0.000246048
0.000248432
0.000243902
0.000247002
0.000247717
0.000246763
0.000254631
0.000247240
0.000246048
0.000247717
0.000247955
0.000244856
0.000257254
0.000248909
0.000247240
0.000258923
0.000262976
0.000252962
0.000248909
0.000249863
0.000250101
0.000247002
0.000249624
0.000250578
0.000238180
0.000247240
0.000265360
0.000255823
0.000249147
0.000249386
0.000248671
0.000245094
0.000248671
0.000245810
0.000246525
0.000245571
0.000244856
0.000242233
0.000235319
0.000236750
0.000244617
0.000244856
0.000236034
0.000249147
0.000244856
0.000244141
0.000243425
0.000244617
0.000233412
0.000242472
0.000241518
0.000247955
0.000243425
0.000246525
