0.000266552
0.000341415
0.000275135
0.000276327
0.000281811
0.000282049
0.000281811
0.000281334
0.000311136
0.000280619
0.000280857
0.000290155
0.000282288
0.000269175
0.000267744
0.000271320
0.000275850
0.000267982
0.000344515
0.000285864
0.000272274
0.000271320
0.000270605
0.000272751
0.000275612
0.000272512
0.000273466
0.000273466
0.000275373
0.000274420
0.000272989
0.000275612
0.000277996
0.000268698
0.000263929
0.000342846
0.000275612
0.000257015
0.000273705
0.000274181
0.000275373
0.000275373
0.000274420
0.000276804
0.000278711
0.000263453
0.000274658
0.000275850
0.000282049
0.000273228
0.000283003
0.000283718
0.000338554
0.000268936
0.000269413
0.000270605
0.000274181
0.000281334
0.000272036
0.000273705
0.000274658
0.000271082
0.000275373
0.000273705
0.000273466
0.000274181
0.000291109
0.000273705
0.000274658
0.000338078
0.000274658
0.000272274
0.000275373
0.000273705
0.000274181
0.000254631
0.000262976
0.000279427
0.000275612
0.000276566
0.000279903
0.000283241
0.000275373
0.000276804
0.000339508
0.000278473
0.000289440
0.000279427
0.000278473
0.000277042
0.000277519
0.000280142
0.000277996
0.000279665
0.000281096
0.000279188
0.000281096
0.000296831
0.000281096
0.000277758
0.000279427
0.000275850
0.000275373
0.000276804
0.000274658
0.000272751
0.000273943
0.000275373
0.000273943
0.000275373
0.000277519
0.000267029
0.000275373
0.000285387
0.000274897
0.000270605
0.000274420
0.000274658
0.000274181
0.000280619
