0.000261784
0.000262976
0.000262499
0.000313044
0.000260592
0.000277281
0.000260115
0.000261784
0.000251293
0.000247240
0.000270605
0.000249386
0.000250101
0.000248671
0.000247240
0.000271320
0.000249147
0.000247002
0.000259399
0.000242710
0.000274181
0.000255823
0.000247955
0.000249386
0.000250101
0.000236750
0.000247955
0.000248909
0.000251293
0.000248671
0.000241995
0.000248671
0.000257015
0.000249147
0.000257969
0.000237703
0.000247717
0.000248432
0.000249624
0.000250340
0.000237942
0.000251770
0.000249147
0.000249386
0.000247478
0.000234604
0.000251532
0.000248194
0.000244617
0.000250578
0.000240088
0.000251532
0.000247717
0.000243664
0.000250340
0.000247478
0.000246763
0.000248194
0.000250101
0.000249863
0.000231266
0.000242949
0.000241518
0.000241041
0.000254154
0.000237703
0.000247002
0.000246286
0.000250340
0.000247478
0.000248194
0.000247240
0.000257254
0.000239134
0.000247240
0.000263214
0.000246525
0.000249863
0.000248432
0.000250816
0.000267029
0.000249863
0.000227690
0.000251293
0.000250101
0.000266314
0.000250578
0.000248194
0.000246525
0.000248671
0.000264168
0.000241280
0.000247478
0.000250101
0.000249386
0.000248194
0.000245094
0.000249863
0.000249386
0.000248432
0.000274420
0.000247240
0.000255346
0.000260353
0.000260830
0.000263929
0.000263929
0.000262260
0.000258446
0.000295162
0.000258207
0.000254154
0.000260353
0.000262737
0.000258207
0.000257730
0.000258446
0.000258923
0.000259399
0.000245571
