0.013228416
0.001676083
0.001719236
0.001725197
0.001463890
0.001716614
0.001717806
0.001464844
0.001736879
0.001459122
0.001456499
0.001462698
0.001721621
0.001726866
0.001701117
0.001461267
0.001718283
0.001471043
0.001722813
0.001451731
0.001724720
0.001466751
0.001741886
0.001716852
0.001447916
0.001722336
0.001456738
0.001479387
0.001469612
0.001736879
0.001461267
0.001770258
0.001728058
0.001724243
0.001458883
0.001736641
0.001507044
0.001730680
0.001452684
0.001724958
0.001742363
0.001710892
0.001721621
0.001469612
0.001480579
0.001724005
0.001451254
0.001473665
0.001742601
0.001744747
0.001724482
0.001468182
0.001567364
0.001737595
0.001473188
0.001456976
0.001711845
0.001598120
0.011912823
0.001456261
0.001463652
0.001461506
0.001889706
0.001551390
0.001473188
0.001724958
0.001482010
0.001839399
0.001739025
0.001472950
0.001728535
0.001503468
0.001744986
0.001453876
0.001735687
0.001732111
0.001489639
0.001485586
0.001402378
0.001467228
0.001717329
0.001766205
0.001520157
0.001489401
0.001737595
0.001497269
0.001769066
0.001716852
0.001450300
0.001476765
0.001500130
0.001756907
0.001455069
0.001766205
0.001847744
0.001756668
0.001722574
0.001470327
0.001399040
0.001767397
0.001484394
0.001402855
0.001419783
0.001412392
0.001416445
0.001440287
0.001420975
0.001408815
0.001397371
0.001410007
0.001392841
0.001447439
0.001442194
0.001422167
0.001410007
0.001408339
0.001407385
0.001442671
0.001420736
0.001416683
