0.000221729
0.000236034
0.000242949
0.000243664
0.000241995
0.000245810
0.000243425
0.000246048
0.000238895
0.000245333
0.000241756
0.000241756
0.000242710
0.000243664
0.000243902
0.000243425
0.000243902
0.000249624
0.000242949
0.000244379
0.000244141
0.000244856
0.000243664
0.000248432
0.000245333
0.000246763
0.000240088
0.000241756
0.000246525
0.000248432
0.000247478
0.000245571
0.000243664
0.000246286
0.000248194
0.000251532
0.000247717
0.000246048
0.000262499
0.000246048
0.000257730
0.000247717
0.000244856
0.000246763
0.000245571
0.000283241
0.000260830
0.000260592
0.000258923
0.000265121
0.000268459
0.000267982
0.000265121
0.000292301
0.000278473
0.000258923
0.000280142
0.000261545
0.000269175
0.000267982
0.000248909
0.000265121
0.000256777
0.000262976
0.000263214
0.000252485
0.000264883
0.000268221
0.000267982
0.000268221
0.000251770
0.000259399
0.000265598
0.000265837
0.000265837
0.000247002
0.000268936
0.000265837
0.000267029
0.000266314
0.000255585
0.000265598
0.000265837
0.000265360
0.000264883
0.000256300
0.000267267
0.000269651
0.000267982
0.000254154
0.000272036
0.000277519
0.000265360
0.000268459
0.000270844
0.000261068
0.000260830
0.000268221
0.000267267
0.000269413
0.000256777
0.000262737
0.000264406
0.000261307
0.000263453
0.000266314
0.000263453
0.000262499
0.000246763
0.000276804
0.000251532
0.000263453
0.000254631
0.000256777
0.000260353
0.000253677
0.000254154
0.000253677
0.000250816
0.000257015
