0.014563799
0.003422260
0.003542662
0.002879143
0.003014565
0.003496885
0.003525257
0.002899408
0.003513336
0.003479719
0.003571033
0.003483534
0.003303766
0.002960205
0.003545284
0.002959490
0.003572702
0.003506899
0.002904415
0.002888680
0.002942085
0.003472328
0.002944708
0.003522635
0.002970219
0.003528118
0.002970934
0.003512621
0.003549337
0.002933025
0.002922297
0.003510714
0.003014565
0.002886295
0.003567219
0.003505945
0.003546476
0.003075123
0.003549576
0.002920151
0.003561020
0.003495932
0.003233910
0.003498554
0.003044128
0.002954006
0.002955198
0.003478050
0.003547430
0.002915382
0.003544092
0.003507853
0.002893448
0.002889156
0.003511190
0.002898216
0.002905607
0.002762794
0.003527164
0.003484249
0.003505945
0.002900600
0.002939939
0.003034592
0.003502846
0.003514528
0.002947092
0.003500938
0.003495216
0.003540993
0.003556728
0.002990484
0.002932310
0.002928019
0.003511429
0.002927065
0.003549814
0.002953291
0.003522873
0.002910614
0.003524780
0.002994537
0.003031969
0.003520727
0.002960682
0.003500938
0.002945423
0.002954960
0.003524780
0.002950668
0.003534317
0.003541470
0.002908468
0.002944946
0.002949715
0.002934933
0.003503561
0.002940655
0.003502369
0.003532887
0.003511667
0.002743006
0.002736807
0.002740860
0.002751112
0.002742052
0.002725601
0.002745628
0.002755165
0.002750874
0.002729177
0.002790213
0.002737999
0.002844334
0.002774954
0.002743006
0.002754927
0.002734184
0.002745867
0.002817869
