0.011550903
0.000372648
0.000619173
0.000337124
0.000239611
0.000241280
0.000242472
0.000241280
0.000241995
0.000268698
0.000236273
0.000241280
0.000242233
0.000499725
0.000241518
0.000240803
0.000241041
0.000241995
0.000260115
0.000462770
0.000265121
0.000238657
0.000261545
0.000593185
0.000549793
0.000255823
0.000241041
0.000241280
0.000238657
0.000239611
0.000233650
0.000267029
0.000239849
0.000345230
0.000239372
0.000237465
0.000241041
0.000240803
0.000539780
0.000241280
0.000236988
0.000240326
0.000241041
0.000241756
0.000240803
0.000239134
0.000242949
0.000227213
0.000225544
0.000241518
0.000240088
0.000240803
0.000241041
0.000224113
0.000238895
0.000239134
0.000237465
0.000242233
0.000449181
0.000254393
0.000257730
0.000252724
0.000254631
0.000229120
0.000239134
0.000240803
0.000241518
0.000240326
0.000234127
0.000241041
0.000240803
0.000232697
0.000237942
0.000238419
0.000242233
0.000241041
0.000260353
0.000251770
0.000257969
0.000256300
0.000256538
0.000234604
0.000240088
0.000241280
0.000269890
0.000237942
0.000239134
0.000240326
0.000238180
0.000240088
0.000231028
0.000232458
0.000240803
0.000267744
0.000238180
0.000240564
0.000236511
0.000239134
0.000241041
0.000243664
0.000252247
0.000227213
0.000244141
0.000242710
0.000243187
0.000243425
0.000257492
0.000256538
0.000256538
0.000257730
0.000257254
0.000255108
0.000256062
0.000257015
0.000258684
0.000257730
0.000262737
0.000259399
0.000256300
0.000260830
