0.000629187
0.000657558
0.000665665
0.000669241
0.000676394
0.000569105
0.000668764
0.000570297
0.000665665
0.000592232
0.000670433
0.000663996
0.000581026
0.000552893
0.000687122
0.000586271
0.000591278
0.000627518
0.000658512
0.000685453
0.000595093
0.000657797
0.000682831
0.000626087
0.000618458
0.000660181
0.000620604
0.000688076
0.000586987
0.000659466
0.000614882
0.000586510
0.000681162
0.000605106
0.000690937
0.000688791
0.000648260
0.000618458
0.000689983
0.000626564
0.000649214
0.000628471
0.000631809
0.000689268
0.000617027
0.000687838
0.000642300
0.000617027
0.000566006
0.000662565
0.000592470
0.000721931
0.000605106
0.000689268
0.000620365
0.000660181
0.000611067
0.000694036
0.000587940
0.000692606
0.000664234
0.000618219
0.000597239
0.000621796
0.000687361
0.000615120
0.000712395
0.000663519
0.000618219
0.000593901
0.000627995
0.000614643
0.000686884
0.000620127
0.000690222
0.000589371
0.000604391
0.000665665
0.000590801
0.000553608
0.000681162
0.000627279
0.000668526
0.000609398
0.000666142
0.000614405
0.000681162
0.000659704
0.000591516
0.000580072
0.000639439
0.000603914
0.000668049
0.000546217
0.000671864
0.000664949
0.000611544
0.000675678
0.000590801
0.000609636
0.000672102
0.000581026
0.000577450
0.000573397
0.000573874
0.000576973
0.000586987
0.000570297
0.000581026
0.000575304
0.000568390
0.000602245
0.000553608
0.000565529
0.000593662
0.000568151
0.000535250
0.000567675
0.000556707
0.000545740
