0.000309706
0.000287533
0.000285387
0.000346184
0.000286102
0.000284195
0.000284195
0.000289440
0.000285625
0.000285387
0.000288963
0.000353098
0.000287294
0.000281096
0.000283957
0.000291824
0.000287056
0.000291109
0.000292540
0.000291109
0.000295639
0.000289440
0.000309944
0.000346899
0.000296593
0.000290155
0.000288486
0.000287294
0.000289440
0.000275612
0.000290632
0.000279665
0.000294209
0.000288486
0.000285625
0.000362158
0.000296354
0.000312805
0.000289202
0.000299454
0.000288248
0.000276804
0.000293970
0.000293970
0.000357151
0.000282526
0.000290632
0.000291109
0.000293732
0.000293970
0.000295877
0.000295401
0.000294924
0.000364780
0.000279665
0.000296831
0.000292540
0.000293970
0.000295639
0.000295401
0.000293970
0.000291586
0.000300646
0.000277281
0.000293255
0.000357389
0.000296354
0.000289202
0.000299692
0.000294209
0.000296831
0.000295639
0.000295639
0.000362396
0.000286341
0.000288486
0.000281334
0.000295162
0.000295401
0.000294447
0.000292301
0.000288248
0.000359297
0.000306845
0.000287056
0.000291109
0.000293732
0.000293493
0.000293255
0.000299931
0.000293732
0.000296354
0.000355244
0.000295401
0.000296831
0.000293255
0.000293493
0.000294685
0.000278473
0.000304699
0.000292540
0.000290632
0.000291824
0.000289917
0.000291348
0.000292063
0.000290632
0.000292063
0.000293016
0.000279903
0.000294924
0.000291109
0.000294209
0.000290155
0.000283003
0.000292063
0.000291109
0.000292778
0.000280142
0.000312328
