0.000257969
0.000268936
0.000267267
0.000264406
0.000268459
0.000245810
0.000270367
0.000270367
0.000264883
0.000258207
0.000329494
0.000264406
0.000261784
0.000264883
0.000259876
0.000268698
0.000267744
0.000267744
0.000266790
0.000267267
0.000267029
0.000267982
0.000266314
0.000272512
0.000265121
0.000265837
0.000263214
0.000288725
0.000269651
0.000268936
0.000263691
0.000268936
0.000266075
0.000269413
0.000267267
0.000264645
0.000275850
0.000266552
0.000268459
0.000258684
0.000268936
0.000270367
0.000266314
0.000261784
0.000348091
0.000267267
0.000252247
0.000267506
0.000267267
0.000267267
0.000261307
0.000267982
0.000268698
0.000265837
0.000269175
0.000256538
0.000268936
0.000267267
0.000267267
0.000269890
0.000274658
0.000271320
0.000271559
0.000271082
0.000270367
0.000267506
0.000271320
0.000264645
0.000269175
0.000267744
0.000267744
0.000270605
0.000266314
0.000270844
0.000259161
0.000260353
0.000334024
0.000261307
0.000271559
0.000267744
0.000267982
0.000270367
0.000262976
0.000269651
0.000265598
0.000267744
0.000265837
0.000260830
0.000267267
0.000276089
0.000270844
0.000266790
0.000282288
0.000286818
0.000266075
0.000267029
0.000268698
0.000266075
0.000268221
0.000265837
0.000269175
0.000263929
0.000272989
0.000266552
0.000264168
0.000267506
0.000265598
0.000261545
0.000246525
0.000269175
0.000266552
0.000264406
0.000266075
0.000262499
0.000263691
0.000276327
0.000263214
0.000261545
0.000269413
0.000268936
