0.000261784
0.000234604
0.000165224
0.000203609
0.000293970
0.000143766
0.000136852
0.000143528
0.000184774
0.000145674
0.000154257
0.000140190
0.000142097
0.000173092
0.000141382
0.000257492
0.000135183
0.000148535
0.000141144
0.000139952
0.000141382
0.000136614
0.000133991
0.000137568
0.000133753
0.000247717
0.000139475
0.000141859
0.000148535
0.000246286
0.000161171
0.000161409
0.000149488
0.000286818
0.000138998
0.000140667
0.000131845
0.000136614
0.000136852
0.000146627
0.000150919
0.000138521
0.000279903
0.000136852
0.000138283
0.000129700
0.000132322
0.000141621
0.000138998
0.000139236
0.000145912
0.000119925
0.000134706
0.000138283
0.000293016
0.000130892
0.000141382
0.000131130
0.000145674
0.000142336
0.000240803
0.000161409
0.000148773
0.000347376
0.000156164
0.000139713
0.000144720
0.000134945
0.000176907
0.000154257
0.000149727
0.000146627
0.000137091
0.000303745
0.000143290
0.000134230
0.000143051
0.000137568
0.000138760
0.000146627
0.000136137
0.000138044
0.000133991
0.000134706
0.000299215
0.000130653
0.000136137
0.000127792
0.000145674
0.000177383
0.000158787
0.000146151
0.000140190
0.000140429
0.000277042
0.000107765
0.000137806
0.000131130
0.000135183
0.000136614
0.000140667
0.000134945
0.000131607
0.000133753
0.000134945
0.000105619
0.000133514
0.000133753
0.000133753
0.000146866
0.000137568
0.000132322
0.000128031
0.000133991
0.000134468
0.000128031
0.000133276
0.000126839
0.000140667
0.000144243
0.000139236
0.000150442
0.000138283
0.000135899
0.000135422
0.000134706
0.000140667
0.000130415
0.000134468
0.000141382
0.000140429
0.000138283
0.000132322
0.000133991
0.000135183
0.000127554
0.000134468
0.000135183
0.000136137
0.000136137
0.000133991
0.000134230
0.000130653
0.000131607
0.000132322
0.000126839
0.000131130
0.000128746
0.000139952
0.000155210
0.000138998
0.000135660
0.000114679
0.000135899
0.000133991
0.000126839
0.000134468
0.000130653
0.000134230
0.000247240
0.000131369
0.000146151
0.000138283
0.000142574
0.000184059
0.000137568
0.000122547
0.000134706
0.000151396
0.000141382
0.000118017
0.000116348
0.000133038
0.000149488
0.000135660
0.000129700
0.000134468
0.000129700
0.000156403
0.000151634
0.000139475
0.000135422
0.000137806
0.000136852
0.000144243
0.000132799
0.000134706
0.000128269
0.000131607
0.000121355
0.000133991
0.000131845
0.000109673
0.000138044
0.000111818
0.000104189
0.000109673
0.000133753
0.000134706
0.000141621
0.000109196
0.000132322
0.000132799
0.000132561
0.000133991
0.000129938
0.000132084
0.000125408
0.000140667
0.000137329
0.000141621
0.000137806
0.000135899
0.000133514
0.000133991
0.000128508
0.000134945
0.000130415
0.000134468
0.000113487
0.000134945
0.000132799
0.000129461
0.000136137
0.000131369
0.000126839
0.000134945
0.000134468
0.000141859
0.000139475
0.000133514
0.000132799
0.000129461
0.000129938
0.000108004
0.000128031
0.000131369
0.000128746
0.000141144
0.000161409
0.000115871
0.000137568
0.000135422
0.000135183
0.000133753
0.000127316
0.000134468
0.000126600
0.000133753
0.000137329
0.000139236
0.000140190
0.000129223
0.000132561
0.000133753
0.000126600
0.000130653
0.000132322
0.000132084
0.000137091
0.000138283
0.000133753
0.000130892
0.000133038
0.000134468
0.000127316
0.000132322
0.000126600
0.000143528
0.000243664
0.000150919
0.000144958
0.000141144
0.000140905
0.000133753
0.000130415
0.000133514
0.000129700
0.000141382
0.000140190
0.000136375
0.000131607
0.000126362
0.000134706
0.000135183
0.000128508
0.000132322
0.000133753
0.000133991
0.000148296
0.000145435
0.000136137
0.000128508
0.000131130
0.000109196
0.000128746
0.000132084
0.000126839
0.000145674
0.000136137
0.000132799
0.000132084
0.000136614
0.000138760
0.000135422
0.000128984
0.000132799
0.000123978
0.000134230
0.000143051
0.000134230
0.000132799
0.000128269
0.000133276
0.000133038
0.000283241
0.000226021
0.000159025
0.000145912
0.000150204
0.000140190
0.000141382
0.000130892
0.000137568
0.000134945
0.000133276
0.000139952
0.000130892
0.000146389
0.000137568
0.000141382
0.000134945
0.000128984
0.000139236
0.000131369
0.000131130
0.000135422
0.000131130
0.000135422
0.000133514
0.000121832
0.000135660
0.000127792
0.000134706
0.000133276
0.000131607
0.000132322
0.000136137
0.000135899
0.000143766
0.000134468
0.000112295
0.000131845
0.000133514
0.000108957
0.000130415
0.000114441
0.000134945
0.000134468
0.000165939
0.000139713
0.000147581
0.000137806
0.000137091
0.000135660
0.000134468
0.000112057
0.000127316
0.000135660
0.000134706
0.000141382
0.000136137
0.000128746
0.000134230
0.000131607
0.000131369
0.000138521
0.000130415
0.000133514
0.000132561
0.000134706
0.000134468
0.000128269
0.000133753
0.000110626
0.000135183
0.000132084
0.000133753
0.000137329
0.000141621
0.000143766
0.000134945
0.000127316
0.000132561
0.000130892
0.000131607
0.000133038
0.000127316
0.000133514
0.000138998
0.000133038
0.000135183
0.000128508
0.000132084
0.000132561
0.000130415
0.000136137
0.000130415
0.000133514
0.000134945
0.000139236
0.000133991
0.000129461
0.000132561
0.000132561
0.000131607
0.000133514
0.000135183
0.000138998
0.000147820
0.000136375
0.000140429
0.000127316
0.000132322
0.000110626
0.000129223
0.000160933
0.000136375
0.000158072
0.000210762
0.000150442
0.000143290
0.000134230
0.000138521
0.000135422
0.000134706
0.000139475
0.000134230
0.000144005
0.000134230
0.000132561
0.000137329
0.000127792
0.000133276
0.000133753
0.000133991
0.000133753
0.000133276
0.000135899
0.000133991
0.000140905
0.000136614
0.000129461
0.000132799
0.000109673
0.000129700
0.000134945
0.000128984
0.000133276
0.000139952
0.000139713
0.000138044
0.000128031
0.000137806
0.000122070
0.000133991
0.000138998
0.000128984
0.000142574
0.000135660
0.000133038
0.000134230
0.000126600
0.000134945
0.000108004
0.000129700
0.000134706
0.000134230
0.000139713
0.000157595
0.000136375
0.000139236
0.000129223
0.000143290
0.000134945
0.000135183
0.000110865
0.000128508
0.000133753
0.000131845
0.000139952
0.000134706
0.000129223
0.000133753
0.000109434
0.000129223
0.000137091
0.000130177
0.000135422
0.000136137
