0.012223244
0.002382040
0.001938343
0.002390623
0.002271652
0.001998425
0.001987696
0.002302408
0.001914263
0.001868486
0.002045393
0.002328634
0.002294540
0.001911640
0.002262115
0.002258301
0.002297878
0.001933575
0.001999855
0.002370119
0.002349138
0.002099276
0.002582312
0.002578020
0.002410650
0.001970053
0.002475500
0.002014160
0.002000570
0.002357483
0.002375126
0.002584934
0.002408266
0.002007246
0.002383709
0.001998663
0.002061844
0.001980782
0.002455950
0.002401590
0.001956224
0.002513170
0.002026081
0.002012491
0.002379656
0.002375841
0.002455950
0.001996279
0.002064466
0.002161503
0.001991034
0.002362728
0.001947403
0.001966238
0.001994133
0.002314806
0.002077818
0.002009869
0.002358913
0.002327204
0.001946688
0.002412319
0.002285957
0.002307415
0.001901150
0.001895905
0.002317905
0.002287149
0.001912594
0.001892328
0.002403021
0.002001762
0.002008915
0.002345324
0.001925707
0.002310753
0.002404690
0.001922369
0.002336264
0.002024889
0.001983643
0.002058506
0.002412796
0.001972675
0.001941681
0.002309561
0.002480745
0.002049208
0.012603760
0.002012253
0.002334118
0.002494574
0.002435684
0.002383947
0.001968145
0.012075186
0.002067566
0.001995564
0.002369881
0.002421618
0.001970053
0.001930237
0.001898527
0.001861572
0.001813173
0.001824617
0.001953125
0.001890182
0.001828671
0.001907587
0.001851797
0.001946926
0.001942396
0.001830339
0.001825333
0.001837254
0.001960039
0.001945019
0.001816750
0.001789570
0.001775980
0.001887083
0.001807690
0.001781702
0.001800776
0.001843691
0.001987457
0.001881599
0.001848936
0.001981974
0.001847506
0.001940250
0.001921415
0.001838207
0.001829624
0.001836777
0.001825094
0.001801491
0.001806259
0.001829386
0.001783133
0.001831055
0.001847982
0.001789808
0.001810074
0.001882076
0.001905441
0.001868963
0.001804590
0.001773119
0.001791477
0.001844406
0.001815796
0.001777172
0.001812458
0.001832247
0.001937389
0.001878977
0.001836061
0.001863003
0.001837492
0.001922131
0.001893520
0.001830339
0.001828432
0.001852989
0.001893520
0.001881599
0.001825094
0.002020121
0.001849413
0.001979828
0.001897812
0.001857758
0.001836300
0.001864910
0.001857519
0.001849890
0.001797676
0.001885176
0.001850128
0.001931190
0.001882553
0.001886368
0.001828194
0.001838923
0.001846313
0.001818895
0.001814127
0.001854658
0.001809359
0.001837015
0.001845598
0.001803398
0.001800060
0.001804590
0.001842260
0.001817226
0.001912355
0.001852512
0.001835346
0.001831770
0.001825094
0.001804113
0.001806021
0.001790524
0.001830339
0.001864672
0.001809597
0.001821995
0.001838684
0.001841784
0.001839161
0.001812220
0.001802921
0.001804352
0.001861572
0.001813889
0.001811266
0.001810551
0.001796484
0.001827240
0.001843214
0.001823664
0.001801252
0.001803160
0.001827717
0.001811266
0.001809120
0.001820087
0.001809120
0.001847982
0.001837254
0.001800060
0.001808167
0.001814365
0.001836061
0.001825571
0.001803398
0.001798630
0.001839399
0.001828909
0.001832962
0.001802683
0.001793146
0.001790285
0.001860619
0.001810312
0.001806736
0.001852989
0.001809120
0.001849174
0.001864433
0.001811028
0.001809835
0.001801252
0.001825809
0.001833200
0.001845837
0.001814842
0.001806021
0.001861095
0.001830339
0.001818895
0.001811504
0.001876593
0.001867771
0.001864433
0.001811504
0.001828432
0.001841784
0.001832008
0.001831770
0.001828909
0.001802444
0.001805305
0.001847029
0.001807928
0.001816034
0.001898050
0.001805544
0.001829624
0.001865864
0.001799822
0.001801491
0.001800776
0.001821280
0.001813412
0.001810789
0.001847029
0.001804590
0.001858950
0.001824379
0.001801968
0.001806259
0.001801252
0.001827717
0.001819849
0.001805305
0.001811981
0.001816273
0.001818419
0.001829624
0.001823664
0.001795530
0.001799345
0.001858950
0.001818180
0.001800060
0.001857996
0.001805305
0.001820803
0.001831532
0.001812935
0.001808405
0.001826525
0.001822710
0.001818180
0.001803875
0.001810789
0.001802444
0.001822472
0.001824141
0.001810312
0.001808882
0.001803637
0.001818657
0.001847029
0.001802206
0.001799822
0.001822472
0.001828671
0.001821756
0.001828671
0.001788855
0.001793623
0.001857996
0.001813412
0.001788855
0.001829386
0.001796722
0.001820803
0.001840591
0.001816988
0.001795769
0.001799822
0.001831532
0.001828909
0.001839161
0.001798630
0.001815319
0.001837015
0.001825809
0.001808882
0.001818419
0.001803398
0.001821995
0.001855135
0.001817942
0.001829863
0.001860380
0.001837015
0.001827478
0.001846790
0.001804829
0.001812220
0.001874924
0.001826048
0.001821995
0.001845598
0.001804829
0.001836777
0.001863241
0.001811266
0.001801014
0.001818419
0.001832962
0.001806974
0.001834393
0.001808405
0.001802921
0.001836061
0.001819372
0.001816034
0.001851320
0.001809120
0.001860857
0.001853228
0.001813889
0.001806021
0.001828671
0.001829147
0.001827478
0.001843452
0.001808167
0.001800060
0.001875877
0.001818419
0.001812220
0.001843214
0.001816511
0.001834154
0.001860142
0.001806974
0.001803398
0.001819849
0.001835346
0.001819611
0.001817703
0.001857042
0.001819134
0.001835346
0.001835108
0.001821041
0.001868486
0.001811743
0.001854181
0.001840830
0.001808643
0.001810312
0.001824856
0.001837969
0.001831532
0.001855850
0.001807451
0.001811504
0.001853943
0.001826763
0.001821280
0.001869440
0.001813173
0.001835823
0.001832485
0.001814127
0.001788616
0.001843929
0.001822233
0.001813650
0.001813889
0.001814365
0.001811028
0.001866102
0.001832008
0.001812458
0.001817703
0.001811028
0.001846552
0.001849174
0.001807451
0.001810074
0.001836061
0.001823664
0.001844168
0.001843691
0.001811266
0.001806259
0.001837969
0.001820803
0.001816273
0.001825333
0.001819849
0.001829147
0.001845360
0.001816750
0.001805305
0.001839161
0.001828194
0.001814842
0.001846552
0.001802206
0.001814842
0.001855373
0.001822710
0.001823187
0.001811028
0.001799822
0.001834631
0.001881599
0.001822472
0.001807213
0.001846075
0.001823187
0.001834869
0.001820326
0.001811743
0.001801252
0.001865864
0.001817942
0.001817465
0.001878262
0.001809120
0.001835585
0.001891613
0.001816988
0.001808167
0.001813889
0.001830816
0.001834869
0.001819134
0.001819611
