0.000209808
0.000211000
0.000192881
0.000133753
0.000127316
0.000123262
0.000127316
0.000169992
0.000138998
0.000166655
0.000181675
0.000146389
0.000174999
0.000135899
0.000270128
0.000108480
0.000128984
0.000154734
0.000128508
0.000138998
0.000122786
0.000126839
0.000146151
0.000124693
0.000122070
0.000121832
0.000124931
0.000129938
0.000256062
0.000127316
0.000120640
0.000124931
0.000124693
0.000120163
0.000120401
0.000122547
0.000121593
0.000121832
0.000129461
0.000127316
0.000127077
0.000126839
0.000130892
0.000122786
0.000122547
0.000119686
0.000123978
0.000252008
0.000123024
0.000127316
0.000115871
0.000125885
0.000124454
0.000121355
0.000118494
0.000116587
0.000120640
0.000130892
0.000124454
0.000131607
0.000131845
0.000123262
0.000123978
0.000122070
0.000122547
0.000119686
0.000247955
0.000122786
0.000131130
0.000149488
0.000121593
0.000126123
0.000142813
0.000122786
0.000122070
0.000115395
0.000128746
0.000124216
0.000123978
0.000126600
0.000132799
0.000305176
0.000122070
0.000119209
0.000118017
0.000121117
0.000123024
0.000127792
0.000124216
0.000125170
0.000116825
0.000123262
0.000119925
0.000119448
0.000122786
0.000116348
0.000120878
0.000123262
0.000128508
0.000230551
0.000120163
0.000123262
0.000128746
0.000122547
0.000118017
0.000116825
0.000123262
0.000120401
0.000120401
0.000236511
0.000136137
0.000136137
0.000132084
0.000129700
0.000259638
0.000261784
0.000302076
0.000257969
0.000240803
0.000247478
0.000233173
0.000266075
0.000257969
0.000290155
0.000256777
0.000254393
0.000265598
0.000209570
0.000252724
0.000264168
0.000145197
0.000149250
0.000190735
0.000133991
0.000128269
0.000140667
0.000141859
0.000165701
0.000132561
0.000136614
0.000121117
0.000126123
0.000150442
0.000124693
0.000120878
0.000120163
0.000132322
0.000108719
0.000123978
0.000127316
0.000116825
0.000129223
0.000123739
0.000117302
0.000118971
0.000115633
0.000142574
0.000135899
0.000122786
0.000133753
0.000130653
0.000130892
0.000123739
0.000119448
0.000129223
0.000126839
0.000122547
0.000121593
0.000121355
0.000138044
0.000225306
0.000152349
0.000138283
0.000125408
0.000123978
0.000118256
0.000132561
0.000128269
0.000124931
0.000136852
0.000120878
0.000124454
0.000123978
0.000118494
0.000117540
0.000117779
0.000144243
0.000134945
0.000124216
0.000205755
0.000129700
0.000137091
0.000143528
0.000133038
0.000125647
0.000121593
0.000117779
0.000140667
0.000171185
0.000235081
0.000148535
0.000135899
0.000143528
0.000126839
0.000124454
0.000201941
0.000147104
0.000149012
0.000127792
0.000136852
0.000119209
0.000150681
0.000131130
0.000123024
0.000127077
0.000133038
0.000274658
0.000210285
0.000254869
0.000265121
0.000131845
0.000132084
0.000121355
0.000119448
0.000096083
0.000091314
0.000124216
0.000119686
0.000119925
0.000105619
0.000113010
0.000118256
0.000119448
0.000117302
0.000115633
0.000114202
0.000123739
0.000120401
0.000119925
0.000125170
0.000102997
0.000122070
0.000118971
0.000116348
0.000094652
0.000092030
0.000118256
0.000126362
0.000098228
0.000144958
0.000110149
0.000126839
0.000124454
0.000119448
0.000118494
0.000113964
0.000120640
0.000118732
0.000128984
0.000131130
0.000114918
0.000119925
0.000118256
0.000116110
0.000117302
0.000113010
0.000123024
0.000120401
0.000101328
0.000121355
0.000112534
0.000118732
0.000118732
0.000115156
0.000115633
0.000113010
0.000122070
0.000128508
0.000120878
0.000241995
0.000146866
0.000148058
0.000133753
0.000120878
0.000183821
0.000111580
0.000149012
0.000131845
0.000113010
0.000128031
0.000131607
0.000121117
0.000121355
0.000119686
0.000118017
0.000116110
0.000122786
0.000120163
0.000104666
0.000125647
0.000115633
0.000118971
0.000121355
0.000117540
0.000115395
0.000113249
0.000121593
0.000127792
0.000104189
0.000130892
0.000114441
0.000123978
0.000121832
0.000117064
0.000118971
0.000113487
0.000117779
0.000119209
0.000100613
0.000129700
0.000121117
0.000117540
0.000117302
0.000113726
0.000118494
0.000117064
0.000105619
0.000123024
0.000097275
0.000103712
0.000112772
0.000119448
0.000120163
0.000117540
0.000094652
0.000120401
0.000118017
0.000127316
0.000128746
0.000122309
0.000119925
0.000123262
0.000119209
0.000117302
0.000116825
0.000114918
0.000121117
0.000120163
0.000184298
0.000158072
0.000120401
0.000129461
0.000126362
0.000123262
0.000118971
0.000114918
0.000124216
0.000121117
0.000098467
0.000131845
0.000117779
0.000121117
0.000119686
0.000117540
0.000119209
0.000145197
0.000124454
0.000130892
0.000100374
0.000134945
0.000118256
0.000126123
0.000123024
0.000120163
0.000117302
0.000113487
0.000124931
0.000123978
0.000125647
0.000099659
0.000115871
0.000120401
0.000118017
0.000114202
0.000115871
0.000115871
0.000124454
0.000121117
0.000124931
0.000123501
0.000137568
0.000123978
0.000120878
0.000094891
0.000116825
0.000113249
0.000117540
0.000126600
0.000122309
0.000131369
0.000120401
0.000120878
0.000118017
0.000117064
0.000117540
0.000113487
0.000116587
0.000125647
0.000120163
0.000134706
0.000097990
0.000097990
0.000119209
0.000119686
0.000115871
0.000112534
0.000125647
0.000121117
0.000128031
0.000123262
0.000115156
0.000120163
0.000119448
0.000092745
0.000114918
0.000119686
0.000118494
0.000128269
0.000126362
0.000132799
0.000117064
0.000123262
0.000119448
0.000117779
0.000118256
0.000094414
0.000119209
0.000117779
0.000104427
0.000126362
0.000118017
0.000119925
0.000119209
0.000113726
0.000117779
0.000113010
0.000123262
0.000126123
0.000119448
0.000128269
0.000118494
0.000120878
0.000117779
0.000118971
0.000117064
0.000113487
0.000118017
0.000124216
0.000127792
0.000125647
0.000118017
0.000119925
0.000119209
0.000094175
0.000095129
0.000113010
0.000117064
0.000118494
0.000230551
0.000143528
0.000127316
0.000126839
0.000125885
0.000120640
0.000119925
0.000118732
0.000127077
0.000121593
0.000098467
0.000133038
0.000099659
0.000121117
0.000119686
0.000117302
0.000094652
0.000118732
0.000119448
0.000127792
0.000097036
0.000139952
0.000122309
0.000124693
0.000118494
0.000118256
0.000095844
0.000112772
0.000233412
0.000154257
0.000117302
0.000141144
