0.019337654
0.009851217
0.009905338
0.008184195
0.008179188
0.008694649
0.008133888
0.009879351
0.009895325
0.007654190
0.008780479
0.017155647
0.008163452
0.009989738
0.008286238
0.008765697
0.008165121
0.009964705
0.008217573
0.009912014
0.008731842
0.009929895
0.009931087
0.009852648
0.008140087
0.016583204
0.009921551
0.010040283
0.008330345
0.016283989
0.009876490
0.016737223
0.008068323
0.009804964
0.009804726
0.008093596
0.008092403
0.009850025
0.009755135
0.008022070
0.008076668
0.009805679
0.009740591
0.008069277
0.008144379
0.008014441
0.009783983
0.009796381
0.008093834
0.009726763
0.008030176
0.008071661
0.009849072
0.009844303
0.009816647
0.008095980
0.009752035
0.009760380
0.008123636
0.016538620
0.009819984
0.008095503
0.008122444
0.009789228
0.009756804
0.009757519
0.008128166
0.009882927
0.008137465
0.009799242
0.009836197
0.008071661
0.008151531
0.009783268
0.009777784
0.008065701
0.009770870
0.008010387
0.008148432
0.008156776
0.009807348
0.008101702
0.009761810
0.009773254
0.009872675
0.009772539
0.008148432
0.008157253
0.009814739
0.009802103
0.007536888
0.009786129
0.008038044
0.016348362
0.009824038
0.008139133
0.008164883
0.008156776
0.009862185
0.009771109
0.009785175
0.007544041
0.007511377
0.007566214
0.007549047
0.007526159
0.007587671
0.007555246
0.015503883
0.007507801
0.007563591
0.007555723
0.007544518
0.007548094
0.007575989
0.007557631
0.007536411
0.007555246
0.007551193
0.007569790
0.007557392
0.007601976
0.007554054
0.007532358
0.007514000
0.007509947
0.007538080
0.007516146
0.007574797
0.007525921
0.007536888
0.007555008
0.015553951
0.007604122
0.007578135
0.007540464
0.007590055
0.007536411
0.007539034
0.007526398
0.007556915
0.015491724
0.007528305
0.007554531
0.007510662
0.007549047
0.007583380
0.007588625
0.007536411
0.007536650
0.007544756
0.007553816
0.007555962
0.007514000
0.007538557
0.015475750
0.015472651
0.007533789
0.007727861
0.007565498
0.007551670
0.007528067
0.015548706
0.007556438
0.007552147
0.007519960
0.007577181
0.007545948
0.007560968
0.007543564
0.007521391
0.007547617
0.007542849
0.007546663
0.007553339
0.007547855
0.007518291
0.007572174
0.007551908
0.015563488
0.007576466
0.007545710
0.007534027
0.007530212
0.007525921
0.007514000
0.007548332
0.007534742
0.007537603
0.015487432
0.007538319
0.007541418
0.007557869
0.007555723
0.007553339
0.007505655
0.007535934
0.007502317
0.007512093
0.007534027
0.007545233
0.007548094
0.007546425
0.007545233
0.015506744
0.007504225
0.007511377
0.007532358
0.007570267
0.007561922
0.007523060
0.007565498
0.007517338
0.007533789
0.007529736
0.007536650
0.007558823
0.007531881
0.007545948
0.007521152
0.007520914
0.007519722
0.007544994
0.007528305
0.015481949
0.007522821
0.007525206
0.007575512
0.007532120
0.007530451
0.007562637
0.007551908
0.015424728
0.007456779
0.015473843
0.007532835
0.007523298
0.007485151
0.007570982
0.007498264
0.007537365
0.007536173
0.007512093
0.015504837
0.007557869
0.015444040
0.007514954
0.007527113
0.007561207
0.007671118
0.007555723
0.007676840
0.007888556
0.007570028
0.007556677
0.007545233
0.007553577
0.007578850
0.007632732
0.007559061
0.007543087
0.007546425
0.007569075
0.007544756
0.007566690
0.015417099
0.007542133
0.007576227
0.007568121
0.007508993
0.007479191
0.007555008
0.015439272
0.007562160
0.007501841
0.015383720
0.007478714
0.007466316
0.007577181
0.007498503
0.007466555
0.007475138
0.007483006
0.007517099
0.007518053
0.007525444
0.007540464
0.007514715
0.007547617
0.007538557
0.007534027
0.007481575
0.015480757
0.007536650
0.007444382
0.007485867
0.007490873
0.007510424
0.007563591
0.007504940
0.007530451
0.007513046
0.007523537
0.007516861
0.007497787
0.007510662
0.015406609
0.007478714
0.007550240
0.007477283
0.007498264
0.007489443
0.007547140
0.007516861
0.007534981
0.007517576
0.007570267
0.007520199
0.007569790
0.015385389
0.007483482
0.007452488
0.007507086
0.007525682
0.007496834
0.007508278
0.007493734
0.007566214
0.007752180
0.007540941
0.007557392
0.007556200
0.007523775
0.007555723
0.007440805
0.007472515
0.007496595
0.007508993
0.007552147
0.007529974
0.007481098
0.007486820
0.007496357
0.007522583
0.007493019
0.007487059
0.007501364
0.007485867
0.007546425
0.007530212
0.007498741
0.007501364
0.007479429
0.007506371
0.007514238
0.007502556
0.007498264
0.007542610
0.007526159
0.007500887
0.015397549
0.007500887
0.007514715
0.007463932
0.015490532
0.007475615
0.007513523
0.007492065
0.007535934
0.007530689
0.007493973
0.007506371
0.015492916
0.007505178
0.007517099
0.007479191
0.015463114
0.007524252
0.007543802
0.007505655
0.007503986
0.007497549
0.015395880
0.007508039
0.007532120
0.007510900
0.007497787
0.007523298
0.007578135
0.007514477
0.007535458
0.007516146
0.015482664
0.007530928
0.007552385
0.007515669
0.007504225
0.007515430
0.007504225
0.007495403
0.015414238
0.007512093
0.007507086
0.007519960
0.007502079
0.007492781
0.007538557
0.007503271
0.007541180
0.007527590
0.015419483
0.007523775
0.007519960
0.015481472
0.007552147
0.007521629
0.007490873
0.015446901
0.007580280
0.007521152
0.015479326
0.007524967
0.007519245
0.007508516
0.007500410
0.015406609
0.007510424
0.007490396
0.007504225
0.007503271
0.007498980
0.007474422
0.007544041
0.007505178
0.007516384
0.007438183
0.007514000
0.007517338
0.007459402
0.007484436
0.007504463
0.007489681
0.007501602
0.007540703
0.007484198
0.007439613
0.007527828
0.007501364
0.007526875
0.007484674
0.007508993
0.007529497
0.007482290
0.007497787
0.007498264
0.007503033
0.007507563
0.007508278
0.007552624
0.007509708
0.007512808
0.007461548
0.007503986
0.007483006
0.007488251
0.007470846
0.007474184
0.015333176
0.007510424
0.007474184
0.007519007
0.007465601
0.007485151
0.015401125
0.007507563
0.007454872
0.007454157
0.007482529
0.007490635
0.007521152
0.007515907
0.007510424
0.007505417
0.007545233
0.007514715
0.007478952
0.007483244
0.007499695
0.007552862
0.007484198
0.007516623
0.007457733
0.007538795
0.007498503
0.007472038
0.007502317
0.007515430
0.007467031
0.007510900
0.007484913
