0.000272036
0.000421524
0.000195265
0.000173569
0.000230789
0.000336170
0.000171185
0.000180483
0.000164986
0.000225306
0.000188828
0.000174999
0.000177383
0.000313520
0.000215769
0.000186443
0.000323296
0.000169754
0.000175714
0.000177145
0.000169039
0.000175714
0.000170469
0.000338793
0.000179768
0.000170708
0.000180483
0.000172377
0.000307083
0.000263929
0.000213146
0.000161171
0.000177622
0.000337839
0.000174046
0.000169754
0.000170708
0.000174284
0.000163555
0.000178814
0.000174761
0.000169277
0.000299692
0.000163317
0.000169992
0.000167131
0.000312805
0.000165939
0.000170946
0.000177383
0.000190973
0.000173569
0.000172615
0.000312328
0.000173330
0.000168085
0.000158787
0.000287771
0.000163794
0.000171661
0.000169277
0.000175953
0.000319004
0.000164986
0.000175953
0.000170469
0.000164986
0.000184059
0.000166893
0.000307322
0.000170469
0.000168800
0.000169516
0.000159502
0.000168562
0.000169992
0.000332355
0.000171185
0.000169277
0.000182152
0.000167370
0.000165462
0.000311375
0.000166893
0.000171661
0.000165701
0.000160933
0.000163078
0.000162840
0.000303507
0.000188112
0.000173569
0.000166893
0.000300646
0.000169754
0.000183582
0.000143051
0.000171423
0.000180483
0.000170946
0.000163794
0.000171900
0.000162840
0.000157356
0.000165701
0.000160933
0.000156164
0.000159264
0.000165224
0.000163317
0.000184536
0.000172615
0.000169754
0.000159264
0.000174046
0.000164509
0.000158310
0.000162125
0.000155926
0.000180244
0.000164747
0.000170469
0.000164747
0.000155687
0.000164747
0.000160456
0.000154972
0.000167608
0.000156879
0.000170469
0.000163555
0.000162601
0.000162601
0.000157356
0.000160933
0.000160217
0.000159740
0.000161648
0.000164032
0.000165462
0.000161409
0.000153065
0.000166893
0.000158310
0.000161648
0.000162363
0.000157356
0.000161409
0.000154972
0.000254631
0.000166655
0.000154734
0.000146866
0.000140667
0.000145912
0.000144243
0.000139475
0.000144958
0.000137091
0.000153065
0.000140905
0.000144482
0.000142336
0.000134945
0.000151396
0.000141144
0.000136375
0.000139952
0.000143766
0.000148773
0.000167608
0.000151157
0.000146866
0.000135660
0.000142813
0.000138998
0.000141144
0.000141859
0.000138521
0.000152588
0.000139475
0.000149965
0.000140429
0.000133753
0.000143766
0.000136614
0.000135660
0.000143051
0.000136375
0.000142574
0.000140190
0.000143528
0.000140429
0.000132561
0.000138760
0.000137806
0.000133753
0.000136852
0.000141621
0.000148296
0.000140429
0.000142813
0.000142813
0.000132799
0.000139475
0.000137091
0.000133753
0.000137806
0.000133276
0.000147104
0.000142813
0.000141382
0.000137806
0.000134706
0.000198364
0.000150681
0.000137568
0.000147581
0.000135660
0.000167370
0.000143528
0.000152111
0.000143766
0.000133991
0.000154495
0.000141621
0.000133991
0.000140667
0.000142336
0.000153780
0.000161409
0.000151396
0.000149250
0.000136137
0.000146389
0.000140667
0.000138521
0.000139952
0.000134945
0.000156641
0.000141382
0.000140429
0.000139475
0.000131130
0.000140190
0.000138044
0.000136137
0.000145435
0.000135660
0.000145912
0.000138521
0.000142097
0.000142097
0.000132799
0.000138044
0.000138283
0.000132561
0.000137091
0.000141859
0.000149727
0.000139952
0.000149965
0.000144005
0.000135183
0.000142574
0.000141859
0.000135899
0.000139236
0.000134468
0.000250101
0.000166416
0.000153065
0.000146627
0.000136852
0.000148058
0.000141144
0.000142336
0.000150442
0.000136375
0.000149965
0.000148535
0.000144005
0.000139236
0.000132322
0.000138521
0.000137806
0.000136375
0.000138044
0.000142813
0.000149488
0.000157356
0.000149727
0.000145674
0.000138998
0.000142336
0.000139475
0.000134706
0.000140190
0.000134706
0.000144243
0.000138521
0.000147820
0.000138760
0.000133753
0.000135899
0.000135422
0.000134468
0.000144482
0.000134468
0.000146627
0.000138044
0.000144720
0.000143051
0.000132322
0.000144720
0.000139952
0.000133514
0.000138044
0.000140905
0.000150681
0.000140429
0.000143528
0.000141144
0.000132799
0.000137568
0.000137568
0.000134468
0.000138760
0.000133753
0.000147820
0.000139713
0.000140667
0.000137568
0.000132084
0.000135899
0.000136852
0.000131369
0.000143528
0.000133514
0.000141382
0.000143051
0.000150204
0.000139236
0.000133753
0.000139713
0.000135899
0.000133038
0.000138998
0.000141621
0.000171423
0.000143766
0.000144720
0.000144720
0.000136614
0.000142097
0.000138998
0.000134468
0.000139952
0.000134230
0.000154734
0.000138283
0.000146389
0.000138283
0.000132322
0.000141144
0.000134945
0.000132084
0.000144243
0.000135183
0.000145197
0.000137091
0.000140667
0.000138283
0.000133038
0.000140667
0.000135183
0.000140429
0.000141382
0.000144005
0.000251532
0.000159979
0.000164747
0.000155210
0.000138998
0.000148773
0.000138998
0.000137091
0.000140905
0.000134945
0.000147820
0.000153065
0.000152588
0.000143528
0.000133276
0.000145674
0.000135899
0.000135183
0.000145197
0.000138521
0.000162125
0.000138283
0.000142813
0.000141621
0.000134468
0.000142097
0.000133276
0.000132084
0.000142097
0.000141621
0.000155210
0.000138521
0.000143528
0.000143528
0.000141144
0.000145435
0.000135899
0.000139475
0.000138283
0.000131607
0.000142813
0.000137091
0.000158310
0.000138044
0.000132799
0.000143051
0.000151157
0.000143766
0.000149012
0.000135183
0.000145435
0.000143051
0.000146389
0.000135183
0.000132561
0.000138521
0.000138760
0.000140429
0.000132322
0.000144005
0.000151634
0.000142813
0.000143051
0.000139713
0.000133514
0.000141382
0.000134945
0.000140429
0.000132084
0.000133991
0.000148535
0.000138760
0.000141621
0.000137806
0.000131130
0.000140190
0.000134706
0.000139236
0.000140190
0.000133038
0.000145197
0.000142097
0.000150442
0.000137568
0.000131845
0.000145435
0.000137091
0.000139713
0.000132799
0.000144005
0.000145912
0.000142574
0.000154972
0.000142813
0.000135422
0.000143766
0.000136375
0.000149488
0.000134945
0.000136375
0.000153780
0.000140905
0.000142574
0.000136852
0.000135422
0.000152111
0.000135422
0.000138998
0.000143051
0.000134468
0.000150442
0.000163317
0.000152349
0.000142336
0.000135660
0.000144958
0.000138044
0.000140667
0.000134468
0.000142813
0.000147104
