0.000781536
0.000801802
0.000678301
0.000524759
0.000632286
0.000573874
0.000648499
0.000492573
0.000645399
0.000489473
0.000833511
0.000538111
0.000676394
0.000512362
0.000493288
0.000742197
0.000692844
0.000499010
0.000665426
0.000620842
0.000527859
0.000509977
0.000504732
0.000672579
0.000483513
0.000658751
0.000639915
0.000494957
0.000499964
0.000669479
0.000779152
0.000665188
0.000674725
0.000683308
0.000493050
0.000517368
0.000662327
0.000492096
0.000676155
0.000486135
0.000680208
0.000495672
0.000495434
0.000658751
0.000646591
0.000674963
0.000659227
0.000497818
0.000681877
0.000491142
0.000524282
0.000499725
0.000666618
0.000504255
0.000660658
0.000665426
0.000491858
0.000645638
0.000506878
0.000668049
0.000530243
0.000497580
0.000504494
0.000654459
0.000628948
0.000513315
0.000495195
0.000490189
0.000668526
0.000630140
0.000524521
0.000649691
0.000515461
0.000489950
0.000626087
0.000697851
0.000489473
0.000682831
0.000639200
0.000643253
0.000517845
0.000492811
0.000511408
0.000672817
0.000656605
0.000694990
0.000492096
0.000645399
0.000498295
0.000492573
0.000748873
0.000485420
0.000684261
0.000493288
0.000633001
0.000528574
0.000658035
0.000510216
0.000492573
0.000498772
0.000699043
0.000476599
0.000488520
0.000469208
0.000471830
0.000490665
0.000473261
0.000494003
0.000469208
0.000477791
0.000513315
0.000475883
0.000491619
0.000472069
0.000470877
0.000502348
0.000477791
0.000486851
0.000483513
0.000477076
0.000488520
0.000478983
0.000497580
0.000473261
0.000474453
0.000491142
0.000471354
0.000484228
0.000473261
0.000544310
0.000605345
0.000498056
0.000503302
0.000474930
0.000472069
0.000495911
0.000483513
0.000494719
0.000475407
0.000482798
0.000523329
0.000488758
0.000495911
0.000474930
0.000470161
0.000492811
0.000472784
0.000484705
0.000482082
0.000482082
0.000495672
0.000477552
0.000499964
0.000477076
0.000471830
0.000494719
0.000473261
0.000483990
0.000474215
0.000473976
0.000497818
0.000480175
0.000492334
0.000474930
0.000466347
0.000497103
0.000477552
0.000502825
0.000476360
0.000497580
0.000497580
0.000481844
0.000492334
0.000471830
0.000468254
0.000488520
0.000476122
0.000503063
0.000490904
0.000481367
0.000496387
0.000485182
0.000494480
0.000472546
0.000467062
0.000491619
0.000474453
0.000484228
0.000471115
0.000488281
0.000535011
0.000486612
0.000492334
0.000475168
0.000468731
0.000490189
0.000477791
0.000494242
0.000472069
0.000470877
0.000493288
0.000477552
0.000496626
0.000471830
0.000470877
0.000490189
0.000471115
0.000476122
0.000478029
0.000472069
0.000537157
0.000482082
0.000506163
0.000473738
0.000481367
0.000491381
0.000492811
0.000487089
0.000475168
0.000484943
0.000498772
0.000480175
0.000503778
0.000473261
0.000472784
0.000491142
0.000475645
0.000492334
0.000479937
0.000482798
0.000485659
0.000473738
0.000489473
0.000472307
0.000465631
0.000494003
0.000483513
0.000478983
0.000481129
0.000475883
0.000487566
0.000475168
0.000499487
0.000471115
0.000469923
0.000486374
0.000476599
0.000482559
0.000470161
0.000473738
0.000494480
0.000478268
0.000489950
0.000470161
0.000465155
0.000494719
0.000478029
0.000489473
0.000473976
0.000483274
0.000529528
0.000499487
0.000492096
0.000471592
0.000468493
0.000495672
0.000483751
0.000485897
0.000482321
0.000478268
0.000550508
0.000494003
0.000497818
0.000475883
0.000469685
0.000493765
0.000478983
0.000494242
0.000476837
0.000622988
0.000510216
0.000495195
0.000506163
0.000482082
0.000486851
0.000497341
0.000478506
0.000493288
0.000480652
0.000484467
0.000508785
0.000479698
0.000494719
0.000473976
0.000477076
0.000491858
0.000478268
0.000483751
0.000483513
0.000479937
0.000495911
0.000479460
0.000498056
0.000484467
0.000469685
0.000489235
0.000484705
0.000487566
0.000471830
0.000481606
0.000496149
0.000478745
0.000489473
0.000471830
0.000573874
0.000560522
0.000493288
0.000499725
0.000491142
0.000476360
0.000538349
0.000512362
0.000508070
0.000480652
0.000473261
0.000540733
0.000485659
0.000489712
0.000483990
0.000473022
0.000560760
0.000494003
0.000505924
0.000475883
0.000476122
0.000498772
0.000485182
0.000486851
0.000480890
0.000484467
0.000501394
0.000479221
0.000490665
0.000471830
0.000464916
0.000494242
0.000476837
0.000489235
0.000471592
0.000473976
0.000493765
0.000480175
0.000488281
0.000466585
0.000464678
0.000485897
0.000478983
0.000487089
0.000499487
0.000481844
0.000504255
0.000497580
0.000500679
0.000476599
0.000474453
0.000498056
0.000475645
0.000482082
0.000472069
0.000473976
0.000497818
0.000479221
0.000486851
0.000469685
0.000468254
0.000483274
0.000489235
0.000492573
0.000483274
0.000487089
0.000497818
0.000476599
0.000491619
0.000468731
0.000467539
0.000488997
0.000473022
0.000478029
0.000478745
0.000517607
0.000509024
0.000490427
0.000510454
0.000477076
0.000473499
0.000495195
0.000481129
0.000481844
0.000472307
0.000472069
0.000493526
0.000477552
0.000496864
0.000471354
0.000464439
0.000490189
0.000478745
0.000493765
0.000472069
0.000477791
0.000494957
0.000477791
0.000501156
0.000472307
0.000475168
0.000499487
0.000483036
0.000487089
0.000489473
0.000636816
0.000529051
0.000500441
0.000514746
0.000487804
0.000480413
0.000503063
0.000484943
0.000486612
0.000478745
0.000484943
0.000501156
0.000486135
0.000491858
0.000477552
0.000468493
0.000499487
0.000485420
0.000494003
0.000479221
0.000474215
0.000503302
0.000486374
0.000501871
0.000476599
0.000474691
0.000499725
0.000483036
0.000483036
0.000485182
0.000514746
0.000513554
0.000492573
0.000501871
0.000479460
0.000473738
0.000496626
0.000483513
0.000486374
0.000480175
0.000488758
0.000500202
0.000488281
0.000496387
0.000475645
0.000476122
0.000500202
0.000482082
0.000494480
0.000483036
0.000482082
0.000502348
0.000485182
0.000498772
0.000470400
0.000473499
0.000493526
0.000490189
0.000484467
0.000488043
0.000479937
0.000502586
0.000491142
0.000503063
0.000484228
0.000475883
0.000497103
0.000483751
0.000486135
0.000478506
0.000473499
0.000496387
0.000482082
0.000505686
0.000478983
0.000474930
0.000497103
0.000480413
0.000491858
0.000482321
0.000490665
