0.000192642
0.000216246
0.000098705
0.000187397
0.000092268
0.000079632
0.000089407
0.000086546
0.000177145
0.000082254
0.000093699
0.000233889
0.000098467
0.000179529
0.000087261
0.000081539
0.000100613
0.000090122
0.000086069
0.000097036
0.000092506
0.000077963
0.000082970
0.000085354
0.000088215
0.000086546
0.000087023
0.000087023
0.000085354
0.000079155
0.000082254
0.000076056
0.000080347
0.000081301
0.000094175
0.000078201
0.000088453
0.000092506
0.000082016
0.000080824
0.000088215
0.000078440
0.000081778
0.000083447
0.000081301
0.000077248
0.000078440
0.000086069
0.000082016
0.000079155
0.000082970
0.000074863
0.000077963
0.000081778
0.000082016
0.000086546
0.000084400
0.000087023
0.000082016
0.000081062
0.000088692
0.000083685
0.000087261
0.000084877
0.000083208
0.000077248
0.000087738
0.000085354
0.000219345
0.000093699
0.000106573
0.000079632
0.000082731
0.000172853
0.000092506
0.000086069
0.000078201
0.000094414
0.000147104
0.000085831
0.000087261
0.000076532
0.000084877
0.000090837
0.000082254
0.000083923
0.000079632
0.000087023
0.000081062
0.000079870
0.000082016
0.000076771
0.000080585
0.000085115
0.000080824
0.000079393
0.000091553
0.000088215
0.000081301
0.000083208
0.000088692
0.000076056
0.000082731
0.000080824
0.000084877
0.000078917
0.000099659
0.000219107
0.000216484
0.000099659
0.000092983
0.000079393
0.000082970
0.000084877
0.000084400
0.000091791
0.000084400
0.000091076
0.000081301
0.000080824
0.000086546
0.000079632
0.000082493
0.000084877
0.000081778
0.000077963
0.000086069
0.000088453
0.000191689
0.000119209
0.000109196
0.000077963
0.000084400
0.000166893
0.000092983
0.000084162
0.000084877
0.000090361
0.000142574
0.000090361
0.000087261
0.000075817
0.000082254
0.000090837
0.000083685
0.000088453
0.000078440
0.000085592
0.000085831
0.000080347
0.000083208
0.000076532
0.000080347
0.000084162
0.000083923
0.000075579
0.000084877
0.000089884
0.000079155
0.000077486
0.000086546
0.000075579
0.000080347
0.000086069
0.000080585
0.000076771
0.000074625
0.000086546
0.000080109
0.000079155
0.000080347
0.000074625
0.000078201
0.000080585
0.000085592
0.000084400
0.000085115
0.000086546
0.000080109
0.000080347
0.000085115
0.000075579
0.000080585
0.000086308
0.000081062
0.000076056
0.000086308
0.000085115
0.000085354
0.000082016
0.000087738
0.000077009
0.000079870
0.000089884
0.000080585
0.000076056
0.000073910
0.000088692
0.000077963
0.000080585
0.000081301
0.000073910
0.000079155
0.000081062
0.000083685
0.000084639
0.000078440
0.000085115
0.000079155
0.000078917
0.000082254
0.000074863
0.000080347
0.000082970
0.000080585
0.000076294
0.000089645
0.000086784
0.000079632
0.000080585
0.000085592
0.000077248
0.000081778
0.000081301
0.000082731
0.000077009
0.000076294
0.000227690
0.000167370
0.000117779
0.000088692
0.000077963
0.000080109
0.000081062
0.000087261
0.000085115
0.000077248
0.000095129
0.000083447
0.000081062
0.000091791
0.000076771
0.000080347
0.000081539
0.000081539
0.000075817
0.000087023
0.000086546
0.000080824
0.000079155
0.000086784
0.000084639
0.000089645
0.000082731
0.000081301
0.000080109
0.000085354
0.000085354
0.000080824
0.000082016
0.000083685
0.000076771
0.000083685
0.000082970
0.000085354
0.000108242
0.000088692
0.000089884
0.000086784
0.000079155
0.000081539
0.000074625
0.000089884
0.000084639
0.000086546
0.000075579
0.000087261
0.000087738
0.000079155
0.000081301
0.000086546
0.000075340
0.000080109
0.000084877
0.000084877
0.000076294
0.000076294
0.000085115
0.000099421
0.000082016
0.000082493
0.000075817
0.000078678
0.000081301
0.000080109
0.000085592
0.000082970
0.000086069
0.000082493
0.000080109
0.000084877
0.000077009
0.000084400
0.000081539
0.000087500
0.000085592
0.000113249
0.000090599
0.000201225
0.000124931
0.000099421
0.000078917
0.000082970
0.000162840
0.000113964
0.000108957
0.000080585
0.000092983
0.000145197
0.000087261
0.000090122
0.000076771
0.000081778
0.000089645
0.000090599
0.000085831
0.000085354
0.000085592
0.000080347
0.000089407
0.000082016
0.000076056
0.000079870
0.000087976
0.000088930
0.000075817
0.000089645
0.000086308
0.000085592
0.000089645
0.000088930
0.000079870
0.000081301
0.000081778
0.000086546
0.000075579
0.000086308
0.000100374
0.000088930
0.000090837
0.000084639
0.000075579
0.000080347
0.000082493
0.000087500
0.000085115
0.000082254
0.000088215
0.000082493
0.000088453
0.000084162
0.000076532
0.000081778
0.000083923
0.000089884
0.000076294
0.000087023
0.000085115
0.000204802
0.000134230
0.000092745
0.000079393
0.000083685
0.000162840
0.000113249
0.000083685
0.000086784
0.000227690
0.000155687
0.000136375
0.000085831
0.000079632
0.000082731
0.000087976
0.000089407
0.000084877
0.000078917
0.000081539
0.000082493
0.000087500
0.000079870
0.000075340
0.000078678
0.000079393
0.000087738
0.000076056
0.000085115
0.000085354
0.000081539
0.000090122
0.000084639
0.000075102
0.000081539
0.000086308
0.000089169
0.000076532
0.000076294
0.000087261
0.000083208
0.000087261
0.000080824
0.000078201
0.000112534
0.000099897
0.000101805
0.000088930
0.000083923
0.000087976
0.000089645
0.000092030
0.000083447
0.000077248
0.000080824
0.000091314
0.000098944
0.000077486
0.000087023
0.000081778
0.000084877
0.000087738
0.000086784
0.000074863
0.000078440
0.000087500
0.000090122
0.000077486
0.000076771
0.000085354
0.000080109
0.000090122
0.000082016
0.000074387
0.000080109
0.000081062
0.000088692
0.000084877
0.000082016
0.000084162
0.000080824
0.000087500
0.000081778
0.000075340
0.000078440
0.000080585
0.000087500
0.000075579
0.000088692
0.000086069
0.000082493
0.000089169
0.000085354
0.000077963
0.000080585
0.000081539
0.000153542
0.000082493
0.000077724
0.000082254
0.000084639
0.000088930
0.000082970
0.000073910
0.000078678
0.000079632
0.000090837
0.000086069
0.000079155
0.000086308
0.000080347
0.000090837
0.000082731
0.000076056
0.000080347
0.000086069
0.000089169
0.000077963
0.000086784
0.000084877
0.000128031
0.000103235
0.000089407
0.000077009
0.000082970
0.000097990
0.000088453
0.000077724
0.000083208
0.000083923
0.000080347
0.000092268
