0.000208139
0.000181437
0.000098944
0.000085592
0.000179529
0.000088453
0.000094891
0.000094414
0.000088215
0.000148535
0.000099897
0.000081062
0.000085354
0.000080109
0.000150681
0.000089884
0.000080109
0.000085831
0.000084639
0.000100851
0.000087261
0.000079632
0.000082970
0.000076532
0.000116110
0.000087976
0.000081301
0.000089884
0.000080109
0.000097752
0.000088930
0.000079155
0.000083208
0.000083923
0.000093699
0.000084877
0.000089645
0.000086784
0.000081778
0.000094652
0.000089645
0.000082016
0.000082254
0.000077724
0.000093460
0.000083685
0.000079393
0.000089407
0.000082016
0.000098705
0.000087261
0.000094414
0.000087261
0.000078440
0.000094652
0.000089407
0.000081062
0.000090837
0.000091553
0.000105619
0.000087738
0.000079632
0.000085354
0.000082731
0.000095129
0.000085115
0.000088930
0.000241518
0.000150919
0.000124216
0.000105619
0.000084400
0.000087023
0.000080347
0.000097513
0.000084400
0.000079632
0.000086784
0.000080585
0.000098228
0.000086308
0.000084162
0.000081062
0.000077009
0.000094652
0.000086069
0.000087976
0.000087500
0.000084877
0.000116348
0.000087738
0.000081301
0.000087976
0.000078917
0.000096083
0.000086308
0.000088692
0.000085592
0.000084162
0.000097036
0.000090837
0.000077009
0.000083923
0.000076771
0.000093699
0.000083923
0.000077963
0.000090837
0.000081539
0.000093222
0.000086784
0.000081301
0.000082493
0.000078917
0.000097513
0.000088215
0.000081778
0.000087738
0.000082970
0.000096560
0.000087261
0.000077248
0.000081539
0.000075579
0.000096321
0.000083447
0.000093222
0.000087261
0.000078440
0.000149250
0.000105858
0.000086546
0.000086308
0.000083685
0.000098944
0.000081778
0.000079393
0.000095844
0.000085354
0.000096798
0.000087261
0.000078201
0.000080824
0.000078201
0.000092983
0.000087976
0.000081539
0.000087976
0.000080109
0.000095606
0.000087500
0.000078440
0.000086069
0.000076771
0.000095367
0.000087261
0.000092506
0.000089407
0.000083923
0.000097036
0.000089645
0.000080347
0.000082254
0.000080585
0.000092983
0.000081301
0.000085592
0.000086308
0.000078917
0.000106335
0.000087976
0.000077963
0.000082970
0.000075817
0.000095606
0.000087261
0.000080824
0.000119686
0.000091553
0.000097990
0.000088215
0.000079155
0.000087738
0.000079632
0.000152111
0.000092983
0.000254154
0.000236988
0.000221491
0.000249863
0.000209093
0.000144958
0.000111103
0.000084400
0.000196218
0.000097990
0.000086069
0.000091553
0.000091076
0.000176668
0.000095129
0.000079632
0.000082970
0.000078917
0.000201941
0.000093937
0.000094652
0.000110149
0.000091791
0.000105381
0.000088692
0.000087976
0.000086308
0.000083208
0.000097513
0.000088930
0.000106335
0.000087261
0.000100136
0.000140429
0.000093937
0.000082016
0.000087261
0.000078678
0.000197411
0.000104427
0.000082254
0.000232458
0.000133514
0.000143766
0.000088692
0.000080347
0.000082254
0.000081539
0.000098467
0.000086784
0.000081062
0.000089645
0.000081301
0.000099182
0.000091076
0.000080585
0.000082493
0.000076056
0.000095367
0.000085831
0.000095367
0.000087738
0.000090361
0.000130415
0.000093699
0.000081539
0.000084877
0.000078678
0.000119686
0.000088453
0.000081301
0.000099182
0.000090122
0.000099659
0.000087023
0.000084162
0.000081301
0.000079393
0.000093222
0.000090122
0.000079632
0.000086546
0.000088930
0.000096560
0.000084877
0.000203609
0.000102997
0.000088215
0.000113249
0.000088215
0.000092983
0.000172377
0.000102520
0.000128984
0.000102758
0.000080585
0.000094891
0.000080347
0.000105858
0.000081062
0.000091076
0.000108480
0.000089884
0.000108480
0.000086546
0.000123739
0.000096798
0.000083447
0.000104427
0.000091076
0.000100851
0.000085831
0.000089645
0.000098467
0.000085592
0.000079393
0.000081062
0.000076771
0.000093937
0.000082970
0.000089169
0.000092506
0.000080585
0.000093222
0.000088453
0.000080585
0.000082493
0.000077009
0.000094175
0.000082254
0.000078917
0.000085592
0.000081778
0.000095129
0.000085115
0.000079393
0.000080824
0.000078201
0.000100851
0.000087976
0.000085115
0.000087976
0.000077963
0.000096798
0.000083923
0.000077248
0.000082493
0.000081778
0.000096798
0.000083685
0.000090361
0.000083685
0.000083923
0.000094891
0.000088215
0.000096798
0.000209570
0.000094414
0.000154257
0.000084400
0.000082254
0.000092983
0.000079870
0.000096798
0.000086069
0.000079632
0.000081301
0.000075817
0.000094891
0.000090837
0.000082970
0.000092030
0.000079393
0.000094652
0.000084639
0.000087976
0.000082254
0.000077963
0.000091314
0.000081778
0.000097990
0.000084639
0.000076771
0.000093460
0.000087500
0.000077009
0.000080585
0.000075579
0.000093222
0.000081301
0.000079632
0.000221968
0.000117779
0.000105619
0.000089407
0.000078201
0.000082254
0.000076771
0.000112534
0.000089884
0.000080585
0.000088453
0.000085115
0.000095606
0.000084400
0.000083208
0.000082016
0.000075579
0.000093460
0.000080585
0.000090361
0.000086784
0.000080585
0.000121593
0.000087976
0.000078201
0.000079155
0.000074863
0.000093699
0.000081778
0.000078678
0.000094175
0.000078201
0.000095129
0.000084162
0.000087023
0.000081778
0.000076771
0.000094414
0.000095129
0.000087500
0.000083923
0.000082254
0.000096083
0.000082493
0.000077963
0.000081539
0.000076532
0.000098944
0.000081539
0.000090837
0.000088930
0.000077963
0.000095367
0.000088930
0.000078678
0.000080585
0.000078678
0.000095367
0.000080824
0.000080824
0.000089407
0.000092506
0.000097036
0.000087261
0.000077486
0.000081301
0.000075102
0.000090599
0.000087738
0.000083685
0.000091076
0.000079155
0.000093460
0.000082493
0.000075817
0.000082731
0.000074863
0.000091791
0.000083685
0.000090361
0.000093699
0.000085354
0.000093460
0.000087976
0.000089407
0.000083447
0.000075340
0.000098467
0.000081778
0.000085354
0.000091076
0.000082254
0.000093699
0.000092506
0.000079155
0.000081301
0.000078678
0.000195026
0.000118256
0.000086546
0.000106096
0.000078440
0.000108957
0.000086784
0.000077724
0.000089884
0.000078678
0.000128031
0.000084400
0.000095606
0.000092745
0.000079155
0.000095606
0.000088692
0.000077009
0.000083208
0.000076532
0.000091791
0.000082731
0.000080347
0.000081062
0.000080585
0.000093937
