0.011783838
0.001198292
0.001234770
0.000979662
0.001260996
0.001069546
0.001088619
0.001273870
0.000995874
0.000954866
0.001247883
0.001307249
0.000998020
0.001002312
0.001229763
0.001227140
0.001016617
0.000973701
0.001311064
0.001226187
0.001308918
0.001073122
0.001299620
0.000986338
0.000949621
0.001204729
0.001021862
0.001289129
0.001244068
0.000959396
0.000964642
0.001292944
0.000957012
0.001245499
0.001242399
0.001209974
0.001015663
0.001270294
0.000975847
0.001246452
0.000956774
0.001062870
0.000992537
0.000991583
0.001226902
0.001251459
0.001014471
0.000969648
0.001278400
0.001242161
0.000969410
0.001291990
0.000981808
0.001294613
0.001210213
0.000958443
0.001007557
0.001237154
0.000997543
0.001210451
0.001263380
0.001015902
0.001002312
0.001252174
0.001215458
0.000968695
0.001293182
0.001235485
0.001241922
0.001233578
0.000955820
0.001014709
0.001017332
0.000961065
0.001238585
0.000955820
0.001263618
0.001254082
0.000973701
0.001231909
0.001003027
0.001268864
0.001254797
0.000962496
0.001223326
0.000962734
0.001012564
0.001009226
0.001222849
0.001223803
0.000951290
0.001278400
0.001253128
0.000967979
0.000989914
0.001234770
0.001278639
0.001011372
0.000972509
0.000957251
0.001272917
0.000967264
0.001001835
0.000917435
0.000992537
0.001008511
0.001047850
0.001126051
0.001047373
0.001064301
0.001411915
0.001053572
0.000962019
0.000897408
0.000889540
0.001125813
0.000946522
0.000957251
0.000891685
0.001079082
0.001159906
0.001013041
0.001042843
0.000903845
0.000899792
0.001137257
0.000928402
0.000963926
0.000902414
0.000917435
0.010755777
0.000910521
0.000931025
0.000903130
0.000887632
0.000947714
0.000929594
0.000950336
0.000908375
0.000899315
0.001001358
0.000936747
0.000947475
0.000897884
0.000886202
0.000952482
0.000919342
0.000921011
0.000890017
0.000944853
0.000948906
0.000913858
0.000933170
0.000910521
0.000889301
0.000943661
0.000924826
0.000927448
0.000899076
0.000905037
0.000965357
0.000924587
0.000930786
0.000896931
0.000894785
0.000976086
0.000912666
0.000919819
0.000910044
0.000910997
0.000954151
0.000907660
0.000931263
0.000907660
0.000887156
0.000943899
0.000915527
0.000920534
0.000892878
0.000884533
0.000945807
0.000903368
0.000930309
0.000893116
0.000887871
0.000949860
0.000914097
0.000933647
0.000894547
0.010723114
0.000968933
0.001065016
0.000950575
0.000903606
0.000890732
0.000967741
0.000910997
0.001045227
0.000920057
0.000982523
0.000959873
0.000926971
0.000972509
0.000899076
0.000899315
0.000946760
0.000949621
0.000923395
0.000888586
0.000906467
0.000960350
0.000911474
0.000954866
0.000910997
0.000889540
0.000969887
0.000914812
0.000938177
0.000898123
0.000888824
0.000942945
0.001022339
0.000941515
0.000901461
0.000887632
0.000952959
0.000947952
0.000928879
0.000907421
0.001063824
0.000986576
0.000952244
0.000962973
0.000930309
0.000907183
0.001005173
0.000950336
0.000927210
0.000926495
0.000964642
0.000990629
0.000956059
0.000950813
0.000917912
0.000919342
0.000980377
0.000932693
0.000956774
0.000894785
0.000924110
0.000974417
0.000940561
0.000946045
0.000933886
0.000907421
0.000966311
0.000927687
0.000942945
0.000937223
0.001005173
0.000976801
0.000940561
0.000983000
0.000918627
0.000922441
0.000979185
0.000968695
0.000948906
0.000925303
0.000930071
0.000974417
0.001075506
0.001015425
0.000966549
0.000910521
0.000979424
0.000931501
0.000953674
0.000893354
0.000916004
0.000969172
0.000926733
0.000955343
0.000913620
0.000914574
0.000975609
0.000911713
0.000945091
0.000934362
0.000916719
0.000978470
0.000932455
0.000953674
0.000934601
0.000909805
0.000970364
0.000935078
0.000928640
0.000910521
0.000914574
0.000967026
0.000941038
0.000948191
0.000915289
0.000908136
0.000968695
0.000929117
0.000953197
0.000916481
0.000943422
0.000965595
0.000934601
0.000943661
0.000914097
0.000913620
0.000975370
0.000924826
0.000916719
0.000932217
0.000933409
0.000964642
0.000952482
0.000954866
0.000916958
0.000912189
0.000965357
0.000952244
0.000945568
0.000909805
0.000915527
0.000967741
0.000930548
0.000926018
0.000938654
0.000909567
0.000961781
0.000927210
0.000949144
0.000916004
0.000932693
0.000982761
0.000943899
0.000936270
0.000889540
0.000900269
0.000978231
0.000903368
0.000937462
0.000926256
0.000930548
0.000962257
0.000932455
0.000954628
0.000913620
0.000911474
0.000956535
0.000934839
0.000931025
0.000915527
0.001017570
0.000966072
0.000906229
0.000932455
0.000895500
0.001053810
0.001052141
0.001063108
0.001059771
0.001046896
0.001035690
0.001061201
0.001054287
0.001052618
0.001112223
0.001182318
0.001156569
0.001182318
0.000997305
0.000979900
0.001019716
0.001142025
0.001127005
0.000969648
0.001172781
0.001194954
0.001178265
0.001227379
0.001167297
0.001152277
0.001110315
0.000993490
0.000943899
0.000949621
0.000910521
0.001047850
0.001100540
0.001094818
0.001121044
0.001154661
0.001102686
0.001118183
0.000947952
0.000952959
0.000917912
0.000911236
0.000970125
0.000929832
0.000931501
0.000920773
0.000923634
0.000977993
0.000931740
0.000954151
0.000930786
0.000925779
0.000963926
0.000929832
0.000931501
0.000905037
0.001005650
0.000972271
0.000927687
0.000951767
0.000910044
0.000903845
0.000977755
0.000968695
0.000954628
0.000975370
0.000955105
0.000956297
0.000935793
0.000937700
0.000906467
0.000904083
0.000954628
0.000934362
0.000923872
0.000923872
0.000993729
0.000968933
0.000928402
0.000946999
0.000911236
0.000899315
0.000959635
0.000939131
0.000927687
0.001110077
0.001073360
0.000981092
0.000934124
0.000937939
0.000931263
0.000903130
0.001038313
0.000921726
0.000927687
0.000891209
0.000919104
0.000957251
0.000928164
0.000956297
0.000891209
0.000927925
0.000965595
0.000933647
0.000925541
0.000903845
0.001070261
0.000974655
0.000933647
0.000935316
0.000897408
0.000886679
0.001008034
0.000917912
0.000923395
0.000894308
0.000901461
0.000937939
0.000918150
0.000923395
0.000891924
0.000883341
0.000950813
0.000923634
0.000934124
0.000892162
0.000912428
0.000946045
0.000934362
0.000942707
0.000927448
0.000902653
0.000947952
0.000942945
0.000947714
0.000920534
0.000984430
