0.014216661
0.004707575
0.003806591
0.004682064
0.003814697
0.004107475
0.004673481
0.004743099
0.004673958
0.003861189
0.004072189
0.004668474
0.004701853
0.003848314
0.013238907
0.004120111
0.003845692
0.004734039
0.003824949
0.004712105
0.004682302
0.003859520
0.004702091
0.003890991
0.004704952
0.003823519
0.004722834
0.004710674
0.003815889
0.004695177
0.003829718
0.003887892
0.004706860
0.003853798
0.004704952
0.003858566
0.004677773
0.003864050
0.004675388
0.003847837
0.003847122
0.004637957
0.004710913
0.004683018
0.004698992
0.003826141
0.003822803
0.004730225
0.013462067
0.004722118
0.003904343
0.004700661
0.003853083
0.004734278
0.004679441
0.004699707
0.003793478
0.004726171
0.003847122
0.003849506
0.004700899
0.003857374
0.003867388
0.003873587
0.004684687
0.003874540
0.004808426
0.004707575
0.003873110
0.004716635
0.004686356
0.003861904
0.003841162
0.004724264
0.004714489
0.004705429
0.003848791
0.003855944
0.003839970
0.004717112
0.004693747
0.003840685
0.004720688
0.003860474
0.003862619
0.003863573
0.003854275
0.004692316
0.004743099
0.004733324
0.003866434
0.003854036
0.004685163
0.003903866
0.003607988
0.004719257
0.003828049
0.004715204
0.003883600
0.004805088
0.003953457
0.003708601
0.003737211
0.003705978
0.003717899
0.003710508
0.003686190
0.003710747
0.003713369
0.013051748
0.003703117
0.003716469
0.003703833
0.003724098
0.003703594
0.013031721
0.003706455
0.003701210
0.003732443
0.003683805
0.003749847
0.003679991
0.003762245
0.003724098
0.003735542
0.003699541
0.003717184
0.003720522
0.003755569
0.013060570
0.003711462
0.003754139
0.003719091
0.003730297
0.003695488
0.003715038
0.003666639
0.003717184
0.003699064
0.003749371
0.003746033
0.003708124
0.003714800
0.003726006
0.003699780
0.003712177
0.003714800
0.003737688
0.013160706
0.003699541
0.003750563
0.003693581
0.003720522
0.003728628
0.003703833
0.003689528
0.003698111
0.003720760
0.003708839
0.003704548
0.003725052
0.003703833
0.003738880
0.003716230
0.003726721
0.003700733
0.003705502
0.003698587
0.003709555
0.003699064
0.003709793
0.003732204
0.003770351
0.013056993
0.003715038
0.003721714
0.003718853
0.003710270
0.003741264
0.012864828
0.003737688
0.003703833
0.003728390
0.003690004
0.003708124
0.003695011
0.003701925
0.003705978
0.003745794
0.003710270
0.003743649
0.003727436
0.003716230
0.003746748
0.003734827
0.003700733
0.003728628
0.003720999
0.003721237
0.003734350
0.003709793
0.003700972
0.003719091
0.013079882
0.003714323
0.013064384
0.003689766
0.003716707
0.013142824
0.003720760
0.003720760
0.003716707
0.003718853
0.003722429
0.003711700
0.003708601
0.003700972
0.003704309
0.003699780
0.003737688
0.003710032
0.003699541
0.003769398
0.003708363
0.003722429
0.013068438
0.003700256
0.003708601
0.003741503
0.003713131
0.003702402
0.003740788
0.003718615
0.003728867
0.003717899
0.003708363
0.003700256
0.003691435
0.003705978
0.003739834
0.013109207
0.003699303
0.003743410
0.003705978
0.003734589
0.003698587
0.003716469
0.003711939
0.003733397
0.003714085
0.003705263
0.003704786
0.003757715
0.003721476
0.003714800
0.003709555
0.003694773
0.003709078
0.003705978
0.003724813
0.003688335
0.003700972
0.003709793
0.003704786
0.003700495
0.013072729
0.003675699
0.003688335
0.003715038
0.013045311
0.003695250
0.003726482
0.003710985
0.003732443
0.003721952
0.003739357
0.003700256
0.003742933
0.003718615
0.003743172
0.003702402
0.003713846
0.003694534
0.003719330
0.003693819
0.003708124
0.003690720
0.003698111
0.003713131
0.003730774
0.003720284
0.003741980
0.003718853
0.003726721
0.003698587
0.003704786
0.003699064
0.003743649
0.003722906
0.003722668
0.003693819
0.003724813
0.003793716
0.003748894
0.003738403
0.003708363
0.003736019
0.003665686
0.003702641
0.003697634
0.003677130
0.012923479
0.003702879
0.003713846
0.003681660
0.013071537
0.012916803
0.013056517
0.003701448
0.003706932
0.003692150
0.003729105
0.013052225
0.003713369
0.003700733
0.003713131
0.013038635
0.013041735
0.003719330
0.003722906
0.003711939
0.003715038
0.003710985
0.003708601
0.003695250
0.003697157
0.003714800
0.003715038
0.003690481
0.003699303
0.003699780
0.013056040
0.003730297
0.003707409
0.003649473
0.013031960
0.003683090
0.003669262
0.003669739
0.013029099
0.003674746
0.003678322
0.013037443
0.003667593
0.003695011
0.003656864
0.003697872
0.003647327
0.003683090
0.003635883
0.003683805
0.003710032
0.003654957
0.003657103
0.003672361
0.003662586
0.003757000
0.003640890
0.003653765
0.003643513
0.013014078
0.003700018
0.003655195
0.003699541
0.003667593
0.003644943
0.003692389
0.013023376
0.003657579
0.003661394
0.003642559
0.003706932
0.003657103
0.003648281
0.003632784
0.003650904
0.013020992
0.003682852
0.003661871
0.003664017
0.003681898
0.003705025
0.003652811
0.003719568
0.003694534
0.003666878
0.012989283
0.003658772
0.003699303
0.003709555
0.003726721
0.013059855
0.003689289
0.003709555
0.003679276
0.003689289
0.003698111
0.003741503
0.013037920
0.003694534
0.003722429
0.003697872
0.013106346
0.003708124
0.003693342
0.003681898
0.003686905
0.003699064
0.003738165
0.013084412
0.003696680
0.013037443
0.003696442
0.003723860
0.003701448
0.003731012
0.003706455
0.013033390
0.003690243
0.003750324
0.003714561
0.003757954
0.003694534
0.003728867
0.003732920
0.013060808
0.003705025
0.003728867
0.003706694
0.003736734
0.003687620
0.013101339
0.003713131
0.003741026
0.003676891
0.003697634
0.003687620
0.003712177
0.003705263
0.003706217
0.003713608
0.013018131
0.003693104
0.003701687
0.003694296
0.003723145
0.003705263
0.003706455
0.003719807
0.003709555
0.003693104
0.003798723
0.003704548
0.003712416
0.003707409
0.003716469
0.003818750
0.003615141
0.003628731
0.003617764
0.003597021
0.003639698
0.003595352
0.003642559
0.013063431
0.003611565
0.003608704
0.003602743
0.003649235
0.003615618
0.003648281
0.013110161
0.003632545
0.003665686
0.003597498
0.003644943
0.013056993
0.003608942
0.003617287
0.003623962
0.003633976
0.003592253
0.003620863
0.003637314
0.003633738
0.003597021
0.003629208
0.003604174
0.003635645
0.003657579
