0.000208139
0.000189304
0.000113249
0.000092268
0.000155926
0.000132799
0.000082731
0.000079155
0.000095844
0.000144482
0.000109673
0.000085831
0.000078201
0.000086546
0.000133991
0.000105619
0.000104189
0.000081062
0.000092268
0.000086784
0.000094175
0.000079155
0.000077009
0.000081539
0.000083685
0.000095129
0.000078917
0.000092745
0.000085592
0.000083685
0.000094175
0.000087261
0.000088930
0.000088215
0.000088453
0.000102043
0.000079393
0.000091076
0.000084639
0.000086308
0.000092030
0.000077724
0.000077486
0.000081301
0.000087023
0.000091314
0.000110865
0.000088930
0.000087976
0.000083923
0.000093699
0.000083208
0.000077724
0.000083685
0.000087976
0.000090837
0.000079155
0.000087500
0.000088453
0.000101328
0.000096560
0.000089169
0.000078678
0.000083685
0.000085592
0.000092745
0.000078917
0.000083208
0.000085354
0.000080109
0.000095367
0.000079155
0.000077486
0.000081301
0.000086069
0.000089884
0.000087261
0.000085831
0.000086546
0.000094652
0.000087500
0.000080347
0.000075102
0.000081062
0.000122070
0.000084162
0.000077724
0.000088453
0.000086546
0.000095606
0.000096798
0.000092983
0.000076771
0.000083208
0.000094175
0.000080109
0.000077724
0.000077248
0.000228643
0.000121355
0.000100374
0.000082731
0.000079393
0.000085115
0.000098228
0.000083685
0.000087500
0.000085592
0.000088215
0.000094652
0.000090122
0.000079155
0.000081539
0.000084400
0.000096083
0.000082970
0.000077009
0.000087261
0.000085592
0.000092983
0.000087023
0.000086308
0.000077009
0.000079870
0.000093460
0.000086784
0.000078917
0.000077009
0.000086069
0.000095367
0.000087500
0.000077009
0.000076771
0.000080585
0.000097275
0.000081301
0.000086308
0.000078678
0.000084639
0.000138760
0.000092268
0.000081539
0.000077486
0.000080585
0.000094891
0.000082731
0.000078440
0.000092030
0.000086308
0.000094175
0.000087738
0.000087261
0.000076056
0.000081301
0.000094891
0.000084877
0.000077963
0.000092506
0.000107527
0.000168085
0.000216961
0.000119209
0.000081778
0.000089169
0.000112295
0.000082254
0.000086546
0.000081778
0.000085831
0.000092030
0.000086546
0.000077486
0.000078201
0.000082016
0.000092745
0.000079393
0.000078678
0.000088930
0.000084877
0.000094891
0.000092030
0.000085831
0.000079393
0.000080585
0.000092745
0.000079870
0.000079155
0.000084639
0.000088930
0.000101328
0.000088453
0.000080347
0.000078201
0.000080347
0.000097990
0.000082731
0.000085831
0.000077963
0.000093222
0.000092506
0.000085831
0.000075579
0.000075102
0.000081062
0.000091314
0.000080585
0.000078678
0.000087976
0.000088692
0.000096560
0.000087976
0.000087261
0.000075817
0.000081062
0.000200748
0.000090361
0.000080347
0.000114679
0.000194788
0.000311852
0.000257730
0.000237703
0.000201941
0.000246048
0.000238895
0.000138760
0.000113010
0.000109196
0.000111103
0.000208616
0.000112534
0.000103712
0.000104666
0.000102282
0.000214338
0.000103951
0.000100374
0.000112772
0.000090122
0.000160933
0.000108242
0.000108957
0.000108719
0.000097990
0.000167847
0.000103951
0.000099659
0.000106335
0.000106096
0.000123501
0.000110388
0.000098944
0.000102997
0.000100374
0.000117779
0.000104189
0.000132799
0.000103474
0.000107527
0.000139475
0.000106096
0.000099897
0.000109196
0.000101805
0.000119686
0.000102758
0.000159025
0.000113964
0.000105381
0.000117779
0.000110626
0.000104189
0.000103951
0.000099659
0.000123501
0.000104189
0.000100613
0.000081778
0.000102282
0.000114202
0.000109434
0.000097752
0.000105619
0.000100136
0.000142813
0.000106335
0.000108004
0.000106812
0.000103951
0.000117779
0.000110865
0.000101328
0.000103951
0.000098705
0.000121593
0.000104666
0.000109196
0.000105619
0.000116825
0.000131130
0.000113726
0.000102520
0.000107527
0.000099182
0.000250340
0.000171900
0.000105381
0.000116825
0.000108957
0.000120878
0.000109196
0.000220776
0.000114679
0.000104427
0.000177145
0.000107765
0.000105143
0.000110149
0.000108719
0.000149727
0.000133514
0.000100136
0.000105381
0.000090122
0.000208378
0.000134468
0.000110149
0.000107288
0.000102043
0.000124216
0.000109673
0.000102043
0.000102520
0.000097990
0.000120163
0.000102758
0.000098944
0.000103712
0.000260353
0.000169039
0.000113249
0.000100851
0.000103951
0.000100374
0.000119209
0.000106812
0.000103474
0.000111341
0.000109196
0.000119209
0.000108957
0.000099421
0.000112295
0.000087500
0.000117540
0.000105858
0.000108242
0.000110865
0.000240326
0.000210762
0.000110865
0.000110626
0.000108242
0.000108957
0.000176907
0.000109911
0.000089407
0.000108957
0.000101566
0.000174522
0.000112772
0.000101566
0.000105858
0.000100374
0.000248909
0.000115633
0.000148773
0.000113964
0.000104666
0.000122309
0.000108719
0.000102282
0.000111103
0.000108004
0.000116587
0.000102282
0.000107765
0.000110149
0.000099659
0.000114441
0.000110149
0.000102520
0.000107288
0.000109196
0.000116110
0.000104666
0.000100851
0.000103712
0.000104189
0.000116587
0.000111580
0.000099897
0.000107288
0.000107527
0.000115156
0.000106573
0.000102758
0.000136137
0.000106573
0.000118494
0.000108004
0.000102043
0.000108719
0.000109196
0.000219345
0.000175476
0.000106335
0.000090599
0.000202179
0.000204563
0.000104904
0.000081778
0.000087023
0.000089645
0.000176191
0.000087023
0.000078201
0.000090122
0.000078201
0.000155449
0.000088215
0.000076532
0.000087976
0.000089884
0.000095367
0.000085354
0.000079155
0.000083923
0.000080824
0.000096321
0.000083208
0.000076771
0.000087261
0.000086308
0.000092030
0.000080824
0.000086308
0.000088930
0.000079870
0.000099421
0.000087023
0.000077963
0.000085831
0.000084639
0.000099659
0.000083685
0.000077486
0.000214100
0.000219822
0.000120640
0.000090122
0.000082493
0.000084639
0.000142336
0.000143051
0.000090122
0.000081062
0.000089884
0.000078678
0.000140429
0.000086308
0.000077486
0.000081301
0.000076294
0.000142097
0.000083685
0.000088930
0.000084400
0.000095606
0.000131369
0.000091076
0.000077963
0.000082016
0.000076532
0.000095844
0.000083923
0.000076532
0.000085831
0.000075579
0.000093699
0.000083685
0.000076294
0.000080109
0.000074625
0.000091791
0.000083685
0.000078678
0.000084162
0.000079870
0.000095367
