0.000258207
0.000193596
0.000103235
0.000092506
0.000083447
0.000181198
0.000117779
0.000088453
0.000096321
0.000084400
0.000159979
0.000093699
0.000086308
0.000148773
0.000089407
0.000183344
0.000099421
0.000086784
0.000097275
0.000081539
0.000155687
0.000092030
0.000082970
0.000085592
0.000087738
0.000148058
0.000088692
0.000098467
0.000087738
0.000085592
0.000191450
0.000109196
0.000086069
0.000084639
0.000087738
0.000202894
0.000123262
0.000088215
0.000094652
0.000082016
0.000107765
0.000088692
0.000080585
0.000083447
0.000079632
0.000093699
0.000090837
0.000084877
0.000090837
0.000081301
0.000098705
0.000086784
0.000078440
0.000082970
0.000078678
0.000095367
0.000084877
0.000096321
0.000097513
0.000082970
0.000110865
0.000093937
0.000082254
0.000084400
0.000078917
0.000095367
0.000169516
0.000083923
0.000087261
0.000079870
0.000098944
0.000084400
0.000082016
0.000081778
0.000076532
0.000116825
0.000092030
0.000083208
0.000091076
0.000079632
0.000097513
0.000083923
0.000078678
0.000083923
0.000085831
0.000094414
0.000083685
0.000095129
0.000102282
0.000087023
0.000109434
0.000092030
0.000080824
0.000084639
0.000079632
0.000095606
0.000086308
0.000085115
0.000096560
0.000081778
0.000100136
0.000083923
0.000077724
0.000084400
0.000079393
0.000094414
0.000092745
0.000082731
0.000091076
0.000083923
0.000097990
0.000079870
0.000079155
0.000082493
0.000075340
0.000094175
0.000082731
0.000093699
0.000237942
0.000090122
0.000114202
0.000095606
0.000106573
0.000089645
0.000091314
0.000100374
0.000086784
0.000084162
0.000090361
0.000078917
0.000144243
0.000083447
0.000078917
0.000085115
0.000082254
0.000096083
0.000090599
0.000084162
0.000094652
0.000086784
0.000099897
0.000081539
0.000079393
0.000082016
0.000077486
0.000100374
0.000082970
0.000092506
0.000098705
0.000081301
0.000110149
0.000091553
0.000078917
0.000082016
0.000077009
0.000092268
0.000083923
0.000081778
0.000093460
0.000082970
0.000120401
0.000083208
0.000078917
0.000083208
0.000080109
0.000095606
0.000092745
0.000084162
0.000089884
0.000080109
0.000100136
0.000082493
0.000078201
0.000083447
0.000078917
0.000133991
0.000084877
0.000095606
0.000093937
0.000078440
0.000097990
0.000093460
0.000082016
0.000082016
0.000079632
0.000092983
0.000083447
0.000081778
0.000098228
0.000081062
0.000096560
0.000079870
0.000076771
0.000081539
0.000077248
0.000096798
0.000089645
0.000083685
0.000090599
0.000079155
0.000096321
0.000085115
0.000077248
0.000082254
0.000076532
0.000093460
0.000085354
0.000093222
0.000156879
0.000085592
0.000108242
0.000091314
0.000080109
0.000084400
0.000092745
0.000099182
0.000085115
0.000081539
0.000097513
0.000077486
0.000097990
0.000081062
0.000075817
0.000081301
0.000078201
0.000093460
0.000088692
0.000083447
0.000086546
0.000077724
0.000094414
0.000081539
0.000077963
0.000081539
0.000102758
0.000107288
0.000085115
0.000094652
0.000090599
0.000081301
0.000108242
0.000089884
0.000077009
0.000082731
0.000077248
0.000094652
0.000082970
0.000084639
0.000231504
0.000086784
0.000139713
0.000083685
0.000078440
0.000083447
0.000077009
0.000100374
0.000087738
0.000082016
0.000095129
0.000078917
0.000095367
0.000081539
0.000080347
0.000083447
0.000078201
0.000093222
0.000082731
0.000092268
0.000094175
0.000078201
0.000105143
0.000101089
0.000079870
0.000084400
0.000079870
0.000111103
0.000085592
0.000084877
0.000092745
0.000079155
0.000108719
0.000079870
0.000221491
0.000145912
0.000100613
0.000152588
0.000173330
0.000100613
0.000105381
0.000102758
0.000118732
0.000092268
0.000093460
0.000086784
0.000078201
0.000107050
0.000090122
0.000086546
0.000096560
0.000083685
0.000102043
0.000082970
0.000088453
0.000086069
0.000077248
0.000093222
0.000086546
0.000083923
0.000098705
0.000080109
0.000105619
0.000081539
0.000080824
0.000082731
0.000078201
0.000090122
0.000099897
0.000085115
0.000089169
0.000078201
0.000093222
0.000080585
0.000076771
0.000082970
0.000079632
0.000091791
0.000095129
0.000083685
0.000109196
0.000079632
0.000104427
0.000081062
0.000077009
0.000082731
0.000081301
0.000095129
0.000082016
0.000084162
0.000094175
0.000081062
0.000095129
0.000079632
0.000079393
0.000082254
0.000077009
0.000095844
0.000084162
0.000082493
0.000086784
0.000078678
0.000096798
0.000080824
0.000077486
0.000081301
0.000075340
0.000092983
0.000090361
0.000084639
0.000096321
0.000090122
0.000095844
0.000082970
0.000080109
0.000094414
0.000077486
0.000244379
0.000236273
0.000130177
0.000208378
0.000090837
0.000135183
0.000086069
0.000083923
0.000087738
0.000082016
0.000109673
0.000085592
0.000083923
0.000094891
0.000080824
0.000092745
0.000082016
0.000079155
0.000084162
0.000090122
0.000094414
0.000096321
0.000087023
0.000097990
0.000080109
0.000104904
0.000082016
0.000078678
0.000083208
0.000078917
0.000091553
0.000083685
0.000088215
0.000089645
0.000077724
0.000091076
0.000079632
0.000079632
0.000082254
0.000079870
0.000095844
0.000087023
0.000082493
0.000085115
0.000078678
0.000092268
0.000079870
0.000091791
0.000084400
0.000078440
0.000090599
0.000089884
0.000087976
0.000092030
0.000081301
0.000095606
0.000081539
0.000078440
0.000083447
0.000077724
0.000093699
0.000082970
0.000082254
0.000087738
0.000076771
0.000092745
0.000084639
0.000076056
0.000082970
0.000087023
0.000093460
0.000082731
0.000086784
0.000087738
0.000087023
0.000089169
0.000081301
0.000076532
0.000082970
0.000088215
0.000082016
0.000090837
0.000084877
0.000121355
0.000092030
0.000095844
0.000080824
0.000078917
0.000083923
0.000087500
0.000081778
0.000081778
0.000083208
0.000096560
0.000089169
0.000089645
0.000081062
0.000084162
0.000084400
0.000087738
0.000088453
0.000088453
0.000088215
0.000085115
0.000087261
0.000088215
0.000078440
0.000075817
0.000080585
0.000084877
0.000087738
0.000092983
0.000132799
0.000183821
0.000111818
0.000110865
0.000083923
0.000078440
0.000084162
0.000088692
0.000083685
0.000085831
0.000084639
0.000103712
0.000092030
0.000091314
0.000079870
0.000077963
0.000083923
0.000086069
0.000088692
0.000084162
0.000084162
0.000102043
0.000089884
