0.000465155
0.000497818
0.000248432
0.000365257
0.000221968
0.000299931
0.000235558
0.000232220
0.000367165
0.000219822
0.000304937
0.000400543
0.000233650
0.000215530
0.000219822
0.000277996
0.000395775
0.000291824
0.000412703
0.000227451
0.000244379
0.000229836
0.000399828
0.000222683
0.000220299
0.000235081
0.000224352
0.000247717
0.000388622
0.000221014
0.000233173
0.000229597
0.000237703
0.000386477
0.000217915
0.000378847
0.000225306
0.000229836
0.000227928
0.000220776
0.000237703
0.000397921
0.000228643
0.000361919
0.000217915
0.000229836
0.000224113
0.000381470
0.000220060
0.000217438
0.000391006
0.000228882
0.000227213
0.000218868
0.000362158
0.000230074
0.000224590
0.000232458
0.000222683
0.000375032
0.000239372
0.000224829
0.000226259
0.000217199
0.000359774
0.000232697
0.000416756
0.000224352
0.000237703
0.000221968
0.000402689
0.000230074
0.000238180
0.000224352
0.000360250
0.000229120
0.000220776
0.000225067
0.000217915
0.000218630
0.000400543
0.000226021
0.000394344
0.000216484
0.000218630
0.000230312
0.000230551
0.000233173
0.000221014
0.000402212
0.000234604
0.000225544
0.000369310
0.000217676
0.000218153
0.000425816
0.000221968
0.000222683
0.000392914
0.000226259
0.000262976
0.000227213
0.000223398
0.000218391
0.000214815
0.000223637
0.000213861
0.000217438
0.000212193
0.000214338
0.000225782
0.000220776
0.000229597
0.000213385
0.000211000
0.000224352
0.000216007
0.000228405
0.000217438
0.000212193
0.000222206
0.000218391
0.000217915
0.000211954
0.000210047
0.000220776
0.000212193
0.000223637
0.000221491
0.000225067
0.000221968
0.000219822
0.000221729
0.000211954
0.000211954
0.000220060
0.000212193
0.000217915
0.000212193
0.000219107
0.000255346
0.000223875
0.000220060
0.000218868
0.000212908
0.000221252
0.000215054
0.000223637
0.000216722
0.000215292
0.000224590
0.000218868
0.000230789
0.000215769
0.000210524
0.000221968
0.000213385
0.000216484
0.000219345
0.000212669
0.000269651
0.000238419
0.000229120
0.000219584
0.000213146
0.000230074
0.000220060
0.000223875
0.000217438
0.000225067
0.000225306
0.000218153
0.000228405
0.000211239
0.000213623
0.000222683
0.000220060
0.000221968
0.000212908
0.000229120
0.000225306
0.000220776
0.000215530
0.000215530
0.000208139
0.000219584
0.000218630
0.000218153
0.000219584
0.000215292
0.000224113
0.000220299
0.000231504
0.000221729
0.000222206
0.000219107
0.000214100
0.000215530
0.000209570
0.000290155
0.000278711
0.000236750
0.000229120
0.000217438
0.000215054
0.000228643
0.000231266
0.000226974
0.000228643
0.000226021
0.000230312
0.000221252
0.000217199
0.000212193
0.000212908
0.000225306
0.000216961
0.000221014
0.000222683
0.000223160
0.000269175
0.000235081
0.000224352
0.000214815
0.000212669
0.000227451
0.000214100
0.000242949
0.000218630
0.000217438
0.000223398
0.000218630
0.000230789
0.000214577
0.000212669
0.000221252
0.000213623
0.000223875
0.000213861
0.000213385
0.000224352
0.000219345
0.000222445
0.000209093
0.000206947
0.000220299
0.000214100
0.000217676
0.000217199
0.000225067
0.000226259
0.000235796
0.000221014
0.000210524
0.000212431
0.000223875
0.000217199
0.000217676
0.000211239
0.000219345
0.000225067
0.000220537
0.000216246
0.000211954
0.000285625
0.000256538
0.000226498
0.000233889
0.000214100
0.000225782
0.000250578
0.000226259
0.000233650
0.000215292
0.000209332
0.000246286
0.000218630
0.000217438
0.000217915
0.000214100
0.000312090
0.000243664
0.000231266
0.000219345
0.000221252
0.000300169
0.000231266
0.000229120
0.000215292
0.000226736
0.000273943
0.000235081
0.000219345
0.000214577
0.000213385
0.000262022
0.000219584
0.000229359
0.000217199
0.000222683
0.000225544
0.000216961
0.000220537
0.000211954
0.000209570
0.000219822
0.000215054
0.000216246
0.000218630
0.000211954
0.000226021
0.000221968
0.000231266
0.000213385
0.000211239
0.000230551
0.000215054
0.000215769
0.000211477
0.000342846
0.000250340
0.000233650
0.000224590
0.000216722
0.000212669
0.000223160
0.000221252
0.000228167
0.000214100
0.000224113
0.000224590
0.000219822
0.000217676
0.000211239
0.000213385
0.000218868
0.000216722
0.000215769
0.000221252
0.000223637
0.000328302
0.000244617
0.000229120
0.000220060
0.000215769
0.000288963
0.000230312
0.000227928
0.000218153
0.000219107
0.000264883
0.000239134
0.000235558
0.000218630
0.000211716
0.000256777
0.000224829
0.000231504
0.000215769
0.000215769
0.000228643
0.000231028
0.000225306
0.000217915
0.000211000
0.000220776
0.000214577
0.000216722
0.000217915
0.000226974
0.000219584
0.000222206
0.000218630
0.000208139
0.000214815
0.000216246
0.000215769
0.000213385
0.000208378
0.000221729
0.000217438
0.000218630
0.000216722
0.000212431
0.000213623
0.000220060
0.000213146
0.000229836
0.000217199
0.000218391
0.000220060
0.000221014
0.000232458
0.000211000
0.000215530
0.000216007
0.000216246
0.000212431
0.000217676
0.000221491
0.000241041
0.000228405
0.000224113
0.000215054
0.000217915
0.000216722
0.000212669
0.000218868
0.000211716
0.000231266
0.000217438
0.000219822
0.000220776
0.000214815
0.000216484
0.000217438
0.000211477
0.000221729
0.000213385
0.000225306
0.000218153
0.000219345
0.000215292
0.000211239
0.000212669
0.000215054
0.000220537
0.000220060
0.000220776
0.000346184
0.000245333
0.000237703
0.000238895
0.000217915
0.000221014
0.000221252
0.000217438
0.000226021
0.000217438
0.000224113
0.000217676
0.000218868
0.000232220
0.000211000
0.000217676
0.000218153
0.000211000
0.000222683
0.000210762
0.000230551
0.000217199
0.000222206
0.000217915
0.000209332
0.000213623
0.000215530
0.000212431
0.000214577
0.000218391
0.000277996
0.000229120
0.000229597
0.000221014
0.000216246
0.000228643
0.000226736
0.000217438
0.000217438
0.000211000
0.000221491
0.000216484
0.000221014
0.000228167
0.000210285
0.000216484
0.000217676
0.000212193
0.000224352
0.000210762
0.000219822
0.000217199
0.000218630
0.000216007
0.000210047
0.000216961
0.000215769
0.000219584
0.000214577
0.000221252
0.000228167
0.000218630
0.000219584
0.000221252
0.000212193
0.000216246
0.000214338
0.000209808
0.000216246
0.000209093
0.000228882
