0.086794615
0.000137329
0.000136375
0.000107527
0.000077724
0.000069380
0.000079155
0.000106573
0.000070810
0.000091314
0.000082731
0.000087976
0.000137568
0.000071287
0.000071287
0.000079393
0.000077009
0.000097036
0.000068903
0.000074148
0.000068903
0.000087738
0.000118017
0.000073671
0.000071764
0.000062943
0.000074863
0.000085115
0.000065088
0.000070572
0.000069618
0.000086546
0.000088215
0.000070572
0.000075102
0.000065804
0.000073195
0.000081062
0.000095367
0.000076532
0.000064611
0.000086308
0.000091314
0.000071287
0.000078201
0.000077009
0.000076532
0.000071764
0.000070333
0.000078440
0.000069618
0.000067711
0.000070572
0.000069857
0.000069618
0.000091553
0.000078917
0.000085115
0.000068665
0.000086069
0.000066280
0.000076294
0.000071526
0.000065565
0.000075340
0.000065565
0.000071526
0.000201941
0.000087738
0.000080347
0.000072002
0.000070810
0.000078201
0.000068426
0.000072956
0.000078917
0.000080347
0.000084877
0.000068426
0.000089407
0.000108242
0.000215054
0.000226259
0.000217676
0.000216007
0.000202656
0.000118256
0.000133276
0.000083685
0.000077248
0.000099659
0.000078917
0.000105858
0.000106573
0.000081301
0.000071764
0.000077009
0.000109911
0.000072956
0.000084639
0.000095367
0.000079870
0.000097990
0.000094891
0.000079155
0.000083685
0.000081778
0.000087500
0.000075102
0.000093460
0.000078917
0.000093937
0.000084400
0.000092745
0.000077724
0.000070095
0.000080109
0.000083447
0.000074387
0.000080109
0.000071526
0.000074148
0.000088692
0.000114202
0.000086546
0.000075817
0.000084877
0.000091553
0.000079155
0.000080109
0.000075340
0.000087500
0.000094414
0.000078440
0.000089169
0.000094175
0.000084162
0.000113249
0.000083447
0.000083208
0.000083685
0.000083685
0.000091791
0.000095606
0.000080109
0.000070810
0.000080824
0.000085115
0.000075102
0.000076294
0.000076294
0.000074148
0.000079632
0.000080109
0.000080109
0.000086308
0.000081301
0.000082970
0.000073671
0.000090361
0.000073910
0.000076056
0.000080824
0.000097513
0.000086308
0.000084400
0.000173330
0.000096560
0.000089169
0.000090599
0.000080109
0.000076532
0.000214338
0.000115871
0.000082493
0.000072956
0.000127554
0.000119448
0.000102997
0.000104189
0.000111580
0.000113249
0.000122547
0.000111580
0.000110865
0.000142097
0.000118971
0.000118732
0.000107765
0.000085592
0.000103712
0.000103474
0.000108480
0.000104427
0.000101566
0.000116587
0.000110865
0.000128031
0.000117540
0.000113249
0.000102520
0.000104189
0.000107765
0.000104904
0.000107050
0.000106812
0.000111103
0.000103712
0.000103951
0.000105143
0.000104904
0.000102520
0.000105381
0.000110865
0.000086546
0.000100136
0.000106096
0.000109673
0.000105858
0.000104904
0.000097513
0.000102758
0.000104904
0.000109434
0.000099659
0.000117064
0.000117540
0.000214815
0.000118732
0.000117779
0.000107527
0.000105381
0.000117302
0.000105619
0.000100613
0.000225067
0.000226974
0.000159502
0.000113010
0.000107288
0.000100851
0.000103951
0.000106812
0.000102758
0.000107527
0.000100374
0.000109673
0.000101328
0.000103235
0.000103951
0.000102520
0.000103235
0.000111818
0.000104666
0.000099659
0.000121832
0.000110865
0.000111818
0.000100136
0.000108242
0.000101566
0.000105381
0.000108719
0.000102282
0.000107050
0.000100374
0.000106096
0.000106573
0.000099421
0.000103474
0.000102282
0.000101328
0.000103951
0.000102282
0.000105858
0.000109911
0.000106096
0.000104189
0.000099659
0.000102282
0.000096560
0.000101566
0.000114202
0.000104427
0.000105858
0.000110626
0.000108719
0.000104427
0.000102997
0.000105619
0.000103474
0.000102282
0.000103712
0.000101805
0.000100374
0.000096083
0.000102997
0.000109196
0.000097752
0.000103951
0.000099897
0.000101089
0.000102043
0.000101328
0.000104427
0.000099897
0.000105858
0.000102997
0.000098944
0.000107765
0.000104189
0.000101089
0.000102282
0.000109196
0.000099659
0.000107288
0.000105858
0.000105619
0.000099659
0.000106335
0.000099182
0.000100613
0.000101805
0.000105381
0.000105619
0.000100136
0.000106096
0.000109196
0.000102282
0.000102758
0.000099897
0.000102282
0.000108719
0.000104666
0.000104904
0.000098705
0.000105619
0.000113726
0.000101328
0.000103474
0.000097513
0.000103474
0.000101805
0.000102758
0.000099421
0.000107765
0.000109673
0.000105619
0.000100374
0.000104666
0.000103474
0.000101805
0.000106573
0.000107288
0.000100851
0.000097513
0.000104189
0.000104904
0.000099421
0.000102043
0.000098228
0.000200033
0.000245333
0.000237942
0.000191927
0.000234604
0.000186920
0.000223398
0.000241995
0.000233412
0.000140429
0.000112057
0.000156641
0.000108957
0.000101328
0.000108480
0.000114202
0.000242472
0.000132799
0.000110865
0.000099659
0.000107288
0.000183105
0.000129223
0.000101566
0.000100136
0.000111341
0.000171423
0.000101089
0.000104666
0.000101566
0.000078440
0.000159025
0.000104904
0.000104427
0.000099659
0.000107527
0.000105381
0.000106573
0.000105619
0.000097036
0.000100613
0.000152588
0.000110865
0.000153065
0.000122309
0.000245810
0.000244379
0.000263453
0.000235558
0.000237465
0.000113487
0.000182152
0.000108719
0.000102043
0.000112057
0.000111103
0.000204563
0.000113726
0.000104666
0.000101566
0.000103474
0.000171185
0.000112295
0.000104427
0.000101566
0.000088453
0.000246525
0.000146866
0.000105381
0.000097036
0.000102282
0.000111818
0.000102043
0.000099659
0.000108242
0.000113249
0.000228167
0.000138044
0.000108004
0.000098228
0.000101805
0.000187159
0.000110626
0.000098467
0.000104666
0.000218630
0.000176191
0.000158310
0.000091314
0.000078201
0.000081778
0.000220776
0.000180721
0.000108242
0.000106812
0.000089645
0.000100136
0.000085115
0.000094175
0.000088930
0.000082731
0.000117779
0.000084639
0.000081539
0.000091553
0.000088930
0.000117064
0.000088930
0.000103712
0.000086308
0.000087738
0.000092268
0.000081539
0.000076056
0.000075817
0.000082254
0.000081778
0.000077248
0.000080109
0.000073433
0.000077724
0.000105381
0.000078917
0.000084400
0.000088215
0.000086308
0.000113249
0.000096321
0.000088215
0.000094414
0.000207663
0.000099659
0.000084877
0.000076056
0.000087023
0.000085831
0.000218868
0.000086069
0.000084877
