0.000243902
0.000231743
0.000160217
0.000119209
0.000133514
0.000117540
0.000212193
0.000142336
0.000125647
0.000174284
0.000214815
0.000198364
0.000115156
0.000119209
0.000112534
0.000115633
0.000115395
0.000135899
0.000121117
0.000118494
0.000120878
0.000128984
0.000109673
0.000113249
0.000107288
0.000119686
0.000114679
0.000113249
0.000116825
0.000121117
0.000118494
0.000117064
0.000134230
0.000112295
0.000107288
0.000117064
0.000144005
0.000111580
0.000118017
0.000109911
0.000210047
0.000117779
0.000107288
0.000110865
0.000104189
0.000114918
0.000087738
0.000119925
0.000120401
0.000109434
0.000116587
0.000120401
0.000109196
0.000111341
0.000105858
0.000116110
0.000110865
0.000137329
0.000119448
0.000112534
0.000115156
0.000140667
0.000109434
0.000125170
0.000160694
0.000127792
0.000152349
0.000112295
0.000126362
0.000118017
0.000119448
0.000128031
0.000131845
0.000110626
0.000188112
0.000116587
0.000143766
0.000122309
0.000119925
0.000148296
0.000123024
0.000134706
0.000118256
0.000118017
0.000109196
0.000115156
0.000109911
0.000111103
0.000121832
0.000108719
0.000117302
0.000115395
0.000107527
0.000135183
0.000108242
0.000114202
0.000119209
0.000138044
0.000123978
0.000106096
0.000114918
0.000117779
0.000103951
0.000108957
0.000102043
0.000136852
0.000110149
0.000116825
0.000116348
0.000121355
0.000116348
0.000118732
0.000106812
0.000108719
0.000137329
0.000112534
0.000117540
0.000111580
0.000265837
0.000167131
0.000132084
0.000125647
0.000108957
0.000111580
0.000107288
0.000209093
0.000242472
0.000259161
0.000278473
0.000262976
0.000248909
0.000148296
0.000118971
0.000114441
0.000138521
0.000118494
0.000140429
0.000123501
0.000123262
0.000123739
0.000135660
0.000128031
0.000113964
0.000113964
0.000108719
0.000113249
0.000115395
0.000114441
0.000118256
0.000120401
0.000117779
0.000116110
0.000110388
0.000111341
0.000107765
0.000114441
0.000119448
0.000138044
0.000116587
0.000118256
0.000114441
0.000140429
0.000110388
0.000112057
0.000088692
0.000117779
0.000111580
0.000119925
0.000119925
0.000108242
0.000115156
0.000118732
0.000111580
0.000108480
0.000108242
0.000113487
0.000112534
0.000113487
0.000118732
0.000107050
0.000114441
0.000115871
0.000110388
0.000110388
0.000112534
0.000114441
0.000117302
0.000114918
0.000118017
0.000124454
0.000116110
0.000115871
0.000111580
0.000110626
0.000106335
0.000113487
0.000112295
0.000121117
0.000116587
0.000111103
0.000113249
0.000120163
0.000122309
0.000110149
0.000107288
0.000112057
0.000111580
0.000110388
0.000120878
0.000110626
0.000113964
0.000112772
0.000109911
0.000111341
0.000110865
0.000113726
0.000118256
0.000113726
0.000119448
0.000108242
0.000113964
0.000115633
0.000109434
0.000108957
0.000108480
0.000141621
0.000111341
0.000119686
0.000215292
0.000136137
0.000127554
0.000130177
0.000114441
0.000113726
0.000109673
0.000115156
0.000113726
0.000112772
0.000121117
0.000122547
0.000115156
0.000115633
0.000108957
0.000109673
0.000106812
0.000112295
0.000120640
0.000114918
0.000120401
0.000111818
0.000114679
0.000114918
0.000110865
0.000112295
0.000117779
0.000116110
0.000114202
0.000119209
0.000120878
0.000115156
0.000116348
0.000121593
0.000111341
0.000113487
0.000109434
0.000113964
0.000112295
0.000111341
0.000115871
0.000117064
0.000114918
0.000114202
0.000109196
0.000115871
0.000113964
0.000115156
0.000119448
0.000112295
0.000116348
0.000108957
0.000118256
0.000114918
0.000099421
0.000111341
0.000111103
0.000112772
0.000110388
0.000119448
0.000119686
0.000107527
0.000116587
0.000121355
0.000108719
0.000110626
0.000109673
0.000112057
0.000110149
0.000112057
0.000117779
0.000107765
0.000114441
0.000116110
0.000110626
0.000109911
0.000106096
0.000112057
0.000115633
0.000112057
0.000118256
0.000119686
0.000114679
0.000113726
0.000114918
0.000114679
0.000109911
0.000125647
0.000114441
0.000118732
0.000115633
0.000111580
0.000113964
0.000119925
0.000110626
0.000110149
0.000106573
0.000116587
0.000115156
0.000111341
0.000120640
0.000106573
0.000115395
0.000112295
0.000108242
0.000108957
0.000106573
0.000112057
0.000115871
0.000112772
0.000118732
0.000111341
0.000112772
0.000117064
0.000108480
0.000110388
0.000105619
0.000112057
0.000111341
0.000118732
0.000117302
0.000123501
0.000115156
0.000118971
0.000110149
0.000109911
0.000106335
0.000112057
0.000111818
0.000112295
0.000118017
0.000130892
0.000118256
0.000119209
0.000110865
0.000112295
0.000108242
0.000111341
0.000095606
0.000111103
0.000119686
0.000108719
0.000118732
0.000115633
0.000108242
0.000110388
0.000107288
0.000113249
0.000113010
0.000118017
0.000119686
0.000108004
0.000112772
0.000118732
0.000109911
0.000110626
0.000105858
0.000114679
0.000109673
0.000110149
0.000116110
0.000117064
0.000115871
0.000112772
0.000110388
0.000115156
0.000106812
0.000112772
0.000117540
0.000113249
0.000124216
0.000110626
0.000115395
0.000116825
0.000110149
0.000111580
0.000107288
0.000112295
0.000109434
0.000118256
0.000121593
0.000111341
0.000113726
0.000121355
0.000114918
0.000114441
0.000111103
0.000112534
0.000113010
0.000112057
0.000126362
0.000109911
0.000115871
0.000116348
0.000108957
0.000110626
0.000110149
0.000117540
0.000120401
0.000126362
0.000120640
0.000118732
0.000116825
0.000116348
0.000108719
0.000111341
0.000107527
0.000113010
0.000114441
0.000120163
0.000118971
0.000113487
0.000115156
0.000124216
0.000113249
0.000110388
0.000107765
0.000112295
0.000114202
0.000110388
0.000120401
0.000111103
0.000115156
0.000113964
0.000108242
0.000110626
0.000106335
0.000112772
0.000117540
0.000112772
0.000119925
0.000109434
0.000118017
0.000116348
0.000109434
0.000111341
0.000106335
0.000112295
0.000108957
0.000118494
0.000116348
0.000118256
0.000125408
0.000121355
0.000110865
0.000110388
0.000106812
0.000113487
0.000112534
0.000112057
0.000117064
0.000107765
0.000112772
0.000115395
0.000109196
0.000111818
0.000111818
0.000112772
0.000121593
0.000114202
0.000120640
0.000113726
0.000113487
0.000115156
0.000110626
0.000111818
0.000105858
0.000113010
0.000110388
0.000118732
0.000146151
0.000187159
