0.085756063
0.000246048
0.000279427
0.000248432
0.000283241
0.000281572
0.000257254
0.000284910
0.000248432
0.000192404
0.000241995
0.000281811
0.000280857
0.000245571
0.000281334
0.000288248
0.000280380
0.000279903
0.000265360
0.000272274
0.000286341
0.000283957
0.000281811
0.000214815
0.000217676
0.000224590
0.000278711
0.000212431
0.000282288
0.000284672
0.000251293
0.000295639
0.000278234
0.000249386
0.000604391
0.000254631
0.000221491
0.000232935
0.000227213
0.000228882
0.000266790
0.000229359
0.000269175
0.000278473
0.000264645
0.000276089
0.000499725
0.000254869
0.000270605
0.000281334
0.000244379
0.000289202
0.000281811
0.000253439
0.000282288
0.000277996
0.000271320
0.000281572
0.000247240
0.000284672
0.000280142
0.000334978
0.000282526
0.000225544
0.000276804
0.000280142
0.000283480
0.000279665
0.000226736
0.000281811
0.000279903
0.000281811
0.000283003
0.000262499
0.000284195
0.000284672
0.000241280
0.000280857
0.000274420
0.000257969
0.000279665
0.000261307
0.000273228
0.000282049
0.000283718
0.000279188
0.000260353
0.000279188
0.000281572
0.000285149
0.000280619
0.000255346
0.000277758
0.000234365
0.000277281
0.000283003
0.000279427
0.000278473
0.000279665
0.000259399
0.000270367
0.000258446
0.000259638
0.000262499
0.000246286
0.000259399
0.000258207
0.000264168
0.000262022
0.000231028
0.000257969
0.000254631
0.000261068
0.000257969
0.000246048
0.000259638
0.000255823
0.000258923
0.000261068
0.000234127
0.000262737
0.000261545
0.000258923
0.000260353
0.000245333
0.000261784
0.000259638
0.000253677
0.000257015
0.000248909
0.000260830
0.000257492
0.000253439
0.000257254
0.000257969
0.000254154
0.000257015
0.000240803
0.000252724
0.000258923
0.000261068
0.000259876
0.000261545
0.000261545
0.000260115
0.000248909
0.000263929
0.000258207
0.000263453
0.000256538
0.000253677
0.000250578
0.000257492
0.000260115
0.000257254
0.000246048
0.000257015
0.000261784
0.000262260
0.000262260
0.000259399
0.000257492
0.000260353
0.000262260
0.000261068
0.000256777
0.000260830
0.000260830
0.000256538
0.000259399
0.000263453
0.000256777
0.000259876
0.000244141
0.000257015
0.000257015
0.000261068
0.000255585
0.000253677
0.000259161
0.000257730
0.000243664
0.000262499
0.000257492
0.000260353
0.000263691
0.000253201
0.000256062
0.000258207
0.000262499
0.000260353
0.000248671
0.000261068
0.000261545
0.000265121
0.000260592
0.000256300
0.000261784
0.000262976
0.000246048
0.000261545
0.000257730
0.000256538
0.000260592
0.000251055
0.000256777
0.000259638
0.000257254
0.000258446
0.000248194
0.000263214
0.000258684
0.000254154
0.000260830
0.000258923
0.000258684
0.000257492
0.000247478
0.000256062
0.000247240
0.000257492
0.000261307
0.000257254
0.000254393
0.000260592
0.000254631
0.000258207
0.000254869
0.000257730
0.000257730
0.000257492
0.000264406
0.000259638
0.000260115
0.000257254
0.000256777
0.000258446
0.000244379
0.000262499
0.000260353
0.000261784
0.000257492
0.000239134
0.000257254
0.000251055
0.000254869
0.000257969
0.000265360
0.000260592
0.000253916
0.000248432
0.000247717
0.000258684
0.000258446
0.000257254
0.000245333
0.000259161
0.000258207
0.000261545
0.000257492
0.000255585
0.000238180
0.000218630
0.000148773
0.000252724
0.000259638
0.000260115
0.000262499
0.000261545
0.000264883
0.000258923
0.000261307
0.000259638
0.000256300
0.000256062
0.000258207
0.000257730
0.000258684
0.000254631
0.000265121
0.000260115
0.000277996
0.000247717
0.000251055
0.000261784
0.000260592
0.000259161
0.000267506
0.000258684
0.000259161
0.000251770
0.000260592
0.000264406
0.000261784
0.000259876
0.000242472
0.000262260
0.000260830
0.000254631
0.000262499
0.000249386
0.000234604
0.000262260
0.000262260
0.000252724
0.000266790
0.000261784
0.000255823
0.000250816
0.000258684
0.000261784
0.000260353
0.000260592
0.000257254
0.000255108
0.000255108
0.000256777
0.000253677
0.000242710
0.000255346
0.000257730
0.000203848
0.000251770
0.000238657
0.000256777
0.000260115
0.000259876
0.000258923
0.000261068
0.000257730
0.000259876
0.000257730
0.000261307
0.000257969
0.000254393
0.000259399
0.000252962
0.000255108
0.000257254
0.000260353
0.000260830
0.000257492
0.000259399
0.000254631
0.000260592
0.000253439
0.000250816
0.000231504
0.000254154
0.000262022
0.000258207
0.000258446
0.000258923
0.000261307
0.000259399
0.000254631
0.000258207
0.000255108
0.000259161
0.000247240
0.000257254
0.000214338
0.000260592
0.000256777
0.000265598
0.000257969
0.000257969
0.000264406
0.000257730
0.000259161
0.000254869
0.000257969
0.000252247
0.000256777
0.000245094
0.000258207
0.000257969
0.000256777
0.000257969
0.000259399
0.000251770
0.000263453
0.000259638
0.000258923
0.000248194
0.000252485
0.000258923
0.000258923
0.000258923
0.000262022
0.000236511
0.000261068
0.000261784
0.000261545
0.000264406
0.000243425
0.000261545
0.000260353
0.000258923
0.000258923
0.000250101
0.000260353
0.000256538
0.000251770
0.000264645
0.000257254
0.000259161
0.000261068
0.000251770
0.000261307
0.000259161
0.000261545
0.000257969
0.000250340
0.000256777
0.000259161
0.000259638
0.000262022
0.000255585
0.000257492
0.000258923
0.000257254
0.000256538
0.000257015
0.000259876
0.000262022
0.000245094
0.000248194
0.000264168
0.000260353
0.000260830
0.000267982
0.000262499
0.000257015
0.000258446
0.000258446
0.000260353
0.000257969
0.000239134
0.000250578
0.000261068
0.000258207
0.000260830
0.000262260
0.000248909
0.000259161
0.000258684
0.000259876
0.000260830
0.000263214
0.000258207
0.000263929
0.000271320
0.000256300
0.000260353
0.000262499
0.000258684
0.000258446
0.000259399
0.000257730
0.000262737
0.000265121
0.000243425
0.000258446
0.000260592
0.000258684
0.000260115
0.000245571
0.000255823
0.000254393
0.000259638
0.000257492
0.000265598
0.000262022
0.000253916
0.000252962
0.000258684
0.000258207
0.000262499
0.000262737
0.000248909
0.000257730
0.000256538
0.000260115
0.000259399
0.000243425
0.000257730
0.000257254
0.000257730
0.000260115
0.000257015
0.000258207
0.000255823
0.000261068
0.000256777
0.000260830
0.000261307
0.000260353
0.000245094
0.000262499
0.000276089
0.000258923
0.000256777
0.000295401
0.000263453
0.000257969
0.000262499
0.000259399
0.000261307
0.000260115
0.000264645
0.000260115
0.000257969
0.000262499
0.000261068
0.000257254
0.000246048
0.000257730
0.000259399
0.000259638
0.000258446
0.000254631
0.000253916
0.000258684
0.000261545
0.000260830
0.000259399
0.000263453
0.000266314
0.000255823
0.000262499
0.000257730
0.000260592
0.000253201
0.000258684
0.000260592
0.000259638
0.000251532
0.000260830
0.000257730
0.000261784
0.000258446
0.000250101
0.000262976
0.000258207
0.000257254
0.000262976
0.000249624
0.000261784
0.000263929
0.000259161
0.000259399
0.000258923
0.000256062
0.000259399
0.000250101
0.000262499
0.000254154
0.000258923
0.000260830
0.000251532
0.000258207
0.000260115
0.000257730
0.000257730
0.000244856
0.000257254
0.000253439
0.000257492
0.000257969
0.000247955
0.000257969
0.000262022
0.000255585
0.000258446
0.000260592
0.000261068
0.000256062
0.000261307
0.000258923
0.000265837
0.000258207
0.000258207
0.000245571
0.000263929
0.000259638
0.000259638
0.000260353
0.000264645
0.000263691
0.000265121
0.000263453
0.000258684
0.000261068
0.000262260
0.000257730
0.000257254
0.000237226
0.000263691
0.000256538
0.000262737
0.000253439
0.000261545
0.000257015
0.000260353
0.000259638
0.000257492
0.000260353
0.000258684
0.000261307
0.000258207
0.000259399
0.000258684
0.000261307
0.000262737
0.000260830
0.000256777
0.000244379
0.000258923
0.000258207
0.000262976
0.000259161
0.000260592
0.000258923
0.000260353
0.000257730
0.000242710
0.000258684
0.000263214
0.000258207
0.000262260
0.000261068
0.000268459
0.000257015
0.000254393
0.000262022
0.000256300
0.000257492
0.000263453
0.000259161
0.000266552
0.000259399
0.000261545
0.000257969
0.000256777
0.000247002
0.000258684
0.000256777
0.000262976
0.000261307
0.000262499
0.000265598
0.000257969
0.000246763
0.000253916
0.000260830
0.000260115
0.000262499
0.000247002
0.000261545
0.000261068
0.000251055
0.000259876
0.000261307
0.000254631
0.000266075
0.000260830
0.000262022
0.000261784
0.000256777
0.000262022
0.000252247
0.000261784
0.000260830
0.000261068
0.000261068
0.000264645
0.000255108
0.000259876
0.000246525
0.000264406
0.000262022
0.000263929
0.000257254
0.000266075
0.000265837
0.000256538
0.000260353
0.000255346
0.000259638
0.000257969
0.000263453
0.000243902
0.000261545
0.000257730
0.000261784
0.000264883
0.000261545
0.000262499
0.000253201
0.000259161
0.000258446
0.000257492
0.000260115
0.000239134
0.000240088
0.000260353
0.000261545
0.000259638
0.000261068
0.000259399
0.000257015
0.000251293
0.000260592
0.000245333
0.000267029
0.000264883
0.000258446
0.000249624
0.000263453
0.000263929
0.000264168
0.000263453
0.000246286
0.000254154
0.000258923
0.000261068
0.000264645
0.000256538
0.000257254
0.000263453
0.000259399
0.000260592
0.000259876
0.000261068
0.000260830
0.000253677
0.000254869
0.000260830
0.000262737
0.000264406
0.000244856
0.000261307
0.000261545
0.000257492
0.000259399
0.000266552
0.000240803
0.000262260
0.000260353
0.000264168
0.000260592
0.000262737
0.000257254
0.000246763
0.000261545
0.000258684
0.000255823
0.000260592
0.000247240
0.000259399
0.000267744
0.000265837
0.000261068
0.000247955
0.000253439
0.000257492
0.000260592
0.000255108
0.000257969
0.000257254
0.000257730
0.000257015
0.000258207
0.000258923
0.000251532
0.000253677
0.000240326
0.000247717
0.000256062
0.000249386
0.000256538
0.000251055
0.000249147
0.000225544
0.000245810
0.000251293
0.000249624
0.000247478
0.000225306
0.000231266
0.000247717
0.000250578
0.000251770
0.000239134
0.000235796
0.000230074
0.000253201
0.000249863
0.000217915
0.000259399
0.000251055
0.000253677
0.000257730
0.000216961
0.000255108
0.000256062
0.000249624
0.000244856
0.000228167
0.000258684
0.000250816
0.000253677
0.000258207
0.000226259
0.000254631
0.000252247
0.000251055
0.000252962
0.000227213
0.000256062
0.000254869
0.000253916
0.000256300
0.000230074
0.000258684
0.000230074
0.000253916
0.000256777
0.000229359
0.000261068
0.000261068
0.000262499
0.000261545
0.000230551
0.000263453
0.000259876
0.000260592
0.000255108
0.000231266
0.000260592
0.000265598
0.000264645
0.000261068
0.000229359
0.000265121
0.000256300
0.000262499
0.000259638
0.000232458
0.000262260
0.000257730
0.000257254
0.000258684
0.000267029
0.000260830
0.000261307
0.000261545
0.000258923
0.000258446
0.000250340
0.000254869
0.000262499
0.000257015
0.000233173
0.000261784
0.000259161
0.000262976
0.000257015
0.000240088
0.000262499
0.000259399
0.000261068
0.000261307
0.000231028
0.000257254
0.000255585
0.000255823
0.000259876
0.000257492
0.000261545
0.000263453
0.000257015
0.000262022
0.000260830
0.000265360
0.000254154
0.000257730
0.000261784
0.000259876
0.000261545
0.000256777
0.000258923
0.000257492
0.000259638
0.000258684
0.000260115
0.000257492
0.000261784
0.000247240
0.000257730
0.000258684
0.000259399
0.000261784
0.000265360
0.000261545
0.000261307
0.000259638
0.000261545
0.000260830
0.000260115
0.000260353
0.000247717
0.000259161
0.000257730
0.000258207
0.000256062
0.000255108
0.000261068
0.000261545
0.000258446
0.000256300
0.000257492
0.000261545
0.000258207
0.000262976
0.000261307
0.000257492
0.000256062
0.000263214
0.000263453
0.000257492
0.000261784
0.000259876
0.000264406
0.000233889
0.000258446
0.000257730
0.000254631
0.000261545
0.000259876
0.000256777
0.000261068
0.000254393
0.000262499
0.000257969
0.000253916
0.000247002
0.000254869
0.000256777
0.000249147
0.000260830
0.000262976
0.000261068
0.000257969
0.000259161
0.000257015
0.000258207
0.000261784
0.000257254
0.000260353
0.000255108
0.000258923
0.000262022
0.000258684
0.000261545
0.000257015
0.000261307
0.000263453
0.000257969
0.000262022
0.000256777
0.000260830
0.000257015
0.000266075
0.000257254
0.000259161
0.000260592
0.000257492
0.000254869
0.000262499
0.000258446
0.000261784
0.000257730
0.000260830
0.000257969
0.000257492
0.000253201
0.000257492
0.000258923
0.000263929
0.000262022
0.000262260
0.000257969
0.000265598
0.000235081
0.000258684
0.000258446
0.000259161
0.000270844
