0.013381004
0.002749920
0.003513336
0.003523588
0.002937317
0.003555775
0.012842894
0.002914906
0.003510952
0.002973080
0.003066301
0.003493309
0.003503561
0.002724648
0.002964258
0.003456116
0.002909422
0.002954245
0.003498554
0.003511429
0.003007650
0.003629208
0.003529787
0.002879143
0.003492832
0.003453970
0.002937794
0.002917290
0.012974977
0.002994299
0.003062487
0.002937078
0.003493309
0.003504276
0.003469944
0.002943277
0.002949715
0.002896547
0.003521681
0.003551960
0.003509998
0.002899885
0.003501177
0.003518343
0.002918720
0.002900362
0.003523827
0.003477097
0.003489971
0.002894640
0.003519535
0.002919674
0.002900124
0.003512383
0.002934694
0.003520250
0.002902985
0.003509760
0.003494263
0.002884388
0.002951145
0.003521442
0.002921820
0.003493547
0.003494024
0.003504276
0.002932072
0.003500700
0.002907753
0.002913952
0.002961397
0.002919436
0.003502369
0.003498554
0.002892733
0.003473997
0.002920151
0.002900839
0.002934456
0.003504753
0.003534555
0.002870083
0.003502846
0.002941847
0.002959967
0.003518820
0.003496170
0.002920151
0.003476381
0.003507853
0.003535748
0.002929926
0.002973795
0.002717733
0.003522158
0.003537178
0.002899408
0.003480911
0.002939701
0.002953291
0.002894402
0.002747297
0.002735138
0.002722025
0.002729654
0.002722740
0.002727032
0.002752066
0.002712965
0.002757072
0.002753496
0.002741337
0.002699375
0.002726555
0.002742290
0.002706528
0.002705574
0.002734661
0.002722502
0.002775431
0.002726316
0.002745390
0.002745628
0.002718210
0.002728701
0.002743721
0.002726793
0.002755404
0.002733946
0.002712488
0.002722263
0.002720594
0.002749205
0.002710342
0.002749681
0.002691031
0.002731800
0.002758741
0.002705574
0.002727509
0.002701283
0.002768517
0.002726793
0.002714872
0.002742767
0.002739906
0.002736568
0.002720118
0.002735615
0.002745152
0.002754211
0.002714157
0.002730846
0.002714872
0.002736092
0.002714872
0.002750874
0.002710104
0.002732277
0.002742529
0.002711058
0.002743483
0.002720118
0.002740622
0.002730608
0.002699375
0.002746105
0.002713203
0.002731323
0.002714872
0.002716541
0.002712727
0.002721548
0.002759457
0.002753258
0.002703905
0.002715349
0.002712965
0.002727747
0.002713919
0.002725601
0.002743959
0.002719402
0.002753258
0.002693415
0.002734184
0.002712250
0.002724171
0.002755404
0.002724648
0.002798319
0.002729893
0.002714157
0.002748251
0.002711296
0.002747774
0.002710581
0.002739906
0.002747059
0.002714634
0.002719402
0.002702713
0.002739668
0.002753735
0.002775908
0.002760649
0.002704144
0.002731562
0.002734661
0.002743959
0.002753496
0.002731800
0.002769947
0.002700806
0.002735138
0.002742052
0.002722025
0.002712727
0.002726793
0.002717733
0.002759457
0.002705097
0.002739668
0.002695799
0.002717495
0.002739906
0.002752781
0.002744913
0.002714396
0.002723694
0.002731323
0.002774715
0.002752304
0.002747774
0.002729416
0.002714634
0.002687216
0.002758980
0.002791166
0.002732754
0.002701998
0.002698183
0.002757788
0.002706766
0.002723217
0.002714396
0.002722740
0.002732038
0.002724171
0.002772093
0.002700329
0.002716541
0.002744675
0.002715349
0.002749443
0.002708912
0.002770185
0.002749205
0.002726555
0.002739429
0.002726793
0.002743244
0.002721071
0.002712250
0.002752542
0.002699137
0.002726793
0.002704620
0.002728224
0.002734423
0.002711535
0.002713203
0.002699614
0.002721786
0.002740860
0.002746105
0.002717257
0.002694607
0.002749205
0.002732515
0.002717018
0.002796412
0.002706051
0.002737045
0.002733707
0.002726078
0.002756357
0.002709627
0.002745628
0.002740860
0.002736330
0.002754927
0.002707481
0.002721310
0.002738237
0.002712011
0.002734423
0.002720833
0.002744436
0.002741337
0.002719641
0.002722979
0.002722502
0.002777100
0.002709389
0.002740860
0.002745867
0.002707481
0.002776861
0.002708673
0.002746344
0.002747536
0.002736568
0.002732277
0.002714634
0.002741098
0.002739429
0.002721548
0.002754211
0.002708197
0.002724648
0.002746582
0.002713442
0.002742529
0.002698660
0.002725363
0.002707243
0.002738953
0.002736568
0.002720118
0.002765179
0.002697706
0.002748728
0.002730608
0.002737761
0.002743006
0.002745152
0.002766848
0.002709150
0.002739191
0.002709150
0.002702951
0.002730131
0.002742529
0.002745867
0.002725601
0.002722502
0.002758503
0.002713442
0.002741575
0.002707005
0.002712250
0.002768755
0.002703905
0.002729893
0.002709389
0.002722502
0.002726793
0.002732515
0.002711058
0.002695322
0.002693653
0.002708197
0.002711058
0.002765656
0.002708435
0.002739906
0.002724886
0.002718925
0.002737522
0.002700329
0.002720594
0.002714872
0.002718925
0.002742052
0.002738714
0.002737045
0.002707958
0.002703905
0.002735138
0.002745867
0.002738476
0.002707481
0.002747059
0.002729416
0.002750397
0.002737761
0.002730846
0.002738714
0.002731323
0.002721071
0.002764702
0.002756834
0.002726078
0.002730131
0.002732515
0.002740860
0.002712727
0.002732515
0.002744913
0.002749681
0.002741575
0.002705097
0.002719641
0.002743244
0.002715826
0.002802134
0.002725363
0.002733946
0.002704382
0.002725601
0.002753735
0.002719879
0.002751112
0.002732992
0.002717018
0.002733231
0.002717733
0.002739429
0.002711773
0.002725363
0.002706051
0.002746820
0.002797604
0.002739429
0.002720594
0.002701044
0.002722979
0.002743006
0.002713442
0.002766609
0.002723217
0.002733707
0.002771616
0.002726078
0.002763271
0.002706289
0.002741814
0.002700806
0.002720118
0.002743244
0.002694607
0.002732277
0.002704859
0.002745390
0.002709389
0.002701521
0.002704382
0.002740860
0.002716064
0.002712011
0.002733231
0.002728701
0.002713680
0.002735138
0.002717495
0.002709627
0.002743959
0.002739668
0.002733946
0.002725124
0.002700806
0.002728939
0.002711058
0.002713203
0.002730131
0.002748251
0.002751112
0.002735138
0.002725124
0.002749920
0.002716541
0.002734184
0.002697706
0.002713680
0.002759457
0.002744198
0.002755404
0.002724171
0.002719402
0.002755404
0.002705812
0.002728939
0.002771616
0.002736568
0.002736807
0.002730370
0.002719402
0.002720833
0.002706766
0.002758503
0.002714157
0.002745628
0.002733707
0.002711296
0.002748489
0.002741098
0.002742290
0.002712727
0.002744913
0.002742052
0.002760172
0.002741575
0.002715111
0.002717257
0.002750635
0.002718449
0.002748728
0.002708673
0.002742052
0.002731085
0.002715111
0.002754211
0.002740383
0.002758026
0.002744198
0.002710342
0.002753735
0.002730131
0.002732277
0.002713442
0.002720594
0.002750158
0.002765179
0.002743244
0.002729654
0.002711058
0.002736807
0.002724409
0.002759457
0.002712727
0.002739668
0.002729893
0.002696276
0.002748013
0.002709150
0.002772570
0.002711058
0.002758980
0.002722502
0.002719402
0.002735138
0.002701044
0.002697706
0.002741098
0.002750635
0.002745628
0.002718925
0.002725124
0.002735853
0.002727270
0.002745390
0.002714396
0.002738237
0.002763033
0.002717495
0.002750874
0.002700806
0.002730370
0.002725601
0.002738237
0.002734661
0.002726316
0.002711535
0.002719641
0.002784729
0.002761364
0.002711296
0.002727270
0.002704620
0.002735376
0.002737284
0.002709866
0.002720356
0.002714157
0.002718449
0.002756834
0.002706766
0.002758026
0.002706766
0.002717733
0.002737761
0.002719641
0.002735615
0.002719402
0.002721071
0.002738476
0.002740860
0.002733469
0.002726793
0.002728701
0.002755404
0.002732515
0.002754211
0.002789736
0.002735615
0.002752304
0.002726793
0.002753258
0.002712727
0.002738237
0.002709389
0.002732515
0.002748728
0.002706766
0.002734423
0.002736568
0.003168821
0.002851248
0.002729177
0.002737522
0.002721548
0.003110170
0.002755880
0.002734900
0.002739668
0.002754450
0.003169537
0.002742290
0.002722263
0.002738953
0.002714634
0.002899647
0.002727747
0.002778053
0.002714872
0.002761602
0.002695322
0.002730608
0.002732515
0.002779722
0.002716541
0.002732277
0.002737999
0.002725363
0.002779484
0.002726793
0.002740383
0.002727985
0.002757788
0.002714396
0.002728224
0.002728701
0.002723455
0.002726078
0.002705097
0.002762318
0.002701521
0.002722502
0.002720118
0.002738476
0.002745628
0.002727270
0.002757788
0.002722263
0.002722979
0.002734661
0.002712488
0.002745390
0.002722502
0.002760410
0.002732754
0.002735615
0.002727985
0.002714634
0.002709866
0.002714396
0.002730370
0.002752542
0.002718925
0.002724648
0.002730846
0.002744436
0.002721071
0.002710342
0.002726078
0.002722979
0.002730131
0.002736568
0.002744198
0.002728701
0.002707005
0.002758503
0.002723694
0.002725363
0.002804518
0.002730131
0.002730846
0.002758980
0.002736330
0.002746344
0.002715349
0.002748013
0.002719164
0.002789736
0.002748728
0.002719641
0.002746582
0.002732754
0.002728224
0.002725840
0.002735138
0.002768993
0.002738476
0.002743244
0.002729654
0.002716303
0.002753019
0.002716064
0.002751350
0.002733469
0.002711058
0.002755642
0.002721548
0.002752304
0.002764702
0.002763271
0.002762556
0.002713442
0.002734184
0.002727509
0.002732754
0.002757311
0.002709866
0.002739906
0.002767563
0.002753258
0.002745152
0.002727747
0.002761602
0.002736807
0.002756357
0.002747536
0.002727747
0.002765894
0.002703428
0.002754211
0.002748489
0.002741337
0.002763271
0.002754450
0.002733946
0.002719641
0.002745628
0.002735376
0.002704144
0.002713203
0.002741337
0.002755880
0.002730608
0.002727985
0.002761364
0.002725840
0.002746820
0.002736807
0.002714872
0.002753496
0.002721548
0.002738476
0.002713203
0.002724171
0.002721548
0.002754450
0.002740383
0.002741814
0.002718687
0.002729416
0.002726793
0.002761364
0.002742529
0.002723932
0.002747774
0.002735853
0.002723694
0.002705336
0.002730370
0.002741575
0.002725124
0.002758265
0.002714872
0.002757072
0.002741098
0.002723694
0.002746105
0.002721310
0.002757788
0.002755404
0.002726793
0.002754450
0.002747774
0.002724171
0.002751112
0.002722979
0.002791166
0.002730608
0.002742290
0.002796173
0.002721071
0.002766609
0.002745152
0.002739429
0.002712727
0.002746582
0.002758265
0.002763033
0.002732754
0.002717733
0.002743959
0.002771616
0.002725840
0.002783775
0.002729654
0.002762318
0.002730846
0.002727270
0.002741098
0.002741337
0.002766132
0.002772570
0.002707481
0.002746582
0.002737045
0.002763271
0.002739191
0.002734423
0.002740145
0.002779245
0.002744675
0.002750874
0.002718449
0.002740383
0.002730131
0.002784014
0.002718449
0.002755642
0.002777338
0.002766609
0.002812624
0.002743006
0.002773046
0.002745390
0.002741814
0.002740860
0.002738953
0.002756596
0.002713680
0.002715349
0.002747059
0.002776146
0.002716303
0.002718210
0.002719402
0.002763033
0.002720594
0.002740383
0.002737761
0.002732515
0.002743006
0.002731562
0.002760172
0.002733946
0.002748728
0.002747774
0.002737284
0.002761841
0.002724171
0.002733946
0.002716541
0.002731562
0.002755880
0.002747536
0.002742052
0.002728462
0.002720594
0.002760172
0.002717972
0.002759457
0.002715349
0.002750635
0.002766848
0.002744913
0.002779484
0.002730608
0.002717257
0.002737522
0.002708673
0.002763748
0.002779722
0.002743006
0.002714634
0.002758503
0.002752066
0.002746344
0.002726793
0.002743483
0.002719402
0.002755404
0.002754688
0.002749681
0.002702951
0.002736568
0.002741337
0.002732754
0.002759218
0.002746820
0.002776146
0.002740383
0.002714396
0.002747297
0.002744436
0.002766609
0.002764225
0.002726555
0.002740622
0.002740145
0.002738953
0.002746344
0.002743721
0.002761841
0.002743959
0.002739191
0.002722979
0.002804518
0.002743244
0.002718210
0.002708912
0.002717018
0.002755165
0.002736092
0.002738237
0.002720833
0.002709627
0.002716303
0.002746582
0.002721310
0.002723694
0.002720833
0.002726793
0.002725601
0.002709150
0.002747774
0.002708912
0.002777815
0.002708673
0.002733707
0.002730131
0.002698898
0.002723932
0.002712488
0.002735615
0.002716541
0.002707243
0.002741337
0.002736330
0.002716303
0.002749205
0.002727985
0.002731323
0.002732038
0.002714634
0.002730846
0.002699614
0.002723694
0.002696037
0.002726078
0.002734900
0.002708912
0.002740145
0.002697229
0.002720594
0.002733946
0.002712488
0.002738953
0.002701998
0.002723932
0.002716541
0.002705812
0.002750635
0.002708197
0.002740383
0.002706528
0.002722263
0.002750397
0.002720118
0.002706051
0.002720833
0.002749920
0.002738953
0.002730131
0.002732992
0.002718925
0.002791643
0.002719402
0.002736568
0.002716780
0.002733946
0.002741814
0.002745867
0.002760649
0.002780437
