0.000230551
0.000272751
0.000239611
0.000225544
0.000243902
0.000241756
0.000244141
0.000245333
0.000241280
0.000241995
0.000246763
0.000246763
0.000241041
0.000243425
0.000244856
0.000247955
0.000229359
0.000237465
0.000247955
0.000238895
0.000245333
0.000242949
0.000240803
0.000241518
0.000239849
0.000240803
0.000241756
0.000242710
0.000241995
0.000218153
0.000241518
0.000241041
0.000242472
0.000241518
0.000244856
0.000241518
0.000241995
0.000243425
0.000241756
0.000244379
0.000243664
0.000242710
0.000233650
0.000242710
0.000243187
0.000242233
0.000245810
0.000241995
0.000237703
0.000236750
0.000232935
0.000241995
0.000249386
0.000239611
0.000241041
0.000241041
0.000242233
0.000241756
0.000242949
0.000243902
0.000242949
0.000242233
0.000237703
0.000244379
0.000241756
0.000245571
0.000246525
0.000245094
0.000248909
0.000258923
0.000241995
0.000242949
0.000241280
0.000244379
0.000244379
0.000245094
0.000243425
0.000243187
0.000246286
0.000243187
0.000242949
0.000237226
0.000242710
0.000245571
0.000243664
0.000241280
0.000255585
0.000243425
0.000246525
0.000245571
0.000241995
0.000241518
0.000244379
0.000243425
0.000241995
0.000243664
0.000243664
0.000243664
0.000241280
0.000241518
0.000240803
0.000241041
0.000239134
0.000241041
0.000240803
0.000240326
0.000240088
0.000236511
0.000239611
0.000242233
0.000239849
0.000242472
0.000241280
0.000236988
0.000233412
0.000235081
0.000239372
0.000242710
0.000238419
0.000251055
0.000243187
0.000241041
0.000240564
0.000228643
0.000239849
0.000240564
0.000240803
0.000241280
0.000240564
0.000239372
0.000242949
0.000241041
0.000227690
0.000241280
0.000242233
0.000237703
0.000256062
0.000240564
0.000241518
0.000239134
0.000239611
0.000244856
0.000241756
0.000241756
0.000241041
0.000242710
0.000241995
0.000240088
0.000240326
0.000241280
0.000239849
0.000243187
0.000243425
0.000241756
0.000241518
0.000241995
0.000241756
0.000241280
0.000242949
0.000242233
0.000241041
0.000240088
0.000240564
0.000243902
0.000248671
0.000243664
0.000241280
0.000241280
0.000241041
0.000251293
0.000241041
0.000242710
0.000243664
0.000242233
0.000252247
0.000244141
0.000245333
0.000244379
0.000244379
0.000225306
0.000221968
0.000221968
0.000232935
0.000241995
0.000241518
0.000241756
0.000255346
0.000231266
0.000240803
0.000250101
0.000241995
0.000241518
0.000241756
0.000243187
0.000240564
0.000245571
0.000237226
0.000244379
0.000241518
0.000240088
0.000243902
0.000240326
0.000240564
0.000258446
0.000242710
0.000241756
0.000238895
0.000243425
0.000240564
0.000243425
0.000242710
0.000242710
0.000238419
0.000241041
0.000239134
0.000241995
0.000239134
0.000239134
0.000241756
0.000231028
0.000257492
0.000244141
0.000240803
0.000239611
0.000243187
0.000241756
0.000238419
0.000240088
0.000242949
0.000239372
0.000242472
0.000240803
0.000240326
0.000237703
0.000239849
0.000239849
0.000241280
0.000262737
0.000239134
0.000244141
0.000245571
0.000241518
0.000241995
0.000241041
0.000241280
0.000243425
0.000239372
0.000233650
0.000232697
0.000245571
0.000239372
0.000240564
0.000237226
0.000237465
0.000241041
0.000240326
0.000238419
0.000238657
0.000242710
0.000242710
0.000241756
0.000239134
0.000240088
0.000241041
0.000242949
0.000242233
0.000238419
0.000242710
0.000242710
0.000241518
0.000255823
0.000232697
0.000241280
0.000240803
0.000240564
0.000242710
0.000241041
0.000240803
0.000241280
0.000240326
0.000240326
0.000241041
0.000239849
0.000241518
0.000239849
0.000222206
0.000241756
0.000257492
0.000239849
0.000237942
0.000240564
0.000243425
0.000234842
0.000241041
0.000241756
0.000242710
0.000241995
0.000241280
0.000237703
0.000240564
0.000202179
0.000228643
0.000238180
0.000241041
0.000261307
0.000260353
0.000242949
0.000245333
0.000242710
0.000237703
0.000231266
0.000240803
0.000239134
0.000237703
0.000233412
0.000233412
0.000245571
0.000238657
0.000236750
0.000245810
0.000241756
0.000254869
0.000242710
0.000241756
0.000242233
0.000236988
0.000242472
0.000241041
0.000259161
0.000241280
0.000240326
0.000239611
0.000240326
0.000236750
0.000239372
0.000239611
0.000238419
0.000239611
0.000250340
0.000239134
0.000230551
0.000240564
0.000238180
0.000241041
0.000240564
0.000241280
0.000237703
0.000242710
0.000238895
0.000242233
0.000241756
0.000242472
0.000243902
0.000239611
0.000238419
0.000257492
0.000240803
0.000241518
0.000239849
0.000240326
0.000242472
0.000238419
0.000256062
0.000240564
0.000238180
0.000241041
0.000242949
0.000239372
0.000238419
0.000240803
0.000242710
0.000229120
0.000247717
0.000241518
0.000242949
0.000242472
0.000240803
0.000241756
0.000241756
0.000239849
0.000230551
0.000237226
0.000231028
0.000239134
0.000241756
0.000241518
0.000240326
0.000241756
0.000240088
0.000256300
0.000237226
0.000240088
0.000241041
0.000237226
0.000228643
0.000241995
0.000244856
0.000239372
0.000239134
0.000240088
0.000239849
0.000244617
0.000245571
0.000241280
0.000240088
0.000257492
0.000222206
0.000247240
0.000242233
0.000241756
0.000237703
0.000219107
0.000238895
0.000240326
0.000243902
0.000243902
0.000241518
0.000240326
0.000244617
0.000229359
0.000240803
0.000237465
0.000239372
0.000238657
0.000235558
0.000252962
0.000253916
0.000249863
0.000249147
0.000253201
0.000256300
0.000288725
0.000250101
0.000252724
0.000246763
0.000232697
0.000243425
0.000253439
0.000251293
0.000248671
0.000240326
0.000231266
0.000248909
0.000247955
0.000228405
0.000251770
0.000237942
0.000252485
0.000249624
0.000252008
0.000253677
0.000208139
0.000249386
0.000247955
0.000187874
0.000254631
0.000248432
0.000251770
0.000247717
0.000247717
0.000233650
0.000254869
0.000249386
0.000248909
0.000257015
0.000250101
0.000240088
0.000256300
0.000249624
0.000255585
0.000253439
0.000255585
0.000254631
0.000251055
0.000251293
0.000245810
0.000254154
0.000248909
0.000246286
0.000251293
0.000255585
0.000239134
0.000252962
0.000248671
0.000187874
0.000249147
0.000254631
0.000252724
0.000250816
0.000251055
0.000251532
0.000250578
0.000255108
0.000249863
0.000256538
0.000250340
0.000250340
0.000254393
0.000251055
0.000245094
0.000240326
0.000255823
0.000255823
0.000248909
0.000243187
0.000248432
0.000250101
0.000243664
0.000254393
0.000242710
0.000235796
0.000251532
0.000253201
0.000257015
0.000157118
0.000252485
0.000252962
0.000250340
0.000251293
0.000243187
0.000242710
0.000248671
0.000247955
0.000254154
0.000252485
0.000252008
0.000249624
0.000249863
0.000250816
0.000237703
0.000251770
0.000254869
0.000251293
0.000253439
0.000260830
0.000251770
0.000247717
0.000253439
0.000249386
0.000259399
0.000240088
0.000256777
0.000248909
0.000251532
0.000149965
0.000251293
0.000250578
0.000250101
0.000253201
0.000246048
0.000252247
0.000252485
0.000250340
0.000248671
0.000252008
0.000248432
0.000251055
0.000230312
0.000254393
0.000248671
0.000250101
0.000251055
0.000258684
0.000250816
0.000254393
0.000256777
0.000252962
0.000249147
0.000250340
0.000251293
0.000247240
0.000253677
0.000246048
0.000253916
0.000150681
0.000250578
0.000252724
0.000251532
0.000249386
0.000248909
0.000245571
0.000256062
0.000253677
0.000248671
0.000250340
0.000254154
0.000249147
0.000256538
0.000250101
0.000248671
0.000260830
0.000252247
0.000248194
0.000255346
0.000253677
0.000248432
0.000248432
0.000249147
0.000247478
0.000253439
0.000249147
0.000250101
0.000250340
0.000256300
0.000168562
0.000265598
0.000250578
0.000244379
0.000249386
0.000254393
0.000260830
0.000244617
0.000251055
0.000253677
0.000248194
0.000259638
0.000251055
0.000247478
0.000251293
0.000252724
0.000220060
0.000253439
0.000250816
0.000252724
0.000248909
0.000227213
0.000251770
0.000250816
0.000253439
0.000256300
0.000243664
0.000253201
0.000248671
0.000255823
0.000305176
0.000257730
0.000253916
0.000248432
0.000255108
0.000239849
0.000248671
0.000253439
0.000249624
0.000246525
0.000255108
0.000254631
0.000245333
0.000247717
0.000247240
0.000239849
0.000250816
0.000251770
0.000247717
0.000249863
0.000244141
0.000237942
0.000240326
0.000260115
0.000261545
0.000252724
0.000250101
0.000252724
0.000250340
0.000250101
0.000312090
0.000250101
0.000252008
0.000251770
0.000235796
0.000253916
0.000250340
0.000249863
0.000252008
0.000241995
0.000249624
0.000250816
0.000253916
0.000250816
0.000228405
0.000250816
0.000251293
0.000251055
0.000249386
0.000242710
0.000257730
0.000253201
0.000248909
0.000252485
0.000221968
0.000250578
0.000247717
0.000256062
0.000251770
0.000245333
0.000252962
0.000252485
0.000252485
0.000256300
0.000249863
0.000256300
0.000249863
0.000255585
0.000251532
0.000230551
0.000252247
0.000247240
0.000251770
0.000255108
0.000265360
0.000251770
0.000251055
0.000253201
0.000254393
0.000245333
0.000250578
0.000248432
0.000238895
0.000256538
0.000251055
0.000256062
0.000249624
0.000251293
0.000254631
0.000251532
0.000261545
0.000252724
0.000262976
0.000251055
0.000251532
0.000254154
0.000254154
0.000251293
0.000253916
0.000248432
0.000252247
0.000254869
0.000253201
0.000252724
0.000250340
0.000252724
0.000250578
0.000257969
0.000253916
0.000245810
0.000253201
0.000252962
0.000272274
0.000257492
0.000248671
0.000252485
0.000255823
0.000249147
0.000254869
0.000252485
0.000262499
0.000255823
0.000251293
0.000252962
0.000248671
0.000255108
0.000256300
0.000245571
0.000258446
0.000255823
0.000252247
0.000254154
0.000250816
0.000255823
0.000252485
0.000253439
0.000253439
0.000254154
0.000258446
0.000255108
0.000243664
0.000250816
0.000250816
0.000250340
0.000253439
0.000267267
0.000248909
0.000253439
0.000253201
0.000252724
0.000254869
0.000254631
0.000253677
0.000254631
0.000251293
0.000256300
0.000253439
0.000254393
0.000247478
0.000245333
0.000247717
0.000250816
0.000254631
0.000239372
0.000257254
0.000251532
0.000246525
0.000253677
0.000252724
0.000253201
0.000252962
0.000251770
0.000259399
0.000254869
0.000258207
0.000258684
0.000248432
0.000249624
0.000252247
0.000253201
0.000251293
0.000256538
0.000256300
0.000252008
0.000254869
0.000249386
0.000246763
0.000255585
0.000251532
0.000251055
0.000261545
0.000264168
0.000252962
0.000253439
0.000253916
0.000250101
0.000252008
0.000253677
0.000252962
0.000252962
0.000252247
0.000252247
0.000250340
0.000252724
0.000258923
0.000252962
0.000252724
0.000249863
0.000253916
0.000254154
0.000250816
0.000252724
0.000255823
0.000250578
0.000247240
0.000251293
0.000252008
0.000248194
0.000254631
0.000228882
0.000253677
0.000249386
0.000247240
0.000252962
0.000247002
0.000250816
0.000248671
0.000248432
0.000247717
0.000227213
0.000247955
0.000245094
0.000249863
0.000252485
0.000250578
0.000254154
0.000247955
0.000245571
0.000246525
0.000243187
0.000241041
0.000233412
0.000235796
0.000241995
0.000239134
0.000233173
0.000241280
0.000236988
0.000232458
0.000235558
0.000235319
0.000235558
0.000235081
0.000232458
0.000236750
0.000241756
0.000248194
0.000237703
0.000244617
0.000246048
0.000244617
0.000246286
0.000238895
0.000245810
0.000241995
0.000245094
0.000243425
0.000221252
0.000248909
0.000244141
0.000242233
0.000248671
0.000237226
0.000245333
0.000245094
0.000245571
0.000244617
0.000246048
0.000248432
0.000257015
0.000248909
0.000248194
0.000244856
0.000249624
0.000248432
0.000248432
0.000252247
0.000251055
0.000255108
0.000247955
0.000255108
0.000253677
0.000248909
0.000250101
0.000249386
0.000261068
0.000254631
0.000253201
0.000267267
0.000250816
0.000253439
0.000254869
0.000251293
0.000256538
0.000249863
0.000252724
0.000246048
0.000255346
0.000255108
0.000254869
0.000253677
0.000255585
0.000254154
0.000250101
0.000247717
0.000257969
0.000242949
0.000257015
0.000253677
0.000255823
0.000253916
0.000253439
0.000252485
0.000253201
0.000251055
0.000249863
0.000253677
0.000250101
0.000255585
0.000259399
0.000253439
0.000252724
0.000252485
0.000253677
0.000247955
0.000253916
0.000242710
0.000259161
0.000236511
0.000249147
0.000251770
0.000252962
0.000255585
0.000252724
0.000249863
0.000251532
0.000255108
0.000245094
0.000254393
0.000252962
0.000252962
0.000252008
0.000252724
0.000249147
0.000251293
0.000247240
0.000253201
0.000250816
0.000250816
0.000253201
0.000251532
0.000252247
0.000248194
0.000252247
0.000252485
0.000256300
