0.011615992
0.000919819
0.001006842
0.001026869
0.001016855
0.000868797
0.000840187
0.001008749
0.001031399
0.000881910
0.000945807
0.000870466
0.001028776
0.000872135
0.001050711
0.000838995
0.001008749
0.000883818
0.001013279
0.001012564
0.000871658
0.000880241
0.001017094
0.001027584
0.000871897
0.000863552
0.001003027
0.000871420
0.001021385
0.000862122
0.000992060
0.011617422
0.001009226
0.001010895
0.000872374
0.001008272
0.000838280
0.000882626
0.001012325
0.000866175
0.000878096
0.000992060
0.000857353
0.001010656
0.001016855
0.000892401
0.001015186
0.000869274
0.000878334
0.001014948
0.000881195
0.001002550
0.001027584
0.000858545
0.001010656
0.000871897
0.000861406
0.001010180
0.001012087
0.001022577
0.000869274
0.001017809
0.001014948
0.001014233
0.000869989
0.000877619
0.000877142
0.001012325
0.000864267
0.001014948
0.001006126
0.001013994
0.000880957
0.000920773
0.000859261
0.001004934
0.001009226
0.000874758
0.000851870
0.000887394
0.001024961
0.001017570
0.001007795
0.000876427
0.001008272
0.001015902
0.001008034
0.000883579
0.001005411
0.000872374
0.001010180
0.000872135
0.001008511
0.001022816
0.001024961
0.000870705
0.000876427
0.001011133
0.000856876
0.000861406
0.000830173
0.000869751
0.000834703
0.000838280
0.000832081
0.000835419
0.000845909
0.000834465
0.000852346
0.000862360
0.000852108
0.000842571
0.000853062
0.000836372
0.000858068
0.000843763
0.000851870
0.000828028
0.000828028
0.000834942
0.000815392
0.000827074
0.000837088
0.000838995
0.000834227
0.000850201
0.000827312
0.000833035
0.000816584
0.000832558
0.000831604
0.000842810
0.000819445
0.000820398
0.000854492
0.000836849
0.000829697
0.000838995
0.000835896
0.000837326
0.000832319
0.000809908
0.000849247
0.000857115
0.000818253
0.000834227
0.000810146
0.000839710
0.000823021
0.000838518
0.000834942
0.000851393
0.000830173
0.000837088
0.000835419
0.000840664
0.000833273
0.000856400
0.000843763
0.000814199
0.000866413
0.000826359
0.000839710
0.000837803
0.000840187
0.000837564
0.000837326
0.000836372
0.000860929
0.000835419
0.000837564
0.000839472
0.000840187
0.000829458
0.000834942
0.000842571
0.000829220
0.000836611
0.000832081
0.000829220
0.000831127
0.000835180
0.000844002
0.000833988
0.000838995
0.000848293
0.000840425
0.000845194
0.000826359
0.000811815
0.000836134
0.000840425
0.000829458
0.000840425
0.000820398
0.000835180
0.000837088
0.000840187
0.000839710
0.000838995
0.000843525
0.000834227
0.000833035
0.000836611
0.000837088
0.000838995
0.000839472
0.000827074
0.000836134
0.000840664
0.000856161
0.000856876
0.000838757
0.000824213
0.000838518
0.000833988
0.000837803
0.000827551
0.000838041
0.000833988
0.000834227
0.000834942
0.000831127
0.000838757
0.000828028
0.000834227
0.000820398
0.000836372
0.000836134
0.000811100
0.000835419
0.000836849
0.000838995
0.000835657
0.000815630
0.000833511
0.000839233
0.000835896
0.000837326
0.000844479
0.000823975
0.000838041
0.000831842
0.000834465
0.000835419
0.000836849
0.000834465
0.000835657
0.000837564
0.000838041
0.000840187
0.000838280
0.000843048
0.000832558
0.000837803
0.000832796
0.000838757
0.000834227
0.000841379
0.000836849
0.000827789
0.000833750
0.000853777
0.000836611
0.000835657
0.000834942
0.000848293
0.000843048
0.000824451
0.000833035
0.000823021
0.000833988
0.000831604
0.000840902
0.000838518
0.000837088
0.000835419
0.000834942
0.000839472
0.000834227
0.000834465
0.000836849
0.000851393
0.000836611
0.000832796
0.000838995
0.000843525
0.000836134
0.000833035
0.000837564
0.000823498
0.000838041
0.000840902
0.000837564
0.000838280
0.000833988
0.000838518
0.000804186
0.000843287
0.000841618
0.000840664
0.000857115
0.000840664
0.000835180
0.000839233
0.000829220
0.000838280
0.000844240
0.000833035
0.000836849
0.000830412
0.000834465
0.000859022
0.000836849
0.000838995
0.000815868
0.000838041
0.000837803
0.000836849
0.000836372
0.000829935
0.000832796
0.000833511
0.000837803
0.000840664
0.000836372
0.000837088
0.000833988
0.000834465
0.000837803
0.000824690
0.000834942
0.000836134
0.000828981
0.000838757
0.000836134
0.000821829
0.000840187
0.000839472
0.000835419
0.000838518
0.000838041
0.000834942
0.000833988
0.000838518
0.000864029
0.000820875
0.000833988
0.000837803
0.000837088
0.000871658
0.000839233
0.000838995
0.000839949
0.000834703
0.000834942
0.000822067
0.000835419
0.000833988
0.000834465
0.000835419
0.000837326
0.000838280
0.000828266
0.000838757
0.000854969
0.000835896
0.000836134
0.000831127
0.000835657
0.000832558
0.000837803
0.000837803
0.000844479
0.000826359
0.000834942
0.000831127
0.000839710
0.000838280
0.000837564
0.000837326
0.000833750
0.000838518
0.000846624
0.000823736
0.000835657
0.000834942
0.000839472
0.000813723
0.000823736
0.000843525
0.000828266
0.000846863
0.000834227
0.000847816
0.000835657
0.000837564
0.000836134
0.000834942
0.000844955
0.000838518
0.000831366
0.000844002
0.000862837
0.000835896
0.000838518
0.000836372
0.000833273
0.000827074
0.000834942
0.000836849
0.000831842
0.000836611
0.000859737
0.000837564
0.000834942
0.000835657
0.000837088
0.000801325
0.000837564
0.000844479
0.000834703
0.000841856
0.000838995
0.000841141
0.000839949
0.000842094
0.000833988
0.000814438
0.000834703
0.000835180
0.000836849
0.000839710
0.000853539
0.000834703
0.000839710
0.000831842
0.000833988
0.000844717
0.000834465
0.000837564
0.000838280
0.000823975
0.000856638
0.000831366
0.000836849
0.000834465
0.000833273
0.000849962
0.000822306
0.000836611
0.000838757
0.000841379
0.000846624
0.000819921
0.000834227
0.000835419
0.000835657
0.000838280
0.000834465
0.000837088
0.000842333
0.000837088
0.000854731
0.000826120
0.000835419
0.000838280
0.000836611
0.000849009
0.000838518
0.000828981
0.000837088
0.000835657
0.000855446
0.000839949
0.000834942
0.000832081
0.000830889
0.000834465
0.000833035
0.000838280
0.000836134
0.000823259
0.000853062
0.000843525
0.000834703
0.000835896
0.000835896
0.000861645
0.000842571
0.000838518
0.000836372
0.000832319
0.000853539
0.000826120
0.000835896
0.000841379
0.000835180
0.000808954
0.000837803
0.000842094
0.000838757
0.000837564
0.000834465
0.000832558
0.000835657
0.000833750
0.000833035
0.000849485
0.000836611
0.000831127
0.000830173
0.000837326
0.000836134
0.000860929
0.000838280
0.000833035
0.000833511
0.000823498
0.000837088
0.000830412
0.000828266
0.000832319
0.000836372
0.000838757
0.000837564
0.000837326
0.000835657
0.000837088
0.000823259
0.000828505
0.000806093
0.000836372
0.000835419
0.000830650
0.000838757
0.000797272
0.000842571
0.000837803
0.000831366
0.000830889
0.000846148
0.000834465
0.000834942
0.000831604
0.000833750
0.000831842
0.000836849
0.000837088
0.000830889
0.000835657
0.000834465
0.000838280
0.000838995
0.000840187
0.000836849
0.000838518
0.000840425
0.000833988
0.000831842
0.000832558
0.000835419
0.000829220
0.000835419
0.000842571
0.000833273
0.000861883
0.000843287
0.000838041
0.000833511
0.000832319
0.000833750
0.000835180
0.000835419
0.000841856
0.000841618
0.000835419
0.000827789
0.000838041
0.000865221
0.000832796
0.000837326
0.000834227
0.000838518
0.000848770
0.000841856
0.000823736
0.000830650
0.000838518
0.000859737
0.000798702
0.000836134
0.000828028
0.000836611
0.000838280
0.000837564
0.000843763
0.000834942
0.000833511
0.000854254
0.000814438
0.000846624
0.000836134
0.000837088
0.000838757
0.000828028
0.000833988
0.000846386
0.000837803
0.000840902
0.000821829
0.000837088
0.000808716
0.000834942
0.000838995
0.000849247
0.000838280
0.000834703
0.000837803
0.000836134
0.000828743
0.000839949
0.000841379
0.000834942
0.000835896
0.000840902
0.000836372
0.000837564
0.000837326
0.000833273
0.000821829
0.000834703
0.000838757
0.000834703
0.000832558
0.000812531
0.000837564
0.000838757
0.000827074
0.000832796
0.000823021
0.000835657
0.000837803
0.000808954
0.000838280
0.000840664
0.000836849
0.000836611
0.000829697
0.000835896
0.000820637
0.000834942
0.000836134
0.000829458
0.000841379
0.000846624
0.000835180
0.000834227
0.000825882
0.000835180
0.000822783
0.000832796
0.000838757
0.000829935
0.000834703
0.000849962
0.000835657
0.000838041
0.000836849
0.000833988
0.000848055
0.000834227
0.000835657
0.000826359
0.000836849
0.000840902
0.000842333
0.000835419
0.000832319
0.000836372
0.000833988
0.000833511
0.000836372
0.000829697
0.000839472
0.000833035
0.000842571
0.000837326
0.000851870
0.000822067
0.000838041
0.000827074
0.000838995
0.000820160
0.000838041
0.000837326
0.000836372
0.000836134
0.000867605
0.000835896
0.000834227
0.000832081
0.000849247
0.000827312
0.000837088
0.000851631
0.000838041
0.000838995
0.000871897
0.000822067
0.000839472
0.000837564
0.000839949
0.000814915
0.000838995
0.000832319
0.000854254
0.000835896
0.000842333
0.000835657
0.000834465
0.000839710
0.000838280
0.000846863
0.000840425
0.000832558
0.000828743
0.000837088
0.000852108
0.000837326
0.000836134
0.000836372
0.000833035
0.000863075
0.000832081
0.000837564
0.000838757
0.000839472
0.000838995
0.000826836
0.000837803
0.000830650
0.000838518
0.000859976
0.000821590
0.000854254
0.000806093
0.000834942
0.000835180
0.000834942
0.000833511
0.000833750
0.000834465
0.000862598
0.000840664
0.000840664
0.000824213
0.000837088
0.000855446
0.000832319
0.000834465
0.000839233
0.000825644
0.000841141
0.000826120
0.000831366
0.000834703
0.000829935
0.000838757
0.000841856
0.000835657
0.000840664
0.000814438
0.000833511
0.000838995
0.000835180
0.000838518
0.000832319
0.000835657
0.000833750
0.000819683
0.000842094
0.000827074
0.000837803
0.000838757
0.000835657
0.000836134
0.000830889
0.000831842
0.000823021
0.000836611
0.000834465
0.000830412
0.000838280
0.000836611
0.000831366
0.000838280
0.000830412
0.000847816
0.000839233
0.000835896
0.000837326
0.000828743
0.000850916
0.000836849
0.000835419
0.000845909
0.000828028
0.000838518
0.000838518
0.000832796
0.000837088
0.000845909
0.000838041
0.000839949
0.000826836
0.000822544
0.000834942
0.000837803
0.000831842
0.000834942
0.000834703
0.000833511
0.000836849
0.000835180
0.000838041
0.000840902
0.000830173
0.000836372
0.000841856
0.000833750
0.000838518
0.000828505
0.000837803
0.000841141
0.000835657
0.000834703
0.000830412
0.000839472
0.000837326
0.000838041
0.000835657
0.000832796
0.000832796
0.000840425
0.000819445
0.000839710
0.000836134
0.000838280
0.000833988
0.000833273
0.000834465
0.000865936
0.000835180
0.000842810
0.000841856
0.000843763
0.000817537
0.000825405
0.000838280
0.000839949
0.000820160
0.000843287
0.000839949
0.000855923
0.000843048
0.000837326
0.000835896
0.000840664
0.000860214
0.000834703
0.000839949
0.000840425
0.000836372
0.000818253
0.000837803
0.000835419
0.000835896
0.000842094
0.000825644
0.000838757
0.000834465
0.000836849
0.000839233
0.000829220
0.000835657
0.000835657
0.000837088
0.000842571
0.000860929
0.000841141
0.000838757
0.000842571
0.000840902
0.000840664
0.000839949
0.000834703
0.000837803
0.000842333
0.000849247
0.000839233
0.000833511
0.000835657
0.000834465
0.000871897
0.000835657
0.000839710
0.000866652
0.000838995
0.000835657
0.000836372
0.000834465
0.000835657
0.000839710
0.000807524
0.000836849
0.000838041
0.000836849
0.000856400
0.000860691
0.000837564
0.000836372
0.000813007
0.000838041
0.000840187
0.000835896
0.000835419
0.000833035
0.000833988
0.000849962
0.000837088
0.000851631
0.000838041
0.000818491
0.000833750
0.000831366
0.000832319
0.000836611
0.000823498
0.000831604
0.000833273
0.000835896
0.000833273
0.000838518
0.000817537
0.000833035
0.000813484
0.000838757
0.000836372
0.000829220
0.000842094
0.000837088
0.000841856
0.000817537
0.000817060
0.000839710
0.000849247
0.000827312
0.000839710
0.000816107
0.000838041
0.000848055
0.000833511
0.000833750
0.000811338
0.000841141
0.000830412
0.000841618
0.000828028
0.000835896
0.000821352
0.000846148
0.000822067
0.000840664
0.000828505
0.000838995
0.000833511
0.000821352
0.000822783
0.000844479
0.000833750
0.000861406
0.000837088
0.000839472
0.000838280
0.000828743
0.000857353
0.000836372
0.000840187
0.000826836
0.000838518
0.000864267
0.000838995
0.000840902
0.000824690
0.000823259
0.000865698
0.000836372
0.000839472
0.000844240
