0.011755228
0.001685143
0.001738310
0.001450539
0.001713514
0.001725197
0.001829147
0.001477957
0.001398325
0.001702547
0.001517534
0.001476526
0.001734257
0.001471996
0.001711130
0.001456499
0.001733541
0.001711607
0.001689672
0.001444340
0.001538277
0.001475096
0.001451254
0.001719236
0.001723528
0.001486301
0.001481533
0.001712322
0.001452208
0.001452684
0.001726151
0.001465082
0.001705408
0.001444817
0.001713753
0.012072325
0.001469612
0.001439571
0.001693487
0.001722813
0.001723289
0.001476288
0.001705647
0.001729727
0.001471043
0.001451492
0.001395464
0.001726866
0.001714945
0.001478672
0.001707554
0.001720428
0.001706839
0.001489639
0.001445770
0.001690149
0.001705408
0.001463652
0.001476288
0.001446724
0.001717806
0.001720905
0.001467466
0.001726151
0.001706123
0.001463652
0.001442194
0.001716614
0.001745224
0.001452208
0.001704693
0.001739979
0.001485348
0.001707077
0.001444578
0.001712561
0.001724958
0.001454830
0.001725674
0.001475573
0.001473904
0.001734734
0.001456022
0.001448870
0.001737118
0.012231827
0.001707792
0.001456022
0.001452684
0.001466513
0.001733780
0.001729250
0.001465082
0.001456022
0.001713753
0.001733541
0.001455069
0.001713991
0.001718998
0.001463652
0.001456022
0.001383543
0.001390934
0.001387596
0.001410484
0.001400471
0.001390696
0.001398087
0.001391411
0.001393080
0.001395226
0.001392365
0.001393318
0.001410246
0.001398563
0.001382113
0.001396656
0.001402617
0.001404762
0.001390457
0.001390934
0.001409292
0.001399755
0.001414061
0.001400948
0.001396418
0.001395226
0.001393080
0.001384497
0.001393557
0.001388550
0.001395702
0.001391172
0.001392365
0.001392603
0.001396418
0.001393080
0.001392603
0.001396179
0.001395226
0.001394033
0.001406908
0.001384020
0.001397848
0.001390457
0.001395702
0.001392841
0.001387119
0.001408577
0.001390934
0.001395941
0.001384020
0.001383066
0.001425505
0.001393080
0.001384497
0.001399517
0.001398087
0.001416922
0.001393080
0.001395226
0.001384974
0.001395702
0.001395941
0.001399279
0.001392126
0.001391888
0.001388550
0.001392603
0.001404285
0.001398087
0.001389265
0.001407623
0.001384974
0.001394272
0.001415014
0.001393080
0.001393080
0.001404524
0.001391411
0.001392126
0.001386642
0.001396656
0.001382113
0.001395226
0.001399040
0.001394987
0.001395702
0.001389027
0.001390934
0.001391888
0.001395226
0.001388788
0.001387358
0.001389503
0.001430511
0.001391888
0.001395702
0.001393318
0.001394272
0.001393080
0.001397133
0.001396894
0.001389980
0.001387835
0.001393080
0.001387358
0.001396894
0.001386642
0.001389742
0.001389265
0.001381874
0.001387119
0.001384497
0.001398802
0.001394272
0.001388073
0.001390696
0.001390934
0.001389503
0.001387596
0.001385450
0.001389742
0.001378298
0.001404285
0.001397371
0.001393080
0.001401901
0.001393080
0.001393557
0.001383781
0.001384735
0.001377583
0.001382113
0.001384258
0.001390696
0.001389742
0.001390457
0.001392841
0.001386881
0.001394510
0.001392126
0.001389027
0.001384497
0.001384974
0.001389503
0.001387596
0.001389503
0.001388550
0.001389742
0.001376867
0.001391411
0.001438379
0.001406908
0.001416922
0.001390457
0.001413107
0.001378775
0.001394510
0.001389027
0.001389027
0.001398087
0.001390696
0.001392841
0.001391411
0.001389265
0.001410007
0.001386642
0.001386404
0.001384258
0.001396179
0.001393557
0.001379967
0.001400471
0.001388073
0.001392603
0.001395226
0.001392126
0.001393318
0.001387835
0.001391172
0.001411200
0.001388073
0.001390219
0.001381397
0.001380682
0.001411676
0.001385212
0.001405954
0.001392841
0.001384735
0.001390457
0.001394987
0.001396179
0.001389027
0.001386642
0.001394987
0.001387596
0.001402378
0.001394510
0.001394749
0.001404285
0.001390219
0.001387596
0.001388550
0.001391172
0.001379728
0.001440287
0.001421690
0.001389980
0.001393795
0.001385927
0.001375437
0.001383066
0.001386642
0.001397610
0.001382113
0.001389980
0.001419067
0.001390696
0.001406193
0.001391172
0.001391649
0.001394272
0.001385927
0.001408815
0.001398325
0.001394510
0.001381159
0.001393080
0.001400471
0.001387835
0.001393557
0.001380682
0.001397610
0.001390696
0.001388788
0.001391172
0.001393557
0.001392365
0.001388550
0.001391172
0.001403093
0.001387119
0.001388788
0.001385450
0.001389503
0.001389980
0.001384974
0.001388788
0.001426697
0.001383305
0.001388788
0.001384497
0.001390219
0.001399755
0.001402378
0.001389980
0.001383781
0.001394510
0.001396656
0.001393318
0.001383781
0.001385927
0.001417637
0.001384497
0.001388788
0.001395226
0.001379967
0.001384020
0.001384974
0.001401901
0.001385450
0.001381159
0.001395464
0.001383305
0.001386404
0.001391649
0.001382351
0.001391411
0.001410723
0.001381636
0.001388788
0.001379490
0.001389980
0.001385689
0.001381874
0.001389027
0.001383543
0.001385927
0.001390457
0.001380920
0.001399755
0.001388073
0.001386404
0.001388550
0.001379013
0.001431704
0.001387119
0.001388073
0.001394749
0.001389980
0.001405716
0.001392603
0.001393080
0.001393557
0.001386166
0.001409531
0.001384497
0.001384258
0.001385450
0.001384735
0.001401901
0.001383543
0.001377106
0.001382351
0.001397371
0.001401663
0.001393318
0.001398802
0.001399279
0.001384497
0.001389027
0.001408339
0.001391649
0.001384974
0.001382589
0.001398325
0.001388073
0.001395941
0.001384974
0.001379728
0.001397133
0.001398087
0.001408339
0.001390696
0.001383305
0.001398802
0.001385927
0.001390696
0.001401663
0.001383781
0.001376390
0.001393795
0.001397610
0.001387358
0.001385450
0.001375675
0.001389027
0.001387835
0.001383781
0.001388550
0.001381636
0.001395941
0.001438379
0.001378298
0.001395702
0.001386642
0.001387358
0.001380444
0.001392126
0.001391888
0.001393795
0.001391411
0.001384497
0.001399279
0.001387835
0.001387596
0.001392603
0.001394749
0.001451254
0.001377344
0.001392841
0.001389027
0.001387358
0.001593351
0.001385450
0.001395941
0.001396179
0.001386166
0.001554966
0.001390219
0.001384258
0.001384497
0.001398087
0.001469612
0.001397133
0.001414061
0.001396894
0.001402378
0.001416922
0.001391649
0.001453876
0.001382589
0.001399994
0.001398563
0.001385927
0.001403093
0.001385450
0.001393557
0.001393080
0.001388550
0.001406908
0.001381874
0.001399040
0.001390219
0.001387596
0.001396656
0.001388550
0.001388788
0.001386166
0.001378775
0.001384020
0.001395941
0.001391172
0.001379967
0.001379490
0.001387596
0.001398802
0.001414061
0.001388311
0.001391649
0.001377344
0.001398563
0.001414537
0.001391411
0.001380444
0.001393318
0.001404285
0.001419306
0.001392365
0.001389980
0.001386881
0.001401901
0.001406908
0.001380682
0.001399040
0.001386166
0.001398802
0.001380920
0.001388550
0.001412868
0.001388788
0.001420259
0.001393318
0.001394749
0.001385212
0.001385212
0.001392603
0.001395464
0.001396418
0.001408100
0.001391888
0.001397133
0.001393557
0.001394272
0.001402378
0.001399040
0.001408100
0.001392126
0.001387835
0.001399517
0.001393080
0.001400471
0.001382828
0.001389980
0.001388073
0.001391649
0.001384497
0.001393795
0.001390696
0.001392126
0.001381159
0.001422882
0.001394272
0.001384497
0.001391649
0.001387358
0.001394749
0.001399279
0.001380444
0.001394987
0.001408577
0.001379251
0.001385212
0.001379728
0.001386642
0.001382351
0.001379013
0.001393557
0.001382351
0.001386166
0.001381159
0.001386642
0.001391888
0.001394749
0.001388311
0.001390934
0.001399755
0.001428127
0.001390934
0.001396894
0.001393795
0.001387358
0.001389027
0.001420498
0.001390457
0.001389265
0.001386166
0.001397133
0.001409531
0.001393795
0.001389742
0.001388550
0.001393557
0.001403809
0.001378298
0.001387358
0.001389027
0.001390219
0.001405716
0.001390457
0.001394510
0.001384258
0.001392603
0.001405716
0.001385689
0.001389980
0.001386881
0.001394272
0.001397848
0.001386642
0.001395941
0.001387119
0.001382113
0.001384497
0.001379728
0.001392841
0.001393557
0.001388788
0.001382589
0.001389027
0.001380444
0.001381636
0.001390934
0.001403332
0.001385927
0.001383305
0.001391411
0.001391888
0.001387358
0.001390696
0.001403809
0.001389980
0.001389265
0.001384020
0.001423597
0.001407623
0.001398325
0.001387596
0.001389265
0.001373768
0.001415491
0.001386642
0.001390934
0.001388073
0.001382589
0.001411200
0.001386166
0.001408815
0.001391411
0.001391411
0.001374722
0.001383305
0.001408100
0.001388550
0.001379490
0.001432896
0.001388073
0.001413822
0.001396894
0.001386404
0.001379967
0.001394987
0.001412868
0.001386166
0.001386166
0.001389027
0.001390934
0.001402617
0.001393557
0.001394272
0.001385927
0.001389265
0.001395702
0.001388788
0.001407623
0.001390457
0.001394033
0.001371384
0.001389980
0.001388311
0.001385450
0.001391172
0.001380205
0.001389503
0.001382589
0.001385689
0.001384497
0.001378298
0.001389027
0.001404762
0.001380205
0.001401424
0.001395941
0.001390934
0.001381397
0.001384974
0.001402140
0.001397133
0.001385450
0.001399040
0.001396179
0.001398563
0.001386404
0.001392603
0.001382113
0.001387358
0.001394033
0.001391172
0.001402140
0.001394033
0.001396179
0.001403809
0.001389503
0.001393557
0.001389265
0.001386881
0.001397371
0.001392841
0.001390457
0.001405239
0.001391172
0.001407862
0.001384020
0.001392126
0.001407146
0.001389742
0.001390219
0.001376390
0.001388073
0.001390219
0.001382589
0.001391411
0.001398563
0.001384258
0.001388550
0.001395941
0.001408577
0.001398802
0.001386642
0.001382351
0.001385212
0.001413345
0.001389742
0.001392841
0.001384020
0.001380444
0.001424789
0.001386881
0.001393795
0.001392126
0.001388311
0.001406908
0.001392365
0.001403809
0.001390219
0.001378059
0.001426697
0.001392126
0.001387358
0.001397610
0.001389742
0.001413822
0.001418114
0.001384497
0.001387596
0.001382828
0.001413822
0.001391172
0.001387358
0.001391888
0.001381159
0.001376390
0.001403809
0.001401424
0.001409531
0.001396656
0.001393318
0.001388550
0.001387119
0.001451731
0.001390696
0.001420259
0.001391649
0.001403332
0.001444340
0.001388311
0.001391411
0.001388311
0.001398802
0.001413345
0.001385689
0.001386166
0.001393318
0.001396656
0.001444817
0.001387358
0.001376152
0.001383781
0.001420736
0.001385689
0.001383781
0.001392841
0.001395941
0.001415730
0.001389503
0.001383543
0.001395464
0.001382589
0.001413107
0.001395702
0.001403332
0.001396656
0.001395941
0.001399994
0.001384258
0.001393080
0.001391411
0.001389503
0.001409769
0.001386404
0.001399755
0.001390457
0.001400948
0.001408100
0.001384020
0.001412630
0.001390457
0.001385927
0.001406193
0.001386166
0.001406908
0.001394749
0.001385927
0.001408339
0.001379490
0.001406193
0.001427650
0.001387596
0.001408577
0.001389027
0.001413345
0.001387119
0.001419544
0.001401424
0.001389503
0.001388073
0.001394033
0.001394272
0.001389980
0.001389742
0.001388550
0.001386642
0.001393795
0.001388550
0.001399994
0.001406908
0.001384497
0.001395941
0.001384497
0.001390219
0.001403332
0.001386166
0.001402140
0.001398325
0.001387358
0.001391411
0.001389027
0.001387119
0.001393557
0.001382351
0.001395226
0.001390219
0.001391411
0.001393318
0.001386642
0.001401901
0.001395941
0.001393080
0.001398563
0.001386166
0.001405001
0.001389980
0.001397848
0.001404047
0.001386642
0.001392603
0.001392126
0.001393795
0.001392365
0.001394510
0.001390934
0.001390934
0.001400232
0.001399517
0.001395941
0.001395941
0.001384735
0.001384020
0.001390219
0.001399040
0.001397133
0.001385689
0.001401663
0.001402617
0.001384974
0.001389742
0.001386404
0.001390457
0.001377106
0.001391411
0.001399040
0.001414061
0.001408339
0.001405954
0.001383781
0.001384974
0.001392126
0.001397848
0.001388550
0.001385689
0.001389027
0.001395702
0.001395464
0.001405478
0.001383781
0.001394510
0.001389980
0.001392603
0.001394272
0.001387596
0.001386404
0.001401663
0.001401901
0.001389265
0.001395464
0.001386881
0.001403809
0.001393318
0.001393080
0.001399279
0.001392126
0.001388073
0.001415253
0.001390696
0.001380920
0.001391411
0.001390219
0.001394749
0.001405001
0.001382589
0.001387596
0.001403332
0.001398087
0.001395941
0.001384258
0.001403332
0.001393795
0.001387835
0.001403809
0.001382589
0.001421928
0.001402617
0.001399040
0.001394510
0.001411676
0.001394987
0.001397610
0.001378775
0.001394033
0.001403093
0.001388073
0.001397133
0.001409054
0.001390457
0.001402855
0.001388788
0.001395464
0.001428366
