0.000610590
0.000662088
0.000654936
0.000678778
0.000575066
0.000583649
0.000651360
0.000582933
0.000701427
0.000573874
0.000652075
0.000651836
0.000573158
0.000661135
0.000580788
0.000653744
0.000650883
0.000577211
0.000573158
0.000653982
0.000649214
0.000576735
0.000670910
0.000651360
0.000650167
0.000558615
0.000562668
0.000578403
0.000644922
0.000581980
0.000655174
0.000661373
0.000601530
0.000665665
0.000652552
0.000656605
0.000574827
0.000681639
0.000578642
0.000564814
0.000575066
0.000682354
0.000638485
0.000659466
0.000643492
0.000576496
0.000585318
0.000650167
0.000563145
0.000647068
0.000580549
0.000672340
0.000655651
0.000578880
0.000642300
0.000575542
0.000647545
0.000654459
0.000569344
0.000666142
0.000596046
0.000577211
0.000578403
0.000658989
0.000652313
0.000570297
0.000663280
0.000611305
0.000572920
0.000652075
0.000588417
0.000601292
0.000654697
0.000592470
0.000576258
0.000651836
0.000576019
0.000576258
0.000646830
0.000662088
0.000639915
0.000572443
0.000556707
0.000654936
0.000564814
0.000653267
0.000663280
0.000574827
0.000645399
0.000664949
0.000587463
0.000585079
0.000572920
0.000651836
0.000575304
0.000652313
0.000650406
0.000576496
0.000564098
0.000665665
0.000563622
0.000566483
0.000558138
0.000549316
0.000548601
0.000559330
0.000557184
0.000560522
0.000553608
0.000578642
0.000548601
0.000560522
0.000559330
0.000566721
0.000550032
0.000561714
0.000556946
0.000563145
0.000541449
0.000543118
0.000580549
0.000549078
0.000546694
0.000566483
0.000554323
0.000561953
0.000559568
0.000561714
0.000549555
0.000538349
0.000551701
0.000583172
0.000548124
0.000560999
0.000549078
0.000554800
0.000549316
0.000564575
0.000555515
0.000559092
0.000550508
0.000576258
0.000568390
0.000560522
0.000544071
0.000556946
0.000548840
0.000563860
0.000551701
0.000559568
0.000552654
0.000561237
0.000560999
0.000592947
0.000558138
0.000546455
0.000574827
0.000537157
0.000562906
0.000555038
0.000553846
0.000564337
0.000555992
0.000573397
0.000569105
0.000550508
0.000549316
0.000560522
0.000555277
0.000553370
0.000544786
0.000557423
0.000559568
0.000564098
0.000531435
0.000571251
0.000549078
0.000555992
0.000547647
0.000558853
0.000541925
0.000576735
0.000549793
0.000563860
0.000548601
0.000551701
0.000575542
0.000527143
0.000553370
0.000557423
0.000552654
0.000561237
0.000561476
0.000556946
0.000555038
0.000561476
0.000532866
0.011161327
0.000523806
0.000567913
0.000576258
0.000548124
0.000550985
0.000559330
0.000550985
0.000559330
0.000557899
0.000561476
0.000557423
0.000553608
0.000531673
0.000536203
0.000555038
0.000526190
0.000549078
0.000556231
0.000553608
0.000551224
0.000535250
0.000568390
0.000580311
0.000563145
0.000539780
0.000566006
0.000553370
0.000559330
0.000555515
0.000560522
0.000552177
0.000566244
0.000552654
0.000595331
0.000549078
0.000538588
0.000560284
0.000540257
0.000552177
0.000576496
0.000556946
0.000566483
0.000552416
0.000559330
0.000556707
0.000551939
0.000543594
0.000558138
0.000554800
0.000562191
0.000543594
0.000553370
0.000569344
0.000555515
0.000551462
0.000539303
0.000550985
0.000546932
0.000548363
0.000563622
0.000547647
0.000564098
0.000551224
0.000547409
0.000552654
0.000559330
0.000551939
0.000559092
0.000552416
0.000563383
0.000550747
0.000562429
0.000553846
0.000582695
0.000554085
0.000563860
0.000536442
0.000563622
0.000551701
0.000557423
0.000551224
0.000558138
0.000550985
0.000555277
0.000548601
0.000556707
0.000567436
0.000556946
0.000547171
0.000557184
0.000554562
0.000580072
0.000549316
0.000562668
0.000551462
0.000557899
0.000531435
0.000557661
0.000554800
0.000564337
0.000548601
0.000558376
0.000529289
0.000558376
0.000541925
0.000559330
0.000550270
0.000555992
0.000549316
0.000537872
0.000551462
0.000560045
0.000554562
0.000563145
0.000549316
0.000563860
0.000548840
0.000558376
0.000548601
0.000563860
0.000554085
0.000557899
0.000552654
0.000560760
0.000572681
0.000563145
0.000551462
0.000562429
0.000552654
0.000555038
0.000560284
0.000559330
0.000530243
0.000557661
0.000551701
0.000559568
0.000549078
0.000560760
0.000556469
0.000555992
0.000554562
0.000558376
0.000548124
0.000560999
0.000555277
0.000569105
0.000548363
0.000543356
0.000548601
0.000555515
0.000549078
0.000557423
0.000545740
0.000559092
0.000549793
0.000554323
0.000550270
0.000563860
0.000555038
0.000560522
0.000570059
0.000558138
0.000548840
0.000559330
0.000541925
0.000521898
0.000506639
0.000577688
0.000544071
0.000558376
0.000525475
0.000560760
0.000556707
0.000557661
0.000556707
0.000554323
0.000553370
0.000563622
0.000552177
0.000555277
0.000549316
0.000554085
0.000555277
0.000557423
0.000548363
0.000525713
0.000547886
0.000564337
0.000551462
0.000558615
0.000550032
0.000560522
0.000530481
0.000561237
0.000546694
0.000553370
0.000550985
0.000563145
0.000541449
0.000562191
0.000549793
0.000560999
0.000554085
0.000547647
0.000569582
0.000579596
0.000554085
0.000560284
0.000526190
0.000537157
0.000554323
0.000559568
0.000550270
0.000574827
0.000553131
0.000562191
0.000552654
0.000563145
0.000554085
0.000558376
0.000546217
0.000554562
0.000534058
0.000556231
0.000557184
0.000555992
0.000545979
0.000555277
0.000553608
0.000558853
0.000529051
0.000559807
0.000551462
0.000563145
0.000551224
0.000556707
0.000548124
0.000560760
0.000550270
0.000559568
0.000547171
0.000540495
0.000553846
0.000567198
0.000550270
0.000560522
0.000542164
0.000561953
0.000545025
0.000561237
0.000551701
0.000543356
0.000564575
0.000551939
0.000545025
0.000560284
0.000577450
0.000559330
0.000556469
0.000551939
0.000553608
0.000577927
0.000552654
0.000557184
0.000538111
0.000558376
0.000553370
0.000559568
0.000550032
0.000557661
0.000551939
0.000556231
0.000549793
0.000550985
0.000545263
0.000568151
0.000552177
0.000561953
0.000551939
0.000551939
0.000550270
0.000559807
0.000552893
0.000560045
0.000553608
0.000561476
0.000553370
0.000558376
0.000547886
0.000560045
0.000552654
0.000561237
0.000545263
0.000564575
0.000552654
0.000544071
0.000553846
0.000543833
0.000555754
0.000567913
0.000552893
0.000562429
0.000557661
0.000555277
0.000553608
0.000558376
0.000548363
0.000548363
0.000552416
0.000551462
0.000557423
0.000560045
0.000556231
0.000558376
0.000551939
0.000569582
0.000543118
0.000560999
0.000551701
0.000559568
0.000537157
0.000563383
0.000546455
0.000559807
0.000544310
0.000552893
0.000557423
0.000554562
0.000556946
0.000557184
0.000573635
0.000564575
0.000565290
0.000566006
0.000553370
0.000518084
0.000553846
0.000557423
0.000556231
0.000542164
0.000571251
0.000578642
0.000553370
0.000568151
0.000555754
0.000562429
0.000556231
0.000568628
0.000545740
0.000562668
0.000555515
0.000562191
0.000552893
0.000543833
0.000549316
0.000555038
0.000550270
0.000560760
0.000548124
0.000539303
0.000550985
0.000558853
0.000555515
0.000552654
0.000553370
0.000557184
0.000550508
0.000564098
0.000550270
0.000565767
0.000550508
0.000566721
0.000550508
0.000557184
0.000559568
0.000561237
0.000545502
0.000558376
0.000552416
0.000561476
0.000556231
0.000560760
0.000552416
0.000558376
0.000556707
0.000560522
0.000557184
0.000560522
0.000549316
0.000557899
0.000549555
0.000549316
0.000553846
0.000566721
0.000554800
0.000561476
0.000552416
0.000560045
0.000553846
0.000561237
0.000551462
0.000559568
0.000535011
0.000558853
0.000540257
0.000564814
0.000549078
0.000559807
0.000549555
0.000539541
0.000551701
0.000563860
0.000552654
0.000563622
0.000550270
0.000555515
0.000557423
0.000554323
0.000555992
0.000583410
0.000552177
0.000560284
0.000540257
0.000559330
0.000548840
0.000567913
0.000551462
0.000541449
0.000554562
0.000553370
0.000557423
0.000563860
0.000527143
0.000561237
0.000554323
0.000567198
0.000548840
0.000558853
0.000553608
0.000554323
0.000539541
0.000552654
0.000553608
0.000561714
0.000553608
0.000563860
0.000551462
0.000564098
0.000552177
0.000559568
0.000547171
0.000553608
0.000550508
0.000563145
0.000551701
0.000560284
0.000554800
0.000555992
0.000555992
0.000563622
0.000553846
0.000560522
0.000552416
0.000558615
0.000550270
0.000556469
0.000553608
0.000559807
0.000541925
0.000565529
0.000553370
0.000564337
0.000543833
0.000565767
0.000545263
0.000563145
0.000556469
0.000556469
0.000549793
0.000565290
0.000553131
0.000561714
0.000549555
0.000555515
0.000549316
0.000578165
0.000549793
0.000555992
0.000553846
0.000558615
0.000543833
0.000563622
0.000549078
0.000560522
0.000549078
0.000572920
0.000553131
0.000565529
0.000552654
0.000556231
0.000567675
0.000556231
0.000554800
0.000562191
0.000549793
0.000563383
0.000548840
0.000562191
0.000549555
0.000558615
0.000553370
0.000555515
0.000552416
0.000560522
0.000552654
0.000562906
0.000551224
0.000561953
0.000546217
0.000553608
0.000579834
0.000565290
0.000555754
0.000564098
0.000550270
0.000560045
0.000550985
0.000561714
0.000543356
0.000565052
0.000550747
0.000558138
0.000554562
0.000549316
0.000558376
0.000563622
0.000556707
0.000555038
0.000551939
0.000558615
0.000551224
0.000541687
0.000549793
0.000555992
0.000549793
0.000560760
0.000544786
0.000563860
0.000548601
0.000556469
0.000550508
0.000562429
0.000556946
0.000558138
0.000551939
0.000556707
0.000574827
0.000554562
0.000553608
0.000561237
0.000556707
0.000545502
0.000559807
0.000562906
0.000559330
0.000556946
0.000556707
0.000568628
0.000549555
0.000542402
0.000555992
0.000567913
0.000557661
0.000556469
0.000552177
0.000564098
0.000554800
0.000563622
0.000553131
0.000539064
0.000558376
0.000565767
0.000546932
0.000563860
0.000550985
0.000556231
0.000556231
0.000544071
0.000555277
0.000562429
0.000549793
0.000564337
0.000553370
0.000563145
0.000552654
0.000564575
0.000552177
0.000561953
0.000549555
0.000560522
0.000558615
0.000564814
0.000558138
0.000564814
0.000556707
0.000537157
0.000550508
0.000560284
0.000547409
0.000556231
0.000547409
0.000567198
0.000551224
0.000562906
0.000550508
0.000557899
0.000546217
0.000563145
0.000554800
0.000561476
0.000552893
0.000566483
0.000547886
0.000563145
0.000552893
0.000570536
0.000557184
0.000558853
0.000554323
0.000559568
0.000535488
0.000564814
0.000551939
0.000556946
0.000555992
0.000561237
0.000552893
0.000550985
0.000553131
0.000560045
0.000553608
0.000567436
0.000552177
0.000538111
0.000550270
0.000558615
0.000558376
0.000562668
0.000547886
0.000565052
0.000555277
0.000557184
0.000549793
0.000537395
0.000555277
0.000556469
0.000551224
0.000556231
0.000550270
0.000559568
0.000553608
0.000543118
0.000551701
0.000559092
0.000555515
0.000558376
0.000542402
0.000557661
0.000552416
0.000561237
0.000549555
0.000543356
0.000557899
0.000536203
0.000552654
0.000563860
0.000546932
0.000564337
0.000548363
0.000560522
0.000549078
0.000558138
0.000554085
0.000563860
0.000555515
0.000554085
0.000552654
0.000565529
0.000558853
0.000543118
0.000554562
0.000539780
0.000555277
0.000539541
0.000546455
0.000542879
0.000543594
0.000565052
0.000566244
0.000555515
0.000550747
0.000528574
0.000559330
0.000567198
0.000560522
0.000556946
0.000508308
0.000569105
0.000551939
0.000560045
0.000547409
0.000564098
0.000544548
0.000556231
0.000550508
0.000551939
0.000550985
0.000557899
0.000552654
0.000561476
0.000546694
0.000559092
0.000568151
0.000566959
0.000555754
0.000572920
0.000553608
0.000583172
0.000556231
0.000557184
0.000543594
0.000557184
0.000552416
0.000559330
0.000552893
0.000571012
0.000560284
0.000563383
0.000553846
0.000557423
0.000546694
0.000553131
0.000551939
0.000559092
0.000552893
0.000560760
0.000557899
0.000557184
0.000539303
0.000553846
0.000552893
0.000560284
0.000554800
0.000542879
0.000554323
0.000564098
0.000559807
0.000561714
0.000540495
0.000564814
0.000553370
0.000562668
0.000556707
0.000569820
0.000557423
0.000559807
0.000548840
0.000557184
0.000551462
0.000558376
0.000556946
0.000566721
0.000557899
0.000560045
0.000554085
0.000562668
0.000543356
0.000555038
0.000554323
0.000561237
0.000550747
0.000559807
0.000551462
0.000555754
0.000554323
0.000556231
0.000580072
0.000555754
0.000555992
0.000538826
0.000549793
0.000574827
0.000548601
0.000554800
0.000558376
0.000555038
0.000553608
0.000561714
0.000554323
0.000546932
0.000553846
0.000544548
