0.000329256
0.000302792
0.000280380
0.000281811
0.000267982
0.000347853
0.000295877
0.000288486
0.000285149
0.000285625
0.000287771
0.000288010
0.000282764
0.000288010
0.000281572
0.000344992
0.000294685
0.000272036
0.000284195
0.000283480
0.000280857
0.000290155
0.000354767
0.000284433
0.000275135
0.000272989
0.000285864
0.000280142
0.000287533
0.000282288
0.000289440
0.000286102
0.000302076
0.000262260
0.000344038
0.000283718
0.000290394
0.000288725
0.000264883
0.000288248
0.000285625
0.000285149
0.000266314
0.000307798
0.000283718
0.000287533
0.000284672
0.000291586
0.000259876
0.000287056
0.000283957
0.000285149
0.000287533
0.000342607
0.000290394
0.000283241
0.000277996
0.000284433
0.000285387
0.000288010
0.000290155
0.000283718
0.000351429
0.000275850
0.000277758
0.000278234
0.000287533
0.000280857
0.000258684
0.000288725
0.000285864
0.000272512
0.000285387
0.000339270
0.000288963
0.000285864
0.000286579
0.000283003
0.000299692
0.000286579
0.000283480
0.000283957
0.000270844
0.000275135
0.000347376
0.000273705
0.000288963
0.000282764
0.000286341
0.000281096
0.000286579
0.000284195
0.000347376
0.000286818
0.000285387
0.000285625
0.000291109
0.000281334
0.000282049
0.000285625
0.000291348
0.000283718
0.000282764
0.000280619
0.000278234
0.000283718
0.000279665
0.000270844
0.000285625
0.000274420
0.000278711
0.000281334
0.000283241
0.000280380
0.000285625
0.000281811
0.000289202
0.000284433
0.000281334
0.000283718
0.000286102
0.000261784
0.000284433
0.000280142
0.000288725
0.000252962
0.000272751
0.000282526
0.000248909
0.000284195
0.000284672
0.000283957
0.000270367
0.000284910
0.000284195
0.000286579
0.000271797
0.000283003
0.000283241
0.000263929
0.000283241
0.000278711
0.000288010
0.000282049
0.000286341
0.000279427
0.000286102
0.000284433
0.000280380
0.000283003
0.000292063
0.000283003
0.000282764
0.000281096
0.000286818
0.000281096
0.000284195
0.000278234
0.000277519
0.000283241
0.000286818
0.000281096
0.000283480
0.000276327
0.000289917
0.000288725
0.000294447
0.000278234
0.000279188
0.000281572
0.000283957
0.000289440
0.000276089
0.000274181
0.000283003
0.000285149
0.000277996
0.000287056
0.000281572
0.000278950
0.000288963
0.000286818
0.000263453
0.000272989
0.000288010
0.000288963
0.000273466
0.000283718
0.000284672
0.000277996
0.000271797
0.000270605
0.000283241
0.000262737
0.000283241
0.000285387
0.000284195
0.000286341
0.000288010
0.000283241
0.000279188
0.000283003
0.000273943
0.000286341
0.000281811
0.000290155
0.000283480
0.000281572
0.000264883
0.000265598
0.000285387
0.000282049
0.000283480
0.000283003
0.000288725
0.000283003
0.000287771
0.000285864
0.000272751
0.000283957
0.000276327
0.000281334
0.000293970
0.000266314
0.000284672
0.000281334
0.000285864
0.000301123
0.000286102
0.000284433
0.000284910
0.000279188
0.000285625
0.000284433
0.000280857
0.000283241
0.000279903
0.000279665
0.000271797
0.000281096
0.000279188
0.000285625
0.000283003
0.000283957
0.000286341
0.000288248
0.000287294
0.000269651
0.000283480
0.000280142
0.000286818
0.000285864
0.000271559
0.000258446
0.000301123
0.000277281
0.000267982
0.000278234
0.000278473
0.000280857
0.000280857
0.000287056
0.000284910
0.000279665
0.000282526
0.000271320
0.000278234
0.000285625
0.000289202
0.000285387
0.000307560
0.000281334
0.000284672
0.000285149
0.000286579
0.000281572
0.000288010
0.000282526
0.000275612
0.000283480
0.000283241
0.000276566
0.000282288
0.000286341
0.000282764
0.000279427
0.000280142
0.000281572
0.000277281
0.000280142
0.000263214
0.000224352
0.000280142
0.000283003
0.000285864
0.000281811
0.000281334
0.000282288
0.000288486
0.000263929
0.000273705
0.000284195
0.000285149
0.000295639
0.000284433
0.000287771
0.000270605
0.000279903
0.000280857
0.000280857
0.000281334
0.000284433
0.000285387
0.000282049
0.000281572
0.000288486
0.000283003
0.000274897
0.000286818
0.000290632
0.000278711
0.000282526
0.000255346
0.000279427
0.000280619
0.000283241
0.000280857
0.000286341
0.000281334
0.000282764
0.000288248
0.000269651
0.000281096
0.000283718
0.000293970
0.000284195
0.000308514
0.000284910
0.000281811
0.000283241
0.000284433
0.000282526
0.000282526
0.000286102
0.000285149
0.000277281
0.000286818
0.000281334
0.000283003
0.000278473
0.000273943
0.000278711
0.000282288
0.000285149
0.000281334
0.000281572
0.000276566
0.000282764
0.000286818
0.000282526
0.000278473
0.000283480
0.000283241
0.000281334
0.000277519
0.000285625
0.000305653
0.000279903
0.000283241
0.000284672
0.000261784
0.000283957
0.000267029
0.000280380
0.000280142
0.000278473
0.000287294
0.000284910
0.000284672
0.000285387
0.000277042
0.000273943
0.000289679
0.000275850
0.000281572
0.000282764
0.000282764
0.000277042
0.000275850
0.000277042
0.000284433
0.000281096
0.000286341
0.000284910
0.000283003
0.000286102
0.000283003
0.000262976
0.000285625
0.000290632
0.000291109
0.000287294
0.000267506
0.000285864
0.000287533
0.000288963
0.000287771
0.000262260
0.000288010
0.000296354
0.000294924
0.000284910
0.000276566
0.000285387
0.000285625
0.000285864
0.000293732
0.000284672
0.000300646
0.000291824
0.000288010
0.000298023
0.000290871
0.000295639
0.000287294
0.000285149
0.000300169
0.000295401
0.000295877
0.000299454
0.000261068
0.000298500
0.000284910
0.000263453
0.000301361
0.000282764
0.000303984
0.000295162
0.000284195
0.000292063
0.000278473
0.000273943
0.000293016
0.000284433
0.000299215
0.000303507
0.000288486
0.000287771
0.000289917
0.000297070
0.000300169
0.000298977
0.000290871
0.000286579
0.000300407
0.000297785
0.000299454
0.000289917
0.000267982
0.000298500
0.000292540
0.000299454
0.000284672
0.000306606
0.000285625
0.000288486
0.000271797
0.000292778
0.000256062
0.000288963
0.000300169
0.000287533
0.000275135
0.000292301
0.000288010
0.000290155
0.000286102
0.000290632
0.000291109
0.000291586
0.000296354
0.000281334
0.000288725
0.000288486
0.000288010
0.000294447
0.000284195
0.000291586
0.000293493
0.000285625
0.000297546
0.000292063
0.000297070
0.000276089
0.000284910
0.000294924
0.000292778
0.000298977
0.000287533
0.000294685
0.000302315
0.000290871
0.000285387
0.000287771
0.000279903
0.000300884
0.000297308
0.000283718
0.000291586
0.000292540
0.000297308
0.000298500
0.000278711
0.000291109
0.000285864
0.000271559
0.000289917
0.000272989
0.000289202
0.000285387
0.000293732
0.000285625
0.000295401
0.000288963
0.000291348
0.000283003
0.000289917
0.000276089
0.000288486
0.000284195
0.000291348
0.000276089
0.000294209
0.000286818
0.000284672
0.000294447
0.000290155
0.000287533
0.000291109
0.000292540
0.000293970
0.000284910
0.000286579
0.000287533
0.000285149
0.000275373
0.000288963
0.000293970
0.000277758
0.000286102
0.000292063
0.000287533
0.000277758
0.000275612
0.000283957
0.000282764
0.000287771
0.000291824
0.000288725
0.000283718
0.000280380
0.000285149
0.000288725
0.000282764
0.000291586
0.000278950
0.000290871
0.000277519
0.000296831
0.000283957
0.000284195
0.000288010
0.000299692
0.000291586
0.000291109
0.000278473
0.000288010
0.000289202
0.000269651
0.000285625
0.000294209
0.000285625
0.000295877
0.000287771
0.000287771
0.000275850
0.000289917
0.000285625
0.000288725
0.000288010
0.000279427
0.000300407
0.000300407
0.000287771
0.000289202
0.000287771
0.000291586
0.000288725
0.000287533
0.000289679
0.000294685
0.000289917
0.000297308
0.000281096
0.000285149
0.000292778
0.000297785
0.000285149
0.000281572
0.000290632
0.000300407
0.000290155
0.000300169
0.000292063
0.000291824
0.000284433
0.000285387
0.000270844
0.000292301
0.000286579
0.000295877
0.000329256
0.000295639
0.000276089
0.000290155
0.000292063
0.000292540
0.000281572
0.000274658
0.000288963
0.000292778
0.000294447
0.000297785
0.000276327
0.000296116
0.000269651
0.000290394
0.000293493
0.000284672
0.000294924
0.000296354
0.000294924
0.000289917
0.000286579
0.000280619
0.000281096
0.000293255
0.000290394
0.000281572
0.000290394
0.000300169
0.000291348
0.000289679
0.000291348
0.000299692
0.000315189
0.000288486
0.000296831
0.000290155
0.000288963
0.000297308
0.000295639
0.000289679
0.000295877
0.000288486
0.000287533
0.000289440
0.000291824
0.000292063
0.000292063
0.000286818
0.000286341
0.000292301
0.000293255
0.000288248
0.000290632
0.000286818
0.000283718
0.000291824
0.000287771
0.000279427
0.000293493
0.000283957
0.000290632
0.000290632
0.000271797
0.000290632
0.000292778
0.000274181
0.000291109
0.000290155
0.000288010
0.000293016
0.000271082
0.000290632
0.000284910
0.000283718
0.000287771
0.000277042
0.000291824
0.000280142
0.000289202
0.000262976
0.000272274
0.000297308
0.000273466
0.000293016
0.000293493
0.000274420
0.000297785
0.000274181
0.000289917
0.000288725
0.000272751
0.000297546
0.000275850
0.000296354
0.000292778
0.000275612
0.000298023
0.000276327
0.000286818
0.000285149
0.000288248
0.000294685
0.000293970
0.000298262
0.000296831
0.000286579
0.000285149
0.000301600
0.000298738
0.000299692
0.000286579
0.000293493
0.000288010
0.000293255
0.000301600
0.000283480
0.000290155
0.000299692
0.000301600
0.000301123
0.000272989
0.000300407
0.000294209
0.000297308
0.000293970
0.000278473
0.000288248
0.000293016
0.000298023
0.000296593
0.000284910
0.000286102
0.000299215
0.000277281
0.000298738
0.000280857
0.000289679
0.000293255
0.000303984
0.000303745
0.000278950
0.000288248
0.000299692
0.000272989
0.000296831
0.000263453
0.000299931
0.000306606
0.000293016
0.000285149
0.000243187
0.000302315
0.000301361
0.000291586
0.000288010
0.000270128
0.000295162
0.000294209
0.000292778
0.000289202
0.000269413
0.000275612
0.000295162
0.000289679
0.000298500
0.000299931
0.000286579
0.000295639
0.000291348
0.000292540
0.000292540
0.000295162
0.000293970
0.000293016
0.000294209
0.000300646
0.000277042
0.000299692
0.000279188
0.000278950
0.000300646
0.000296354
0.000297070
0.000293732
0.000282764
0.000300407
0.000289917
0.000293970
0.000293255
0.000298738
0.000299215
0.000280619
0.000294209
0.000298738
0.000270605
0.000287533
0.000280619
0.000295639
0.000298500
0.000289440
0.000298262
0.000305653
0.000286818
0.000293016
0.000287771
0.000296831
0.000318289
0.000299215
0.000284672
0.000285625
0.000294685
0.000298500
0.000295162
0.000293255
0.000277758
0.000296116
0.000296116
0.000288248
0.000288725
0.000267744
0.000289440
0.000286579
0.000293970
0.000296116
0.000294447
0.000293732
0.000297308
0.000291586
0.000289679
0.000287533
0.000313997
0.000296831
0.000280142
0.000292063
0.000285149
0.000285149
0.000292063
0.000277281
0.000273705
0.000289917
0.000297785
0.000296831
0.000294924
0.000292778
0.000285864
0.000289440
0.000293970
0.000273705
0.000292540
0.000285625
0.000294209
0.000298262
0.000285387
0.000289202
0.000288248
0.000297785
0.000284672
0.000292778
0.000295401
0.000289202
0.000275135
0.000295401
0.000282764
0.000283003
0.000282764
0.000276804
0.000295162
0.000299454
0.000294685
0.000290632
0.000303745
0.000296354
0.000293970
0.000297070
0.000287294
0.000284433
0.000289917
0.000290632
0.000286102
0.000285149
0.000292540
0.000290394
0.000295162
0.000295162
0.000283480
0.000294924
0.000301123
0.000289202
0.000269890
0.000297546
0.000296593
0.000296354
0.000292540
0.000291824
0.000294685
0.000287294
0.000287294
0.000294685
0.000279903
0.000294209
0.000288963
0.000307322
0.000287771
0.000301600
0.000295639
0.000296116
0.000295877
0.000293732
0.000288963
0.000293016
0.000288010
0.000296354
0.000289440
0.000295162
0.000286341
0.000287056
0.000299215
0.000292778
0.000289679
0.000291586
0.000294685
0.000289440
0.000286341
0.000289917
0.000292778
0.000287294
0.000297070
0.000299454
0.000291586
0.000293493
0.000267982
0.000288010
0.000293970
0.000287294
0.000287056
0.000255108
0.000288486
0.000283480
0.000278234
0.000290394
0.000275373
0.000289202
0.000283957
0.000274181
0.000295401
0.000269651
0.000288963
0.000290871
0.000275612
0.000289440
0.000287533
0.000287533
0.000291586
0.000285625
0.000288963
0.000292063
0.000283957
0.000291824
0.000279665
0.000287056
0.000285149
0.000288486
0.000290155
0.000286818
0.000287294
0.000289202
0.000288248
0.000297785
0.000296354
0.000287533
0.000287294
0.000289202
0.000295162
0.000294685
0.000291586
0.000311852
0.000277042
