0.000229359
0.000243425
0.000241995
0.000241995
0.000241041
0.000241041
0.000243187
0.000243187
0.000243425
0.000265837
0.000244379
0.000247478
0.000245094
0.000246286
0.000246763
0.000245094
0.000244856
0.000245333
0.000244379
0.000245571
0.000243425
0.000243664
0.000244856
0.000243902
0.000245571
0.000245094
0.000237942
0.000261784
0.000243664
0.000244141
0.000241756
0.000243664
0.000241280
0.000245810
0.000243187
0.000252247
0.000243187
0.000240564
0.000245810
0.000242949
0.000245094
0.000244856
0.000244379
0.000244856
0.000257969
0.000257492
0.000239611
0.000235558
0.000238895
0.000239372
0.000245571
0.000245094
0.000244379
0.000240803
0.000244856
0.000244617
0.000246525
0.000241518
0.000246048
0.000244856
0.000245094
0.000245571
0.000262022
0.000237942
0.000240564
0.000242472
0.000241995
0.000241756
0.000241280
0.000242710
0.000238657
0.000240803
0.000244617
0.000244141
0.000245094
0.000243425
0.000241995
0.000244379
0.000243425
0.000240564
0.000244141
0.000242233
0.000242710
0.000242949
0.000241995
0.000243425
0.000244379
0.000244856
0.000242472
0.000240088
0.000241280
0.000241756
0.000243425
0.000243187
0.000248671
0.000257730
0.000248194
0.000243187
0.000243187
0.000245094
0.000240803
0.000236511
0.000239849
0.000240564
0.000242472
0.000241041
0.000241518
0.000240564
0.000236273
0.000240326
0.000239611
0.000241995
0.000242949
0.000236750
0.000233173
0.000234604
0.000236273
0.000241518
0.000238657
0.000240564
0.000240564
0.000240088
0.000239134
0.000239611
0.000240326
0.000239372
0.000242233
0.000241995
0.000239849
0.000250578
0.000241518
0.000242710
0.000241995
0.000241280
0.000242949
0.000241041
0.000241518
0.000241518
0.000239372
0.000241518
0.000242949
0.000242472
0.000243664
0.000242233
0.000241995
0.000243902
0.000241995
0.000240564
0.000245571
0.000241041
0.000242233
0.000245810
0.000244141
0.000241280
0.000245333
0.000241041
0.000241756
0.000242710
0.000240803
0.000240564
0.000240088
0.000239372
0.000246525
0.000246286
0.000240803
0.000242472
0.000241756
0.000242710
0.000240564
0.000243664
0.000247955
0.000241280
0.000241756
0.000242472
0.000242710
0.000231743
0.000242710
0.000248671
0.000244141
0.000245094
0.000242233
0.000235558
0.000233889
0.000240803
0.000241280
0.000228643
0.000243187
0.000244379
0.000243425
0.000242710
0.000241995
0.000230789
0.000271320
0.000242949
0.000240803
0.000242233
0.000238419
0.000256538
0.000239849
0.000241041
0.000240326
0.000241041
0.000241756
0.000240564
0.000240088
0.000248671
0.000239134
0.000242472
0.000237942
0.000237703
0.000243187
0.000239611
0.000239134
0.000241995
0.000241518
0.000237703
0.000241995
0.000240803
0.000242949
0.000240803
0.000242710
0.000244856
0.000241756
0.000237226
0.000242233
0.000244856
0.000242710
0.000241995
0.000243425
0.000238419
0.000239134
0.000251532
0.000241518
0.000238895
0.000241995
0.000241280
0.000242233
0.000240803
0.000241995
0.000241995
0.000244617
0.000240803
0.000240564
0.000227213
0.000240564
0.000242710
0.000238657
0.000230551
0.000251293
0.000226974
0.000216246
0.000238180
0.000241756
0.000241041
0.000237942
0.000242472
0.000239849
0.000239849
0.000239134
0.000238657
0.000242949
0.000242233
0.000240803
0.000241995
0.000239611
0.000253439
0.000237942
0.000231266
0.000241041
0.000238180
0.000237703
0.000239134
0.000238180
0.000241995
0.000229597
0.000236750
0.000240564
0.000241280
0.000240564
0.000243664
0.000241041
0.000240326
0.000238895
0.000252247
0.000240803
0.000237942
0.000239134
0.000242949
0.000240803
0.000241518
0.000240564
0.000239849
0.000240803
0.000247717
0.000242472
0.000239372
0.000239849
0.000240564
0.000241756
0.000241280
0.000238180
0.000226498
0.000241518
0.000240803
0.000241756
0.000238419
0.000242472
0.000234842
0.000241518
0.000240803
0.000242233
0.000242233
0.000242949
0.000239611
0.000237465
0.000219345
0.000249863
0.000236988
0.000240564
0.000240803
0.000239849
0.000234842
0.000241041
0.000241756
0.000239849
0.000239372
0.000242949
0.000240803
0.000239372
0.000240326
0.000236988
0.000241756
0.000241280
0.000255823
0.000240803
0.000230312
0.000242233
0.000242710
0.000240326
0.000242949
0.000241041
0.000240088
0.000238657
0.000242710
0.000242710
0.000240326
0.000241280
0.000242710
0.000242233
0.000228882
0.000241756
0.000257254
0.000242472
0.000242472
0.000243664
0.000236273
0.000242710
0.000241518
0.000243664
0.000240326
0.000241518
0.000241041
0.000244141
0.000241041
0.000239611
0.000240803
0.000241041
0.000240803
0.000240803
0.000257969
0.000231981
0.000242472
0.000240803
0.000241280
0.000240326
0.000240564
0.000241518
0.000241280
0.000241041
0.000240564
0.000241995
0.000241280
0.000234842
0.000236273
0.000242949
0.000232220
0.000237703
0.000244856
0.000241756
0.000241518
0.000241280
0.000240803
0.000241756
0.000245810
0.000237465
0.000241041
0.000242949
0.000240803
0.000243425
0.000241518
0.000242472
0.000241756
0.000241518
0.000241756
0.000252724
0.000250816
0.000240088
0.000238657
0.000235558
0.000241041
0.000240803
0.000239134
0.000241280
0.000241041
0.000249624
0.000241041
0.000241518
0.000240088
0.000241280
0.000241518
0.000235081
0.000237942
0.000247955
0.000236750
0.000155687
0.000249863
0.000251293
0.000248194
0.000248194
0.000246525
0.000227451
0.000223398
0.000244856
0.000244379
0.000243425
0.000241756
0.000242472
0.000241041
0.000243187
0.000241518
0.000240803
0.000239372
0.000239372
0.000245094
0.000239611
0.000239849
0.000237465
0.000239849
0.000242233
0.000240803
0.000238419
0.000245333
0.000241280
0.000240803
0.000240326
0.000241041
0.000238419
0.000241041
0.000240088
0.000238180
0.000239134
0.000234127
0.000241995
0.000240803
0.000241518
0.000238895
0.000241280
0.000238657
0.000245094
0.000251770
0.000237942
0.000240088
0.000240088
0.000240564
0.000239849
0.000239611
0.000240803
0.000241756
0.000239611
0.000241280
0.000239372
0.000241995
0.000242472
0.000241518
0.000238419
0.000240088
0.000240326
0.000236034
0.000240803
0.000239849
0.000237465
0.000240564
0.000245571
0.000243902
0.000243425
0.000238657
0.000240088
0.000239134
0.000243902
0.000237703
0.000238657
0.000245571
0.000239611
0.000244141
0.000240326
0.000240564
0.000242710
0.000245333
0.000241280
0.000241756
0.000237942
0.000236511
0.000242472
0.000241995
0.000238895
0.000239372
0.000240326
0.000244141
0.000232935
0.000234842
0.000240564
0.000241280
0.000240326
0.000232458
0.000239372
0.000236511
0.000237942
0.000245094
0.000242233
0.000240564
0.000239134
0.000239134
0.000241995
0.000240803
0.000238895
0.000241995
0.000240803
0.000241518
0.000229597
0.000241280
0.000241041
0.000236034
0.000244141
0.000233173
0.000236750
0.000241995
0.000247717
0.000241995
0.000235319
0.000240564
0.000239611
0.000241280
0.000241041
0.000215292
0.000240326
0.000241995
0.000240326
0.000239372
0.000238895
0.000238657
0.000242949
0.000240088
0.000241756
0.000241280
0.000244379
0.000241995
0.000241041
0.000243187
0.000239372
0.000241518
0.000236511
0.000240803
0.000241518
0.000239849
0.000239134
0.000241280
0.000241280
0.000242233
0.000242472
0.000240326
0.000238180
0.000242233
0.000242233
0.000238895
0.000238895
0.000242949
0.000240564
0.000237465
0.000237465
0.000238657
0.000242233
0.000241518
0.000240088
0.000241518
0.000236988
0.000241280
0.000219584
0.000238419
0.000241995
0.000240326
0.000234604
0.000237942
0.000237942
0.000237226
0.000253916
0.000240803
0.000237703
0.000227928
0.000241041
0.000239611
0.000242949
0.000242233
0.000238180
0.000242233
0.000239134
0.000237942
0.000235558
0.000241041
0.000242472
0.000237942
0.000239372
0.000244141
0.000238180
0.000240326
0.000242233
0.000242710
0.000240326
0.000239611
0.000238895
0.000240564
0.000236988
0.000316858
0.000242710
0.000239372
0.000236034
0.000220299
0.000241995
0.000240326
0.000240326
0.000231504
0.000207901
0.000240803
0.000241041
0.000239611
0.000241280
0.000230551
0.000240088
0.000241280
0.000242949
0.000244141
0.000240564
0.000241756
0.000244617
0.000242233
0.000243902
0.000233173
0.000241756
0.000240088
0.000240564
0.000244617
0.000249386
0.000243425
0.000240564
0.000243425
0.000237226
0.000241756
0.000244141
0.000241280
0.000243902
0.000239849
0.000239372
0.000245333
0.000241041
0.000243425
0.000242710
0.000238419
0.000240564
0.000242949
0.000240088
0.000240326
0.000239849
0.000241280
0.000232935
0.000239611
0.000241756
0.000239611
0.000230074
0.000240564
0.000241756
0.000239611
0.000240088
0.000237703
0.000245333
0.000241995
0.000242472
0.000241518
0.000243187
0.000244617
0.000242233
0.000238180
0.000243902
0.000241280
0.000241280
0.000241995
0.000247955
0.000240326
0.000241756
0.000237226
0.000241041
0.000242472
0.000245571
0.000244379
0.000244617
0.000239849
0.000240803
0.000244141
0.000238895
0.000246286
0.000243664
0.000244141
0.000241518
0.000242710
0.000225544
0.000241995
0.000243902
0.000242472
0.000239134
0.000240088
0.000245094
0.000239372
0.000240564
0.000240564
0.000237226
0.000241518
0.000239849
0.000243902
0.000241041
0.000237703
0.000238419
0.000244617
0.000240326
0.000238657
0.000240326
0.000243187
0.000246286
0.000239611
0.000237226
0.000237942
0.000230312
0.000242233
0.000239611
0.000244379
0.000241041
0.000244856
0.000241280
0.000241280
0.000243425
0.000241041
0.000242949
0.000238895
0.000241280
0.000241518
0.000244617
0.000243902
0.000244856
0.000241280
0.000244141
0.000239611
0.000245094
0.000240803
0.000242233
0.000223875
0.000246763
0.000241041
0.000243664
0.000239372
0.000241518
0.000243425
0.000241280
0.000242949
0.000241518
0.000243187
0.000243425
0.000244617
0.000240326
0.000241280
0.000241041
0.000239849
0.000240326
0.000249147
0.000240564
0.000240803
0.000241280
0.000243425
0.000239134
0.000241280
0.000242949
0.000241041
0.000240088
0.000242949
0.000241995
0.000241041
0.000250816
0.000240326
0.000238895
0.000240088
0.000239134
0.000241518
0.000243187
0.000245810
0.000238657
0.000241041
0.000233650
0.000238895
0.000234842
0.000235081
0.000236750
0.000236988
0.000240564
0.000240803
0.000239372
0.000236750
0.000243664
0.000234604
0.000233650
0.000236750
0.000236988
0.000230789
0.000224590
0.000231028
0.000230789
0.000233650
0.000230312
0.000229120
0.000231028
0.000230551
0.000229836
0.000229120
0.000230789
0.000231743
0.000234127
0.000230789
0.000229597
0.000231981
0.000228167
0.000229359
0.000228167
0.000235081
0.000232220
0.000233412
0.000230551
0.000236034
0.000231266
0.000231504
0.000231504
0.000236511
0.000233889
0.000231266
0.000235796
0.000236034
0.000234365
0.000235319
0.000231028
0.000230074
0.000229836
0.000231504
0.000230551
0.000233889
0.000234127
0.000231981
0.000234127
0.000238419
0.000234365
0.000238419
0.000253916
0.000236750
0.000235319
0.000236034
0.000241518
0.000238895
0.000239611
0.000239611
0.000248432
0.000239372
0.000241041
0.000239849
0.000239372
0.000240564
0.000253916
0.000241995
0.000242233
0.000241518
0.000244379
0.000242949
0.000238419
0.000239372
0.000241995
0.000240088
0.000245571
0.000242949
0.000240326
0.000253201
0.000244379
0.000242233
0.000237703
0.000238657
0.000239134
0.000241518
0.000231504
0.000244141
0.000240564
0.000241518
0.000231504
0.000241041
0.000241995
0.000240088
0.000242472
0.000239849
0.000242233
0.000241518
0.000239849
0.000241756
0.000231266
0.000237465
0.000244141
0.000242472
0.000243902
0.000237703
0.000240803
0.000241280
0.000238180
0.000237703
0.000246525
0.000243902
0.000236750
0.000240088
0.000239611
0.000239611
0.000240803
0.000230074
0.000241756
0.000240326
0.000240803
0.000241280
0.000231743
0.000241280
0.000239849
0.000238657
0.000241280
0.000239134
0.000237703
0.000240326
0.000241041
0.000236273
0.000241756
0.000241518
0.000240088
0.000242710
0.000238657
0.000239372
0.000239849
0.000240088
0.000222683
0.000241041
0.000235796
0.000240564
0.000238895
0.000238657
0.000240326
0.000241995
0.000241995
0.000242472
0.000222921
0.000245571
0.000243425
0.000244856
0.000242949
0.000239849
0.000236988
0.000241756
0.000241041
0.000239134
0.000240564
0.000239849
0.000238895
0.000240803
0.000236988
0.000239849
0.000240803
0.000238419
0.000237703
0.000238180
0.000238419
0.000241756
0.000237942
0.000237942
0.000239611
0.000240088
0.000238657
0.000250340
