0.000299931
0.000386477
0.000314713
0.000311375
0.000300884
0.000307798
0.000382423
0.000326157
0.000322342
0.000315666
0.000311613
0.000382662
0.000313759
0.000321388
0.000311613
0.000326633
0.000309706
0.000389576
0.000309229
0.000312805
0.000329494
0.000331879
0.000320435
0.000312805
0.000430584
0.000310183
0.000356913
0.000355244
0.000312805
0.000365019
0.000308275
0.000308275
0.000312328
0.000311613
0.000402927
0.000325441
0.000310183
0.000310659
0.000316620
0.000314474
0.000314236
0.000385761
0.000324011
0.000310659
0.000311852
0.000311613
0.000387192
0.000320911
0.000323772
0.000312090
0.000313997
0.000372887
0.000330687
0.000313520
0.000315666
0.000346661
0.000313520
0.000433445
0.000313044
0.000305891
0.000280619
0.000319004
0.000307083
0.000325680
0.000310421
0.000387192
0.000311375
0.000333071
0.000306368
0.000386238
0.000331402
0.000321627
0.000310183
0.000310898
0.000308752
0.000320911
0.000406742
0.000311375
0.000320196
0.000310421
0.000322104
0.000387192
0.000324726
0.000324249
0.000313997
0.000309229
0.000390530
0.000314713
0.000309467
0.000303984
0.000331163
0.000320911
0.000332594
0.000306368
0.000401258
0.000328541
0.000319719
0.000355482
0.000393867
0.000285149
0.000355005
0.000303030
0.000312567
0.000311375
0.000324249
0.000321865
0.000322580
0.000320435
0.000343323
0.000323057
0.000307798
0.000324488
0.000321388
0.000307798
0.000308514
0.000308990
0.000299931
0.000323296
0.000315189
0.000319481
0.000303984
0.000299692
0.000303268
0.000305176
0.000316143
0.000322104
0.000319004
0.000306606
0.000301838
0.000303507
0.000311136
0.000326872
0.000311613
0.000306606
0.000319481
0.000313520
0.000303030
0.000306845
0.000305891
0.000303268
0.000289440
0.000303507
0.000304461
0.000307083
0.000305891
0.000304937
0.000307083
0.000306129
0.000317097
0.000305653
0.000307798
0.000311136
0.000302792
0.000303507
0.000305653
0.000307322
0.000303507
0.000305414
0.000303745
0.000306606
0.000301600
0.000304461
0.000307798
0.000309229
0.000308037
0.000308990
0.000311613
0.000306606
0.000312328
0.000298023
0.000304937
0.000308752
0.000335217
0.000301600
0.000300884
0.000303984
0.000304222
0.000307083
0.000305653
0.000303984
0.000294209
0.000303030
0.000306129
0.000306129
0.000307560
0.000307798
0.000303268
0.000307083
0.000304699
0.000303745
0.000304222
0.000318050
0.000297070
0.000301361
0.000304222
0.000302553
0.000300646
0.000304222
0.000348806
0.000309706
0.000306129
0.000302076
0.000291586
0.000307560
0.000307322
0.000307083
0.000305891
0.000318289
0.000310659
0.000307322
0.000316858
0.000303030
0.000303745
0.000305891
0.000303268
0.000305414
0.000308037
0.000308990
0.000293016
0.000305176
0.000308514
0.000306845
0.000334740
0.000308275
0.000303745
0.000325441
0.000305176
0.000308752
0.000305891
0.000310898
0.000304937
0.000300646
0.000297070
0.000300884
0.000302553
0.000304937
0.000327587
0.000311613
0.000285864
0.000302076
0.000311852
0.000305176
0.000300407
0.000302076
0.000301838
0.000303030
0.000320911
0.000301838
0.000303030
0.000323296
0.000315905
0.000319958
0.000303030
0.000314951
0.000304699
0.000306368
0.000304937
0.000301838
0.000303745
0.000303507
0.000320911
0.000303745
0.000298500
0.000301123
0.000321388
0.000313282
0.000334740
0.000303745
0.000301361
0.000306845
0.000303984
0.000313520
0.000301838
0.000301600
0.000305176
0.000307560
0.000306845
0.000305176
0.000307560
0.000306606
0.000322819
0.000338078
0.000323057
0.000303745
0.000320196
0.000302076
0.000324011
0.000308514
0.000304937
0.000310421
0.000293732
0.000298738
0.000324965
0.000320196
0.000313997
0.000308514
0.000322104
0.000301361
0.000321627
0.000350714
0.000289202
0.000305891
0.000306368
0.000305891
0.000307322
0.000291824
0.000308752
0.000306845
0.000309229
0.000309467
0.000307322
0.000316381
0.000329256
0.000312090
0.000340700
0.000304222
0.000304937
0.000304699
0.000305176
0.000307322
0.000303984
0.000306845
0.000306368
0.000303507
0.000304937
0.000296831
0.000329971
0.000302076
0.000303507
0.000303268
0.000303745
0.000304937
0.000302315
0.000305891
0.000301361
0.000306845
0.000305414
0.000303984
0.000307083
0.000303745
0.000313759
0.000293016
0.000305653
0.000315428
0.000302792
0.000304699
0.000304222
0.000304461
0.000306368
0.000314474
0.000297546
0.000305414
0.000300646
0.000308752
0.000303745
0.000332355
0.000307560
0.000303745
0.000303030
0.000303984
0.000303507
0.000304937
0.000305891
0.000304699
0.000304461
0.000303030
0.000307322
0.000308990
0.000307560
0.000305176
0.000306606
0.000303984
0.000304222
0.000304937
0.000329494
0.000305891
0.000301838
0.000303745
0.000302315
0.000292301
0.000303745
0.000306368
0.000306368
0.000305414
0.000305414
0.000305414
0.000318766
0.000324249
0.000303507
0.000300884
0.000303030
0.000303984
0.000303507
0.000309706
0.000306845
0.000303030
0.000303745
0.000317574
0.000302792
0.000300169
0.000303268
0.000307083
0.000289679
0.000300169
0.000304222
0.000304461
0.000304222
0.000319719
0.000306129
0.000304937
0.000301838
0.000304699
0.000299692
0.000305176
0.000304461
0.000308275
0.000305176
0.000305176
0.000307560
0.000307798
0.000294447
0.000304937
0.000305176
0.000306129
0.000299454
0.000336409
0.000302792
0.000322104
0.000303268
0.000320911
0.000304461
0.000301123
0.000305653
0.000309229
0.000303745
0.000290155
0.000305653
0.000306368
0.000303984
0.000302553
0.000313997
0.000301600
0.000299692
0.000349045
0.000302315
0.000303745
0.000301361
0.000305414
0.000309467
0.000306845
0.000299931
0.000305414
0.000306606
0.000292063
0.000304461
0.000304461
0.000304699
0.000308514
0.000317812
0.000303745
0.000303984
0.000304222
0.000305653
0.000310183
0.000305414
0.000304461
0.000308990
0.000305891
0.000302792
0.000302553
0.000305891
0.000326395
0.000305414
0.000307560
0.000305176
0.000304937
0.000290394
0.000304937
0.000304461
0.000301600
0.000300646
0.000297785
0.000307560
0.000305414
0.000315666
0.000316858
0.000349045
0.000303984
0.000308037
0.000303507
0.000306606
0.000327110
0.000345230
0.000303745
0.000303745
0.000303507
0.000322342
0.000294447
0.000304461
0.000303030
0.000326395
0.000311613
0.000305653
0.000319958
0.000300407
0.000346422
0.000299454
0.000302076
0.000306606
0.000298500
0.000314474
0.000301361
0.000321627
0.000301838
0.000306845
0.000308514
0.000312567
0.000302792
0.000350952
0.000301600
0.000303984
0.000314474
0.000304222
0.000305176
0.000336170
0.000302315
0.000304461
0.000306368
0.000304937
0.000292301
0.000302076
0.000308275
0.000301838
0.000304937
0.000333786
0.000302076
0.000348806
0.000306368
0.000304937
0.000313282
0.000313282
0.000351667
0.000304222
0.000305891
0.000312090
0.000302792
0.000320673
0.000303268
0.000304222
0.000302076
0.000323772
0.000322580
0.000334501
0.000305176
0.000305891
0.000300884
0.000303268
0.000296593
0.000308275
0.000303030
0.000304222
0.000308752
0.000300407
0.000302076
0.000321388
0.000305176
0.000304461
0.000320435
0.000304461
0.000302553
0.000309944
0.000320196
0.000306129
0.000306129
0.000305891
0.000300884
0.000303268
0.000305653
0.000303745
0.000303268
0.000303268
0.000320911
0.000305653
0.000306368
0.000302792
0.000304461
0.000301361
0.000302315
0.000318527
0.000303030
0.000302076
0.000302076
0.000304461
0.000310183
0.000303507
0.000307560
0.000303030
0.000305891
0.000304222
0.000307083
0.000302315
0.000302076
0.000305653
0.000304699
0.000304222
0.000301838
0.000304461
0.000306129
0.000306368
0.000307083
0.000298738
0.000300407
0.000304461
0.000312567
0.000303268
0.000302315
0.000318289
0.000303030
0.000303268
0.000302792
0.000302315
0.000313997
0.000307083
0.000300884
0.000301361
0.000299931
0.000313282
0.000305176
0.000303745
0.000349760
0.000296593
0.000310659
0.000304461
0.000301600
0.000304937
0.000303507
0.000300169
0.000304222
0.000304461
0.000306368
0.000307083
0.000302553
0.000306129
0.000303268
0.000305653
0.000324488
0.000319481
0.000302315
0.000300407
0.000309706
0.000302315
0.000321865
0.000303745
0.000307083
0.000329733
0.000306845
0.000348330
0.000305176
0.000305891
0.000313044
0.000303984
0.000297785
0.000307560
0.000305891
0.000319004
0.000307322
0.000314951
0.000319004
0.000302315
0.000314474
0.000302076
0.000321627
0.000302076
0.000303745
0.000303984
0.000308037
0.000317097
0.000306129
0.000302076
0.000303268
0.000301838
0.000317335
0.000309467
0.000304222
0.000302792
0.000305176
0.000318766
0.000289440
0.000304937
0.000304222
0.000319242
0.000327349
0.000298262
0.000303984
0.000303030
0.000305891
0.000321865
0.000309467
0.000305891
0.000307798
0.000306129
0.000302553
0.000291348
0.000305176
0.000304461
0.000302792
0.000299215
0.000302315
0.000300407
0.000307322
0.000306606
0.000299692
0.000307560
0.000301838
0.000304461
0.000297308
0.000302792
0.000304461
0.000308275
0.000302553
0.000309229
0.000302553
0.000303268
0.000309467
0.000304461
0.000307083
0.000298023
0.000308037
0.000304222
0.000303745
0.000307798
0.000310659
0.000306845
0.000308275
0.000326395
0.000303984
0.000303268
0.000304461
0.000306129
0.000308037
0.000306129
0.000305414
0.000307322
0.000303507
0.000303030
0.000307083
0.000303745
0.000303507
0.000290155
0.000302792
0.000345469
0.000302792
0.000325441
0.000298738
0.000323772
0.000320196
0.000300884
0.000305653
0.000320911
0.000301600
0.000324726
0.000282764
0.000346422
0.000322580
0.000301600
0.000305414
0.000291109
0.000306129
0.000303507
0.000303268
0.000302315
0.000289917
0.000303984
0.000302553
0.000311136
0.000348091
0.000325918
0.000349283
0.000302076
0.000301361
0.000302315
0.000303030
0.000303030
0.000303984
0.000299931
0.000305414
0.000319242
0.000307083
0.000302553
0.000298500
0.000304461
0.000302792
0.000302553
0.000303507
0.000303268
0.000303984
0.000301361
0.000312567
0.000302315
0.000319242
0.000303268
0.000323057
0.000302076
0.000321627
0.000320435
0.000305653
0.000303030
0.000311136
0.000320196
0.000301838
0.000303984
0.000303030
0.000311136
0.000305891
0.000302553
0.000311613
0.000300646
0.000304699
0.000305891
0.000301123
0.000313044
0.000302315
0.000302315
0.000309229
0.000302792
0.000303507
0.000301838
0.000305176
0.000312328
0.000301123
0.000304222
0.000308037
0.000304699
0.000297308
0.000305653
0.000348091
0.000346661
0.000304937
0.000301361
0.000304461
0.000351429
0.000324726
0.000303268
0.000302792
0.000298262
0.000326633
0.000301838
0.000320196
0.000302315
0.000300884
0.000319004
0.000313997
0.000302076
0.000305176
0.000303030
0.000303745
0.000300646
0.000304461
0.000304222
0.000305176
0.000321865
0.000303030
0.000303745
0.000302076
0.000304222
0.000305176
0.000306129
0.000308752
0.000305414
0.000302315
0.000303268
0.000306129
0.000302553
0.000321150
0.000299692
0.000305176
0.000322819
0.000306606
0.000305891
0.000320435
0.000321627
0.000301838
0.000299692
0.000319481
0.000321150
0.000309706
0.000319004
0.000303268
0.000303984
0.000302315
0.000293493
0.000302076
0.000304461
0.000304461
0.000306129
0.000294924
0.000349760
0.000305176
0.000303507
0.000302553
0.000324726
0.000301123
0.000320435
0.000320673
0.000302553
0.000313044
0.000304222
0.000298738
0.000299692
0.000321150
0.000303030
0.000296116
0.000304461
0.000301600
0.000304461
0.000302792
0.000301838
0.000303984
0.000331879
0.000349045
0.000349998
0.000301838
0.000302553
0.000311375
0.000323057
0.000319004
0.000303984
0.000306606
0.000293016
0.000304699
0.000301600
0.000304461
0.000350952
0.000312805
0.000304937
0.000303745
0.000302315
0.000303745
0.000317097
0.000303984
0.000348091
0.000349522
0.000306845
0.000315905
0.000303745
0.000301123
0.000301600
0.000303030
0.000321150
0.000300884
0.000302792
0.000316858
0.000303030
0.000302076
0.000303984
0.000319481
0.000337362
0.000303268
0.000345707
0.000352621
0.000348091
0.000311136
0.000307798
0.000347614
0.000324011
0.000301838
0.000319242
0.000303507
0.000323534
0.000314474
0.000299931
0.000320673
0.000303030
0.000321865
0.000304937
0.000300646
0.000324011
0.000324965
0.000301123
0.000313759
0.000323057
0.000320911
0.000312805
0.000321388
0.000301123
0.000350237
0.000348568
0.000328302
0.000301123
0.000302792
0.000305653
0.000304461
0.000321627
0.000304461
0.000322580
0.000303984
0.000324726
0.000306368
0.000323772
0.000340223
