0.000239611
0.000262499
0.000234604
0.000252724
0.000270367
0.000272989
0.000247717
0.000257730
0.000261307
0.000273228
0.000272036
0.000264406
0.000267029
0.000246048
0.000150919
0.000265837
0.000267029
0.000266790
0.000336409
0.000270605
0.000270367
0.000278473
0.000262260
0.000263691
0.000266075
0.000257492
0.000278950
0.000259638
0.000271082
0.000261545
0.000264168
0.000263214
0.000272274
0.000261784
0.000262976
0.000323296
0.000270367
0.000255346
0.000263453
0.000273705
0.000270128
0.000272274
0.000274897
0.000268459
0.000273466
0.000272036
0.000263453
0.000269651
0.000268698
0.000267267
0.000271797
0.000274420
0.000332594
0.000262022
0.000273466
0.000267744
0.000270367
0.000271559
0.000283003
0.000273943
0.000274420
0.000269651
0.000268459
0.000273705
0.000270128
0.000263453
0.000263929
0.000266314
0.000333786
0.000269175
0.000274420
0.000272989
0.000269890
0.000268698
0.000317812
0.000266790
0.000263691
0.000271559
0.000270605
0.000262737
0.000273943
0.000272274
0.000257730
0.000270128
0.000266314
0.000269413
0.000329018
0.000271320
0.000271082
0.000266552
0.000277281
0.000272036
0.000265121
0.000270605
0.000267029
0.000271797
0.000267982
0.000272274
0.000271559
0.000270128
0.000274181
0.000269413
0.000269651
0.000269175
0.000266552
0.000265360
0.000277758
0.000267982
0.000269890
0.000268459
0.000267267
0.000243902
0.000267982
0.000269651
0.000266075
0.000263453
0.000268936
0.000270367
0.000271559
0.000270128
0.000261784
0.000270844
0.000261545
0.000270367
0.000248671
0.000272512
0.000268936
0.000268221
0.000263691
0.000260353
0.000261068
0.000261068
0.000266314
0.000270367
0.000270128
0.000268698
0.000261545
0.000267506
0.000266075
0.000277281
0.000265121
0.000266314
0.000267267
0.000260830
0.000266790
0.000273228
0.000274897
0.000272751
0.000270605
0.000279427
0.000257015
0.000267506
0.000271797
0.000270605
0.000265598
0.000271797
0.000274658
0.000266552
0.000260830
0.000262976
0.000257969
0.000260115
0.000269413
0.000261545
0.000260592
0.000269890
0.000269651
0.000268698
0.000270367
0.000269651
0.000267506
0.000267506
0.000267982
0.000267029
0.000260592
0.000268459
0.000267029
0.000265837
0.000268221
0.000269890
0.000266552
0.000255346
0.000267029
0.000266552
0.000269175
0.000270128
0.000268221
0.000269651
0.000269175
0.000274897
0.000264645
0.000272036
0.000272989
0.000269413
0.000266552
0.000260830
0.000259876
0.000263453
0.000268221
0.000267744
0.000265360
0.000292063
0.000259161
0.000271559
0.000258446
0.000285387
0.000284672
0.000268936
0.000267267
0.000267744
0.000269175
0.000266314
0.000267744
0.000256062
0.000268698
0.000268221
0.000269413
0.000270844
0.000270844
0.000261784
0.000268698
0.000265837
0.000277758
0.000267744
0.000269413
0.000269413
0.000267267
0.000269413
0.000259399
0.000266075
0.000241995
0.000258207
0.000269175
0.000262022
0.000258207
0.000270844
0.000262976
0.000267267
0.000274181
0.000260115
0.000265837
0.000276089
0.000257730
0.000258446
0.000261784
0.000256777
0.000258207
0.000259876
0.000272989
0.000268936
0.000257015
0.000271082
0.000257730
0.000276327
0.000270128
0.000270128
0.000254631
0.000249863
0.000269651
0.000265360
0.000251293
0.000260353
0.000267029
0.000268698
0.000269890
0.000273466
0.000264168
0.000262260
0.000269890
0.000268936
0.000261307
0.000261545
0.000269413
0.000271320
0.000267982
0.000260830
0.000265121
0.000257492
0.000270128
0.000267506
0.000269175
0.000267744
0.000258446
0.000256777
0.000257969
0.000259161
0.000266075
0.000269890
0.000281572
0.000268459
0.000270844
0.000242949
0.000267506
0.000268698
0.000270605
0.000267744
0.000269651
0.000267982
0.000261307
0.000268698
0.000266314
0.000261307
0.000259876
0.000258207
0.000283718
0.000269651
0.000257730
0.000248432
0.000257730
0.000260353
0.000260592
0.000269175
0.000257730
0.000260592
0.000262976
0.000267982
0.000275373
0.000268936
0.000259638
0.000260830
0.000274658
0.000276566
0.000260353
0.000261784
0.000252008
0.000252962
0.000253201
0.000258207
0.000258684
0.000259161
0.000269890
0.000259638
0.000247478
0.000268698
0.000260115
0.000269890
0.000260115
0.000267267
0.000270605
0.000262737
0.000264883
0.000264168
0.000268698
0.000263929
0.000270367
0.000266552
0.000268459
0.000267744
0.000263929
0.000270844
0.000268221
0.000261545
0.000258923
0.000296354
0.000262499
0.000260592
0.000261545
0.000270844
0.000255823
0.000272036
0.000269175
0.000271320
0.000269651
0.000262737
0.000261545
0.000259399
0.000261784
0.000260592
0.000258923
0.000261307
0.000272512
0.000304461
0.000257730
0.000268698
0.000261307
0.000268459
0.000273466
0.000258923
0.000269413
0.000268936
0.000269175
0.000252962
0.000270844
0.000268221
0.000269651
0.000268698
0.000266552
0.000286341
0.000280142
0.000258446
0.000247240
0.000250340
0.000249863
0.000252247
0.000265837
0.000269890
0.000261784
0.000270367
0.000258684
0.000271559
0.000262260
0.000269413
0.000272512
0.000261307
0.000260830
0.000289917
0.000258923
0.000265598
0.000268459
0.000268936
0.000268698
0.000269175
0.000267982
0.000271082
0.000265360
0.000246048
0.000266552
0.000268936
0.000272989
0.000268221
0.000273705
0.000259876
0.000259876
0.000261068
0.000272989
0.000265837
0.000262022
0.000271797
0.000258684
0.000257015
0.000270367
0.000257015
0.000258684
0.000269651
0.000269175
0.000241280
0.000271320
0.000257492
0.000265598
0.000266790
0.000268698
0.000262499
0.000285625
0.000268221
0.000269651
0.000262976
0.000257969
0.000260592
0.000265598
0.000267506
0.000266552
0.000257730
0.000266790
0.000267982
0.000261307
0.000269413
0.000258684
0.000258207
0.000247955
0.000260353
0.000258207
0.000260592
0.000269651
0.000269175
0.000271797
0.000268936
0.000269651
0.000260115
0.000254869
0.000270844
0.000270367
0.000267506
0.000262499
0.000250340
0.000265837
0.000269413
0.000269175
0.000266552
0.000268936
0.000264168
0.000263453
0.000265360
0.000258923
0.000269413
0.000268459
0.000267982
0.000271082
0.000267982
0.000259161
0.000270128
0.000267982
0.000269175
0.000267267
0.000269890
0.000259399
0.000260830
0.000270128
0.000259399
0.000261784
0.000269651
0.000253677
0.000260353
0.000270128
0.000268698
0.000269175
0.000267506
0.000267744
0.000266790
0.000268936
0.000266075
0.000268936
0.000254869
0.000269175
0.000260115
0.000271320
0.000238895
0.000269890
0.000268698
0.000267744
0.000268221
0.000251055
0.000270605
0.000268459
0.000269413
0.000269890
0.000245094
0.000260830
0.000267744
0.000269890
0.000260592
0.000269890
0.000268936
0.000267506
0.000271082
0.000268698
0.000265598
0.000269413
0.000256300
0.000267982
0.000264645
0.000267029
0.000266790
0.000264168
0.000265837
0.000266314
0.000265837
0.000272274
0.000267506
0.000269413
0.000267029
0.000268698
0.000270367
0.000269175
0.000266552
0.000267506
0.000269651
0.000271797
0.000264645
0.000268936
0.000268459
0.000254154
0.000264645
0.000264883
0.000267029
0.000270128
0.000262976
0.000272274
0.000272512
0.000267982
0.000266552
0.000267506
0.000266790
0.000267506
0.000267982
0.000267506
0.000267029
0.000266552
0.000264645
0.000260353
0.000268698
0.000266075
0.000257015
0.000257969
0.000257492
0.000269175
0.000266075
0.000265837
0.000268936
0.000264406
0.000268221
0.000266552
0.000249624
0.000267744
0.000266790
0.000269413
0.000268936
0.000260353
0.000269651
0.000269890
0.000269413
0.000266075
0.000273943
0.000271082
0.000268459
0.000259161
0.000273466
0.000258446
0.000269175
0.000268459
0.000261068
0.000259161
0.000261307
0.000266314
0.000258446
0.000270128
0.000269651
0.000269175
0.000266314
0.000265598
0.000252724
0.000267744
0.000267029
0.000261784
0.000266314
0.000256062
0.000265121
0.000267029
0.000266314
0.000267982
0.000264168
0.000264168
0.000265121
0.000253201
0.000269175
0.000266075
0.000271082
0.000268221
0.000265837
0.000266552
0.000264645
0.000266790
0.000268698
0.000263691
0.000269413
0.000266552
0.000266790
0.000266790
0.000265598
0.000269175
0.000270605
0.000254869
0.000265121
0.000267506
0.000278711
0.000264883
0.000251770
0.000267029
0.000269890
0.000266314
0.000265360
0.000272274
0.000267982
0.000263929
0.000267982
0.000269175
0.000262976
0.000270844
0.000267267
0.000268698
0.000268936
0.000263929
0.000268459
0.000266790
0.000268698
0.000267744
0.000263453
0.000269890
0.000267744
0.000252247
0.000268459
0.000269175
0.000263929
0.000265837
0.000256062
0.000266552
0.000267982
0.000270367
0.000266075
0.000253677
0.000266552
0.000264645
0.000265360
0.000269890
0.000291824
0.000267267
0.000267982
0.000268698
0.000266314
0.000277042
0.000269413
0.000257730
0.000259638
0.000269890
0.000275373
0.000268936
0.000267506
0.000268698
0.000267029
0.000254869
0.000269175
0.000266552
0.000267029
0.000265360
0.000267744
0.000264645
0.000265360
0.000266075
0.000268936
0.000260592
0.000267744
0.000263453
0.000267029
0.000270844
0.000271797
0.000269651
0.000267029
0.000268221
0.000269413
0.000266314
0.000269651
0.000268459
0.000269175
0.000268698
0.000268221
0.000269175
0.000268936
0.000267029
0.000268936
0.000263929
0.000265837
0.000265598
0.000261307
0.000268698
0.000267744
0.000267267
0.000266552
0.000271559
0.000267744
0.000267744
0.000267506
0.000266075
0.000265360
0.000270367
0.000266552
0.000260115
0.000269651
0.000265360
0.000269890
0.000270128
0.000259876
0.000270367
0.000303745
0.000267982
0.000265837
0.000255346
0.000266075
0.000266314
0.000268936
0.000267506
0.000261307
0.000268936
0.000268698
0.000266552
0.000267029
0.000266552
0.000268459
0.000262022
0.000265360
0.000269651
0.000265598
0.000267744
0.000267506
0.000257730
0.000269413
0.000274181
0.000265360
0.000268698
0.000266790
0.000265598
0.000266075
0.000265837
0.000266552
0.000265121
0.000271082
0.000266075
0.000260592
0.000267029
0.000265837
0.000269651
0.000268936
0.000259399
0.000266790
0.000267267
0.000265360
0.000269890
0.000265598
0.000268698
0.000269413
0.000254869
0.000266075
0.000269890
0.000271797
0.000266314
0.000262260
0.000269651
0.000269651
0.000267744
0.000265360
0.000260830
0.000269413
0.000266314
0.000265360
0.000268698
0.000265598
0.000266075
0.000266790
0.000259161
0.000268221
0.000265598
0.000269413
0.000269413
0.000251293
0.000266314
0.000263214
0.000268936
0.000268459
0.000254631
0.000266314
0.000264883
0.000269413
0.000266552
0.000258446
0.000266075
0.000265360
0.000269413
0.000268698
0.000264645
0.000266075
0.000273466
0.000272274
0.000272036
0.000262976
0.000264406
0.000271320
0.000258207
0.000265360
0.000268936
0.000264883
0.000272036
0.000268698
0.000270367
0.000259876
0.000268221
0.000269890
0.000247002
0.000270605
0.000266790
0.000265598
0.000265598
0.000268459
0.000268221
0.000271559
0.000266314
0.000269413
0.000262022
0.000269890
0.000272751
0.000269413
0.000263453
0.000271320
0.000267029
0.000270128
0.000269175
0.000269651
0.000271082
0.000268936
0.000258684
0.000269175
0.000272036
0.000259161
0.000271797
0.000263691
0.000269413
0.000259876
0.000267029
0.000267744
0.000273705
0.000260353
0.000272512
0.000272036
0.000269413
0.000259399
0.000258207
0.000269175
0.000269413
0.000270367
0.000261784
0.000246286
0.000261307
0.000260353
0.000261307
0.000258923
0.000244617
0.000268459
0.000271559
0.000273228
0.000270844
0.000262737
0.000269413
0.000266075
0.000267982
0.000266314
0.000276327
0.000266790
0.000296116
0.000264645
0.000271559
0.000276566
0.000268459
0.000272274
0.000269413
0.000269651
0.000267744
0.000269651
0.000262022
0.000270844
0.000269890
0.000259161
0.000273466
0.000269890
0.000247717
0.000259638
0.000254393
0.000268698
0.000266552
0.000258207
0.000270128
0.000268936
0.000270128
0.000258446
0.000259399
0.000269175
0.000265121
0.000269651
0.000271320
0.000278711
0.000270844
0.000265837
0.000270128
0.000269890
0.000267267
0.000268698
0.000259876
0.000253201
0.000270844
0.000266552
0.000266075
0.000244379
0.000268936
0.000272512
0.000260592
0.000259876
0.000266075
0.000247240
0.000266552
0.000287771
0.000268936
0.000242949
0.000274420
0.000267982
0.000268698
0.000266552
0.000221252
0.000248432
0.000265121
0.000266075
0.000266075
0.000255108
0.000273466
0.000267029
0.000267029
0.000270605
0.000262737
0.000262976
0.000267744
0.000265360
0.000266790
0.000265598
0.000259638
0.000263453
