0.016486406
0.007562637
0.007642269
0.007576704
0.007559061
0.005965710
0.006445169
0.007587194
0.006556988
0.007597208
0.006710529
0.007566452
0.007629395
0.007871866
0.006581545
0.007581472
0.007666349
0.005918264
0.006553888
0.007575035
0.015678883
0.007856607
0.006547689
0.007579327
0.005985260
0.007629395
0.006549597
0.007673264
0.006516695
0.007629156
0.006822824
0.006551027
0.007647276
0.006095648
0.006572008
0.007582188
0.006016731
0.006545067
0.007586718
0.007612467
0.006788969
0.006042957
0.007656813
0.006571293
0.007670641
0.015666485
0.006643057
0.007565737
0.006522179
0.007642746
0.006517410
0.007637739
0.007558823
0.006549835
0.007651567
0.006508589
0.006547689
0.006619453
0.007574081
0.006654978
0.007640839
0.007627964
0.006522417
0.007609367
0.015592098
0.007575035
0.007665634
0.007653713
0.006510258
0.017777681
0.006526709
0.006538868
0.006475449
0.007604122
0.007555485
0.006558657
0.007562160
0.006493807
0.006547928
0.007554054
0.007684708
0.006550789
0.007541656
0.007642984
0.006578684
0.006492853
0.007531166
0.006534100
0.007535219
0.007683516
0.006594181
0.007529736
0.006478548
0.006621838
0.007538319
0.007571220
0.007542133
0.005922318
0.006585121
0.007545471
0.006589651
0.006044388
0.014422178
0.006003618
0.006002188
0.005984068
0.006165504
0.006004810
0.005999327
0.005953312
0.005958796
0.006095648
0.006024122
0.005968571
0.006064415
0.005903006
0.006098032
0.006022692
0.006004572
0.005950689
0.006042957
0.005979776
0.006088495
0.005946398
0.006047010
0.005987167
0.006064415
0.006000042
0.005990982
0.005932570
0.006097555
0.006040096
0.014465570
0.005936384
0.005953074
0.006020546
0.006083965
0.005979538
0.014405012
0.014384270
0.006000280
0.006032228
0.005944490
0.005907059
0.005981445
0.006013393
0.006052256
0.014439583
0.005996943
0.005967379
0.006006718
0.006007433
0.006038904
0.005960226
0.006089449
0.006040335
0.006076813
0.005953074
0.006026745
0.005948305
0.005984068
0.006190062
0.006026506
0.005989075
0.006033897
0.005937099
0.006052017
0.006094694
0.005970478
0.005934238
0.014519930
0.006092548
0.006143570
0.005944967
0.006045818
0.006031990
0.014427662
0.014401436
0.005973339
0.006033659
0.006060839
0.006112576
0.006033659
0.005979061
0.006032228
0.005992889
0.006273746
0.014330626
0.006055117
0.005934477
0.014481068
0.006111622
0.006035566
0.005903959
0.006116152
0.005959749
0.014469624
0.005981445
0.006037474
0.005943060
0.006007433
0.006103516
0.005985260
0.006002903
0.006087780
0.005964756
0.005981445
0.005961895
0.006008148
0.005956888
0.005935669
0.005974293
0.005971909
0.006012440
0.006004810
0.006032944
0.006015778
0.005965710
0.006025791
0.006039858
0.006032705
0.005954981
0.005981207
0.005979061
0.005971909
0.005998373
0.005983829
0.005997896
0.014426470
0.014375448
0.005972147
0.005999327
0.006013870
0.005968094
0.005934477
0.006021261
0.005996704
0.005964994
0.005973816
0.005910158
0.005936623
0.005984306
0.014471054
0.006005764
0.006008625
0.005929708
0.005948067
0.005907536
0.006005764
0.005935907
0.014423609
0.005861521
0.005986452
0.005874634
0.006028652
0.005900621
0.014424801
0.005894423
0.005934238
0.014421701
0.005986691
0.005983829
0.006064892
0.005939722
0.005997419
0.005982876
0.005972385
0.005875349
0.006010056
0.006032467
0.005939722
0.005978107
0.005919456
0.006019592
0.006008387
0.005857229
0.005979776
0.005851269
0.006098986
0.005933285
0.005946159
0.005949736
0.005931139
0.014406204
0.005987406
0.005897760
0.006002188
0.005890608
0.006062984
0.005901814
0.014415503
0.005921841
0.005956173
0.006039619
0.005955219
0.006052256
0.005938768
0.005973816
0.006067038
0.005944967
0.006057739
0.005919456
0.006193876
0.006020069
0.006052732
0.005913734
0.005955935
0.005951643
0.006084204
0.005961895
0.006016970
0.005926132
0.005973101
0.005980492
0.006034613
0.005978823
0.006106853
0.006055832
0.006072044
0.005985022
0.006029367
0.014593124
0.005996943
0.006045818
0.006066322
0.005914450
0.005972624
0.005968332
0.006087542
0.005988836
0.006011963
0.005912542
0.006059408
0.006020069
0.006034374
0.005935431
0.005963087
0.006043196
0.006000280
0.005922079
0.006006002
0.005941868
0.014506102
0.005966187
0.006190777
0.005939007
0.005995989
0.005955219
0.005962372
0.006008625
0.006019831
0.005918980
0.005974531
0.005927086
0.006017923
0.005934238
0.005997419
0.006027937
0.006027222
0.006003618
0.006043911
0.005945921
0.014405012
0.006084204
0.006089449
0.006038904
0.006082058
0.005962372
0.006005526
0.006083250
0.005959034
0.005906105
0.006013870
0.006347418
0.006109238
0.005922556
0.005974293
0.005935192
0.014633417
0.014444590
0.006002665
0.005984545
0.006018877
0.006211758
0.006020069
0.005914450
0.005984068
0.005954266
0.006262064
0.005953074
0.005944967
0.005960226
0.014504194
0.006181717
0.006069422
0.005959034
0.014641762
0.005940914
0.006149530
0.005936623
0.005988121
0.005955696
0.005915403
0.006283045
0.014482737
0.005957603
0.006049871
0.014403820
0.006318331
0.005952358
0.006018400
0.005979300
0.006003857
0.006021261
0.006005764
0.006038904
0.006063461
0.005975485
0.006024361
0.005949974
0.006100893
0.006008148
0.006017923
0.005964279
0.006084204
0.005986929
0.005956888
0.014393330
0.005953789
0.005993843
0.006078959
0.005946159
0.005985975
0.005970955
0.006052494
0.005995035
0.005970716
0.006046772
0.006014585
0.005915165
0.005969763
0.005900145
0.005986452
0.005988121
0.005994797
0.006084442
0.006061792
0.005979776
0.006020546
0.005951643
0.006065845
0.005916357
0.006038666
0.005918980
0.006022692
0.005907774
0.005985022
0.005975723
0.006038666
0.005982637
0.007175684
0.014393806
0.005996466
0.005935669
0.006089687
0.005940676
0.014356852
0.006010771
0.005966902
0.005966663
0.006032228
0.006077528
0.005976439
0.005959988
0.005946875
0.005980730
0.006015539
0.005996704
0.005959034
0.005925894
0.005992651
0.014444351
0.005968332
0.005973101
0.006023645
0.005933046
0.005993366
0.005926132
0.014492750
0.014421225
0.006004333
0.005909920
0.005951881
0.005963802
0.005970001
0.005933285
0.005951643
0.005984783
0.005964041
0.005968094
0.006017447
0.005967140
0.006053686
0.005959749
0.006017923
0.005980015
0.014469862
0.005922556
0.005980968
0.006011963
0.006039858
0.005984068
0.006037712
0.005932331
0.006046057
0.014443398
0.006027460
0.005942106
0.006062269
0.005991697
0.006026745
0.005893946
0.005976915
0.005951166
0.005976200
0.006353378
0.006046057
0.005946159
0.005982399
0.005932570
0.006030083
0.006068230
0.005985498
0.005876541
0.005991459
0.005982161
0.005985498
0.005911589
0.005995750
0.005970716
0.006017447
0.005919695
0.005959511
0.006016254
0.006044626
0.005906105
0.006063461
0.005967379
0.005995512
0.005986691
0.005995512
0.006034374
0.006004572
0.005974770
0.005977154
0.006016016
0.005969763
0.005955696
0.006044149
0.006056547
0.005962372
0.005942345
0.006026983
0.014438629
0.006037474
0.014482021
0.006028652
0.006013155
0.006058455
0.005962133
0.005982399
0.005977392
0.005987167
0.005932808
0.006101608
0.006669760
0.006044865
0.005896091
0.005982876
0.005996466
0.006085396
0.005988598
0.005980015
0.005928993
0.005948782
0.005957127
0.005986214
0.014358521
0.005985022
0.005964279
0.006009340
0.005895615
0.005961180
0.014468908
0.005998850
0.005973577
0.006019592
0.005942822
0.006082773
0.005977154
0.014545441
0.014433861
0.005946875
0.005885839
0.006037474
0.006042480
0.005967617
0.005910635
0.006009340
0.005954266
0.005942345
0.005894184
0.005985260
0.005908966
0.005977154
0.005930424
0.005958080
0.005986214
0.005974770
0.006022692
0.005987167
0.005908251
0.006072760
0.014519930
0.006075859
0.005904198
0.005939960
0.006021738
0.005982876
0.005924225
0.006006002
0.006034374
0.006040812
0.005865335
0.006015062
0.005940676
0.006043434
0.005950451
0.005990267
0.005980015
0.006006956
0.014317989
0.005933523
0.005914450
0.014381886
0.005975008
0.005950451
0.006082058
0.005919218
0.005958080
0.006008863
0.005913496
0.005946875
0.005900860
0.005939722
0.005891085
0.006015539
0.005934000
0.005958557
0.005949736
0.014502764
0.005953312
0.005976439
0.005940914
0.006009817
0.005910158
0.006041527
0.005963087
0.006030321
0.006078243
0.005989075
0.005944490
0.006000757
0.005999088
0.005986452
0.005957127
0.005913973
0.005984783
0.014294147
0.005934238
0.014417410
0.005968809
0.005954027
0.005917072
0.005964041
0.005944729
0.005986452
0.005914211
0.006015301
0.005884886
0.006059170
0.005914927
0.005963326
0.005945683
0.006048918
0.005915880
0.005973101
0.005932331
0.006058455
0.014396191
0.005989075
0.005903006
0.014471531
0.005959511
0.005993605
0.005982399
0.006112337
0.005945921
0.006003618
0.005931616
0.006040335
0.014397621
0.005963802
0.005944252
0.005971432
0.005964518
0.006013393
0.006021023
0.006056786
0.005960703
0.006069660
0.005959511
0.006002426
0.006050825
0.006054163
0.006025553
0.006016493
0.006088972
0.006057501
0.014386892
0.006044149
0.005995512
0.006038904
0.005985260
0.006006002
0.005957365
0.014355183
0.005985975
0.006005526
0.005947113
0.005974770
0.006000996
0.006030083
0.005939960
0.005950451
0.005993843
0.006013870
0.005970240
0.005994558
0.005964041
0.006016493
0.005989552
0.005976200
0.006031513
0.006046057
0.005955935
0.006028414
0.005942583
0.005976915
0.005919933
0.006063223
0.006064415
0.005918026
0.005959272
0.005984306
0.005899191
0.005976677
0.005986929
0.006045580
0.005952597
0.006071568
0.005953550
0.005956650
0.006121159
0.005982399
0.005930185
0.006019115
0.006002665
0.006150723
0.005919695
0.006047487
0.005982161
0.005994558
0.005930662
0.006071091
0.005944490
0.006046057
0.005963802
0.005980253
0.005947828
0.005971432
0.006030798
0.006052494
0.005919218
0.006012678
0.005910873
0.006039143
0.005927086
0.005995035
0.005984783
0.006077528
0.005975962
0.005987883
0.005964279
0.006001472
0.005918026
0.006075382
0.006008148
0.006003141
0.005952120
0.006046772
0.005975485
0.005964994
0.005940199
0.006041527
0.005958796
0.006002665
0.014421940
0.005974770
0.006008625
0.006015539
0.006035328
0.005974770
0.005965710
0.006046534
0.006011486
0.006114960
0.005926847
0.006100893
0.006104231
0.006053925
0.014468431
0.005979776
0.006016970
0.006040096
0.005973101
0.005999804
0.006001472
0.006049395
0.005987883
0.005965471
0.006067753
0.006031990
0.005910635
0.006015778
0.005916119
0.005980968
0.005999565
0.005995989
0.006056309
0.006002665
0.014322042
0.006018162
0.005958796
0.006098747
0.005929232
0.005951643
0.005925655
0.006035566
0.005991936
0.005976439
0.005958080
0.006003141
0.005916119
0.005967140
0.005948067
0.006009340
0.005924463
0.006051779
0.005914450
0.006026030
0.006050110
0.006035566
0.005985260
0.006077051
0.006019831
0.005968571
0.005995035
0.006004810
0.006026983
0.005928040
0.005957365
0.005942822
0.005953074
0.005985260
0.005997181
0.005997419
0.005928516
0.005974770
0.005953789
0.006034613
0.005903244
0.006049156
0.005905628
0.005978584
0.005933762
0.005978823
0.005960703
0.006002665
0.005948782
0.005988836
0.006012917
0.006060839
0.005918980
0.006046295
0.014409065
0.005953312
0.014416218
0.006028414
0.014350891
0.005968332
0.005892754
0.005954981
0.005904913
0.014465332
0.005930901
0.005987406
0.005907536
0.006011724
0.005939007
0.006052971
0.005932570
0.006062269
0.014325142
0.006008148
0.006017685
0.005973339
0.005976677
0.005971670
0.005995989
0.014475822
0.005977392
0.006004810
0.005940437
0.006080151
0.005953789
0.006010771
0.005961180
0.014452457
0.006004810
0.006011486
0.006013155
0.005966663
0.006026745
0.005979776
0.005973577
0.005983114
0.005932331
0.005986214
0.005935431
0.006080151
0.005948305
0.005981684
0.005960703
0.005952120
0.006005764
0.006048679
0.014425993
0.006002188
0.005894899
0.014408112
0.005997181
0.005989075
0.006078959
0.006007910
0.005939960
0.005989552
0.005960703
0.006030798
0.006009817
0.005972624
0.005987644
0.006084681
0.006008148
0.005974054
0.006082773
0.005939960
0.005937338
0.006018639
0.006024361
0.006077766
0.005936623
0.006010294
0.005966663
0.006006718
0.005948067
0.006032705
0.005967140
0.006083488
0.005932331
0.005976439
0.005972147
0.006012917
0.006016254
0.006063938
0.005885601
0.005980015
0.005943775
0.006033421
0.006008387
