0.000483513
0.000494242
0.000405312
0.000471592
0.000394106
0.000395775
0.000493050
0.000403404
0.000405312
0.000412703
0.000498772
0.000415087
0.000409603
0.000395298
0.000478745
0.000405073
0.000405550
0.000405788
0.000404119
0.000404119
0.000406981
0.000503302
0.000412464
0.000380516
0.000422239
0.000425100
0.000407934
0.000409603
0.000500679
0.000406504
0.000408649
0.000406981
0.000406742
0.000407934
0.000501156
0.000402451
0.000390053
0.000408649
0.000378609
0.000495434
0.000404119
0.000412464
0.000411987
0.000406742
0.000498772
0.000409603
0.000407219
0.000475168
0.000417948
0.000352144
0.000408173
0.000495672
0.000403881
0.000393152
0.000489235
0.000402689
0.000498772
0.000406981
0.000406742
0.000404119
0.000414371
0.000407934
0.000504494
0.000408173
0.000378370
0.000499249
0.000405073
0.000403643
0.000404119
0.000411034
0.000499725
0.000410557
0.000427961
0.000389576
0.000406265
0.000407219
0.000493050
0.000411034
0.000406504
0.000500917
0.000406981
0.000409603
0.000406265
0.000495195
0.000420570
0.000393391
0.000494003
0.000404596
0.000407696
0.000406504
0.000484467
0.000404835
0.000368357
0.000390291
0.000387907
0.000511169
0.000378609
0.000524998
0.000414371
0.000400305
0.000411987
0.000379086
0.000383139
0.000378609
0.000376225
0.000389338
0.000383615
0.000386953
0.000383139
0.000387430
0.000356436
0.000410080
0.000386477
0.000375748
0.000390768
0.000383377
0.000384092
0.000381708
0.000389814
0.000388861
0.000391245
0.000384808
0.000391245
0.000387430
0.000403404
0.000402451
0.000390291
0.000389338
0.000390291
0.000393629
0.000387907
0.000344276
0.000389814
0.000384092
0.000386238
0.000356436
0.000385523
0.000360489
0.000388622
0.000402927
0.000375748
0.000390053
0.000385284
0.000383139
0.000387192
0.000384569
0.000390053
0.000390291
0.000385046
0.000379324
0.000392914
0.000360489
0.000384092
0.000376225
0.000386953
0.000384808
0.000389814
0.000340939
0.000378132
0.000379324
0.000350237
0.000353813
0.000347376
0.000388622
0.000385284
0.000388861
0.000392199
0.000365019
0.000359058
0.000379801
0.000392199
0.000393152
0.000366449
0.000392437
0.000400305
0.000387430
0.000396252
0.000381947
0.000379086
0.000385761
0.000384092
0.000387430
0.000375986
0.000408173
0.000390291
0.000388622
0.000390053
0.000377178
0.000388622
0.000380754
0.000385284
0.000392437
0.000386000
0.000392675
0.000393629
0.000383615
0.000391483
0.000366211
0.000399113
0.000386715
0.000391483
0.000396967
0.000395060
0.000391483
0.000387669
0.000393629
0.000389576
0.000375748
0.000394344
0.000390053
0.000390768
0.000387192
0.000351429
0.000411034
0.000394106
0.000394344
0.000376463
0.000348806
0.000379562
0.000382185
0.000381470
0.000379801
0.000367165
0.000385523
0.000382900
0.000388384
0.000386238
0.000405073
0.000375509
0.000392437
0.000389099
0.000386238
0.000382662
0.000382662
0.000372410
0.000378132
0.000343084
0.000378132
0.000389338
0.000385523
0.000384569
0.000368357
0.000377417
0.000377655
0.000390053
0.000363588
0.000378609
0.000382423
0.000385284
0.000385046
0.000382423
0.000378847
0.000361919
0.000383615
0.000359297
0.000349045
0.000384331
0.000376225
0.000391722
0.000388861
0.000385523
0.000387907
0.000384569
0.000376701
0.000384331
0.000388384
0.000386238
0.000395060
0.000382662
0.000348806
0.000381708
0.000382900
0.000376225
0.000358105
0.000384092
0.000374317
0.000377655
0.000363111
0.000378609
0.000380039
0.000386477
0.000384808
0.000382900
0.000381947
0.000379801
0.000389338
0.000387907
0.000385284
0.000376940
0.000384569
0.000363827
0.000376225
0.000386477
0.000381470
0.000388145
0.000391960
0.000386715
0.000390291
0.000389576
0.000407934
0.000387430
0.000381231
0.000385284
0.000382662
0.000387669
0.000382900
0.000376463
0.000385761
0.000397205
0.000385761
0.000389099
0.000391245
0.000386238
0.000382900
0.000379801
0.000375509
0.000380754
0.000354290
0.000382900
0.000383854
0.000386000
0.000389099
0.000380754
0.000384092
0.000394583
0.000386000
0.000398397
0.000389338
0.000361919
0.000397921
0.000383615
0.000387192
0.000375986
0.000366926
0.000377178
0.000373840
0.000381708
0.000384569
0.000365019
0.000386000
0.000386477
0.000380754
0.000387430
0.000391245
0.000374079
0.000405550
0.000393867
0.000390053
0.000389338
0.000397205
0.000393391
0.000395298
0.000379801
0.000381947
0.000386715
0.000392675
0.000388145
0.000371218
0.000350475
0.000396967
0.000389576
0.000387907
0.000395060
0.000359058
0.000392199
0.000394106
0.000392675
0.000388384
0.000392437
0.000393152
0.000392914
0.000390768
0.000387192
0.000396252
0.000396967
0.000390768
0.000391006
0.000391960
0.000394344
0.000391483
0.000392914
0.000368118
0.000377655
0.000391245
0.000394106
0.000392675
0.000394344
0.000395775
0.000391245
0.000389814
0.000360250
0.000375986
0.000390768
0.000397205
0.000394344
0.000391960
0.000391960
0.000392914
0.000391483
0.000393867
0.000394821
0.000393867
0.000385523
0.000395775
0.000389814
0.000394106
0.000391245
0.000373840
0.000390530
0.000394821
0.000394344
0.000368834
0.000380993
0.000390768
0.000392199
0.000390768
0.000395775
0.000380516
0.000394583
0.000394344
0.000387192
0.000392199
0.000387669
0.000390053
0.000386238
0.000386477
0.000391483
0.000376225
0.000392437
0.000392199
0.000400782
0.000387192
0.000372171
0.000392914
0.000390768
0.000378370
0.000391245
0.000381708
0.000401974
0.000391006
0.000375271
0.000394344
0.000375748
0.000392914
0.000390530
0.000394344
0.000394106
0.000378847
0.000378609
0.000392914
0.000372171
0.000393867
0.000373125
0.000386715
0.000392437
0.000392675
0.000392437
0.000372887
0.000397682
0.000398397
0.000395298
0.000384092
0.000377178
0.000405312
0.000396013
0.000392199
0.000410080
0.000374079
0.000393391
0.000399590
0.000394583
0.000376940
0.000374556
0.000395298
0.000391960
0.000398874
0.000400305
0.000383377
0.000391960
0.000396729
0.000369072
0.000341654
0.000375748
0.000392914
0.000407457
0.000391006
0.000394821
0.000378132
0.000393867
0.000378609
0.000394583
0.000392914
0.000375509
0.000397205
0.000401735
0.000392199
0.000393629
0.000380516
0.000393867
0.000388145
0.000364065
0.000397682
0.000379801
0.000392437
0.000371456
0.000391245
0.000394344
0.000384331
0.000389338
0.000395775
0.000358582
0.000391483
0.000380516
0.000391483
0.000391245
0.000395775
0.000386715
0.000377893
0.000392437
0.000397682
0.000398397
0.000415564
0.000372410
0.000385046
0.000392437
0.000405550
0.000395536
0.000380754
0.000393629
0.000394344
0.000390291
0.000390530
0.000377178
0.000396252
0.000384808
0.000391483
0.000391245
0.000385761
0.000394583
0.000392675
0.000350475
0.000392675
0.000390053
0.000394344
0.000394821
0.000390291
0.000391245
0.000393152
0.000384808
0.000396252
0.000394344
0.000395060
0.000371933
0.000366211
0.000395060
0.000395298
0.000394106
0.000382900
0.000349045
0.000395775
0.000390053
0.000391245
0.000375509
0.000391245
0.000398159
0.000391960
0.000392199
0.000370979
0.000391722
0.000394106
0.000391245
0.000378847
0.000344038
0.000389099
0.000390530
0.000391483
0.000401258
0.000378132
0.000390768
0.000407696
0.000396252
0.000393152
0.000392675
0.000392675
0.000380993
0.000393629
0.000365496
0.000391245
0.000390291
0.000396490
0.000364542
0.000391245
0.000383615
0.000390291
0.000392437
0.000394106
0.000392199
0.000391483
0.000397921
0.000388145
0.000365019
0.000394106
0.000376225
0.000392675
0.000395060
0.000391960
0.000390053
0.000390530
0.000380516
0.000360966
0.000391960
0.000395298
0.000377655
0.000395775
0.000393629
0.000392199
0.000395060
0.000364542
0.000394583
0.000365019
0.000368118
0.000393629
0.000391722
0.000393867
0.000392675
0.000393629
0.000364780
0.000390768
0.000391245
0.000394583
0.000388622
0.000394583
0.000386000
0.000393391
0.000390053
0.000375986
0.000392675
0.000393629
0.000388145
0.000390053
0.000398874
0.000393152
0.000392437
0.000395298
0.000392199
0.000390291
0.000388622
0.000395298
0.000396252
0.000395536
0.000385046
0.000391245
0.000377655
0.000390053
0.000388384
0.000392914
0.000393152
0.000392914
0.000383377
0.000391960
0.000394583
0.000394344
0.000395298
0.000401020
0.000395298
0.000391960
0.000407219
0.000391245
0.000392675
0.000395775
0.000390291
0.000396490
0.000385046
0.000392437
0.000393629
0.000395060
0.000385523
0.000393152
0.000391006
0.000395060
0.000390768
0.000377655
0.000392437
0.000393391
0.000394583
0.000395060
0.000386000
0.000394106
0.000377893
0.000393629
0.000391483
0.000377417
0.000391245
0.000396252
0.000395536
0.000389576
0.000380993
0.000393629
0.000409603
0.000378609
0.000393629
0.000387907
0.000394344
0.000383615
0.000384092
0.000392914
0.000393391
0.000391245
0.000393629
0.000395298
0.000393391
0.000391722
0.000387430
0.000396967
0.000394106
0.000397444
0.000391722
0.000376701
0.000393629
0.000396490
0.000394583
0.000397205
0.000366449
0.000394583
0.000390530
0.000409603
0.000395536
0.000391245
0.000375748
0.000393152
0.000405073
0.000391722
0.000391960
0.000393152
0.000394583
0.000405788
0.000381231
0.000394344
0.000388861
0.000393629
0.000376225
0.000392914
0.000392914
0.000386715
0.000395060
0.000407934
0.000391960
0.000391960
0.000391960
0.000396252
0.000346899
0.000389814
0.000385046
0.000393391
0.000393391
0.000401020
0.000391006
0.000396013
0.000391006
0.000393391
0.000392437
0.000394583
0.000390530
0.000396013
0.000390768
0.000367403
0.000395775
0.000395775
0.000389338
0.000395060
0.000394106
0.000394344
0.000398397
0.000407457
0.000392675
0.000391722
0.000385284
0.000392914
0.000377178
0.000391960
0.000385761
0.000389338
0.000391006
0.000379801
0.000392914
0.000392199
0.000392199
0.000392437
0.000404835
0.000398397
0.000397205
0.000408888
0.000379801
0.000390768
0.000392199
0.000390768
0.000378132
0.000391960
0.000392199
0.000392914
0.000394821
0.000384569
0.000388384
0.000391960
0.000395775
0.000392675
0.000388861
0.000392199
0.000385523
0.000393391
0.000389814
0.000387192
0.000392914
0.000393152
0.000392914
0.000394106
0.000383377
0.000389814
0.000394344
0.000408649
0.000392914
0.000394583
0.000390768
0.000389576
0.000395775
0.000391483
0.000394583
0.000389338
0.000395536
0.000389814
0.000394106
0.000394344
0.000382900
0.000391722
0.000380278
0.000391722
0.000393152
0.000393152
0.000392199
0.000392675
0.000386477
0.000392199
0.000389576
0.000392675
0.000401735
0.000393391
0.000394344
0.000393391
0.000392675
0.000407934
0.000396490
0.000395298
0.000406742
0.000395060
0.000369549
0.000395775
0.000392675
0.000410318
0.000392199
0.000393152
0.000391006
0.000384331
0.000394583
0.000384092
0.000386238
0.000395536
0.000396729
0.000391245
0.000394106
0.000395536
0.000391006
0.000394344
0.000378370
0.000390530
0.000395536
0.000392914
0.000390768
0.000386238
0.000380754
0.000389099
0.000348568
0.000387669
0.000387669
0.000389099
0.000389338
0.000390053
0.000391960
0.000378609
0.000390768
0.000390053
0.000391006
0.000391245
0.000391245
0.000394344
0.000384808
0.000392437
0.000392199
0.000370502
0.000392914
0.000392914
0.000386715
0.000396967
0.000392437
0.000390530
0.000392199
0.000394106
0.000393867
0.000376463
0.000394583
0.000392914
0.000394106
0.000394583
0.000373840
0.000395298
0.000393629
0.000394106
0.000390291
0.000382423
0.000395775
0.000391483
0.000370979
0.000394821
0.000389576
0.000394344
0.000394583
0.000395536
0.000391483
0.000404596
0.000390291
0.000396490
0.000388861
0.000390768
0.000369072
0.000399828
0.000395536
0.000392914
0.000395060
0.000384569
0.000392675
0.000393867
0.000395298
0.000393629
0.000383615
0.000393629
0.000394106
0.000390768
0.000391722
0.000384331
0.000393152
0.000396252
0.000392437
0.000396252
0.000342131
0.000398636
0.000394583
0.000367880
0.000368357
0.000389814
0.000395775
0.000364542
0.000391006
0.000388861
0.000388622
0.000392675
0.000389099
0.000396013
0.000383854
0.000360012
0.000392675
0.000393391
0.000398874
0.000394106
0.000382900
0.000393152
0.000394583
0.000396967
0.000393152
0.000401735
0.000394106
0.000392437
0.000409842
0.000391722
0.000391960
0.000388622
0.000382900
0.000391006
0.000391245
0.000392437
0.000394106
0.000393629
0.000381947
0.000393867
0.000385761
0.000395536
0.000390291
0.000388384
0.000392437
0.000395298
0.000395060
0.000385046
