0.011793375
0.001644611
0.001409292
0.001670837
0.001697063
0.001442432
0.001681566
0.001670361
0.001671314
0.001426220
0.001682520
0.001417398
0.001667976
0.001683474
0.001466274
0.001346827
0.001670361
0.001416206
0.001426935
0.001687765
0.001659870
0.001444578
0.001695871
0.001437664
0.001410246
0.001414776
0.001678944
0.001354694
0.001499891
0.001666069
0.001502275
0.001663446
0.001694679
0.001339912
0.001508236
0.001664400
0.001688242
0.001437902
0.001661062
0.001403570
0.001763821
0.001442909
0.001418352
0.001411915
0.001669884
0.001702785
0.001540422
0.001646757
0.001664877
0.001448154
0.001411438
0.001663208
0.001682520
0.001703262
0.001701593
0.001302481
0.001400471
0.001652479
0.001426220
0.001688957
0.001487017
0.001415014
0.001417875
0.001697302
0.001673698
0.001657963
0.001417160
0.001684189
0.001431227
0.001673222
0.001438141
0.001684189
0.001735449
0.001415253
0.001414299
0.001656771
0.001438856
0.001690149
0.001677990
0.001665354
0.001684666
0.001431942
0.001679897
0.001409769
0.001409769
0.001695871
0.001420975
0.001683235
0.001412630
0.001675606
0.001424789
0.001418591
0.001652956
0.001674175
0.001443386
0.001661062
0.001416445
0.001670122
0.001434326
0.001372576
0.001415014
0.001344681
0.001349211
0.001349211
0.001377821
0.001366854
0.001344204
0.001353979
0.001345396
0.001346111
0.001359224
0.001357079
0.001354218
0.001342058
0.001350164
0.001353264
0.001343966
0.001366854
0.001344442
0.001339674
0.001356602
0.001351118
0.001360893
0.001339197
0.001342535
0.001353025
0.001349211
0.001358032
0.001339912
0.001345158
0.001339436
0.001336575
0.001355886
0.001340628
0.001339436
0.001329899
0.001336813
0.001335859
0.001332283
0.001333714
0.001342535
0.001339912
0.001348734
0.001341343
0.001338005
0.001628399
0.001468897
0.001334906
0.001353741
0.001342535
0.001342535
0.001332283
0.001333237
0.001346350
0.001335859
0.001346827
0.001341820
0.001338720
0.001350403
0.001342058
0.001355410
0.001338005
0.001344442
0.001358986
0.001342058
0.001363039
0.001346588
0.001352072
0.001351595
0.001342058
0.001345396
0.001333952
0.001339674
0.001338005
0.001344681
0.001353502
0.001358747
0.001343727
0.001345634
0.001346588
0.001355171
0.001332760
0.001340628
0.001339674
0.001342535
0.001356363
0.001339436
0.001345873
0.001333475
0.001347542
0.001343012
0.001341105
0.001339674
0.001335382
0.001333237
0.001356125
0.001356840
0.001331091
0.001326323
0.001327276
0.001332998
0.001332998
0.001329422
0.001324654
0.001357079
0.001338482
0.001332045
0.001365185
0.001343012
0.001333475
0.001340151
0.001337051
0.001369953
0.001348019
0.001338482
0.001327991
0.001340866
0.001347542
0.001341105
0.001343012
0.001331329
0.001333952
0.001391411
0.001336336
0.001332045
0.001338720
0.001337528
0.001342297
0.001325369
0.001348019
0.001332283
0.001343012
0.001328230
0.001339674
0.001335621
0.001337290
0.001358271
0.001339197
0.001344442
0.001337767
0.001342297
0.001367807
0.001341343
0.001349449
0.001339436
0.001337051
0.001341820
0.001344681
0.001343250
0.001335382
0.001344681
0.001366138
0.001339912
0.001350403
0.001331806
0.001342297
0.001377821
0.001352549
0.001344919
0.001330853
0.001347303
0.001356363
0.001343012
0.001338720
0.001340866
0.001345158
0.001348019
0.001345396
0.001344681
0.001336575
0.001340866
0.001356125
0.001359463
0.001344681
0.001333475
0.001351118
0.001344442
0.001339912
0.001347303
0.001340628
0.001345873
0.001343012
0.001339197
0.001342297
0.001337051
0.001337051
0.001352072
0.001343489
0.001338720
0.001342773
0.001347780
0.001339912
0.001338005
0.001334667
0.001352072
0.001350641
0.001362562
0.001541376
0.001346588
0.001337290
0.001372099
0.001372576
0.001363754
0.001349211
0.001333714
0.001351595
0.001372814
0.001340628
0.001346350
0.001338005
0.001345634
0.001389265
0.001340151
0.001352787
0.001350164
0.001344442
0.001373291
0.001340628
0.001349449
0.001343489
0.001348495
0.001360893
0.001341820
0.001353264
0.001348019
0.001349688
0.001354694
0.001347542
0.001353502
0.001353502
0.001359224
0.001358271
0.001353264
0.001372099
0.001348257
0.001359463
0.001343250
0.001351833
0.001349926
0.001350641
0.001353502
0.001338959
0.001349688
0.001352310
0.001352549
0.001351833
0.001343966
0.001355171
0.001353264
0.001351118
0.001373529
0.001343966
0.001353741
0.001361132
0.001346827
0.001359701
0.001346111
0.001368284
0.001348019
0.001350641
0.001362085
0.001355171
0.001359940
0.001338482
0.001352072
0.001358509
0.001351357
0.001360655
0.001351357
0.001353264
0.001363039
0.001354694
0.001360655
0.001346350
0.001354456
0.001357555
0.001362562
0.001380444
0.001380682
0.001359940
0.001353979
0.001358509
0.001363039
0.001353741
0.001354456
0.001358986
0.001354694
0.001371145
0.001353025
0.001379490
0.001363277
0.001362324
0.001361847
0.001359701
0.001384258
0.001355886
0.001347542
0.001344204
0.001353741
0.001365423
0.001350641
0.001345873
0.001349449
0.001342535
0.001360178
0.001350403
0.001400232
0.001350403
0.001353264
0.001355648
0.001368284
0.001357079
0.001357079
0.001351118
0.001348019
0.001358271
0.001370668
0.001351833
0.001353025
0.001348972
0.001364708
0.001359224
0.001350164
0.001355410
0.001395464
0.001355410
0.001362324
0.001356840
0.001373768
0.001351595
0.001367807
0.001350880
0.001359224
0.001356363
0.001356602
0.001350641
0.001364708
0.001357079
0.001357794
0.001354456
0.001358271
0.001360893
0.001349211
0.001374006
0.001361132
0.001380205
0.001347303
0.001356125
0.001363039
0.001355410
0.001348257
0.001358032
0.001352549
0.001356840
0.001350880
0.003537893
0.003691673
0.003585100
0.001371861
0.001371861
0.012483358
0.003516674
0.003693581
0.001356602
0.003655910
0.003598690
0.003675222
0.003592253
0.003767252
0.001352549
0.003671646
0.003643751
0.001343250
0.003690958
0.003604412
0.003620863
0.003591061
0.003632545
0.003759146
0.001352310
0.001370668
0.003695011
0.003685236
0.001347065
0.003732443
0.003648996
0.001349926
0.003596067
0.003770351
0.001355648
0.003694534
0.003616571
0.001354694
0.001351595
0.001349688
0.001350403
0.001350641
0.001349688
0.001351118
0.001358986
0.001358986
0.003725529
0.001362324
0.001355410
0.003668070
0.001359701
0.003686905
0.001356363
0.003687859
0.001375675
0.001355410
0.001371622
0.003734350
0.003629923
0.001348019
0.001364708
0.001353264
0.003620386
0.003593206
0.003661394
0.001354694
0.001351833
0.003618479
0.001358032
0.001355648
0.001361609
0.001358271
0.001348734
0.003637552
0.001350403
0.001358509
0.012266397
0.003574610
0.001353741
0.001366615
0.001354218
0.001378298
0.001365662
0.001362801
0.001348257
0.001354933
0.001359224
0.003816128
0.001388311
0.001385689
0.001391411
0.001381636
0.001367569
0.001362801
0.001366138
0.001373053
0.001369953
0.001370668
0.001376152
0.001374722
0.001548529
0.001410723
0.001368999
0.001348257
0.001361609
0.001364946
0.001331806
0.001333475
0.001351357
0.001339436
0.001332045
0.001330614
0.001336575
0.001347303
0.001340389
0.001337051
0.001338959
0.001339674
0.001330376
0.001332521
0.001330853
0.001337290
0.001325130
0.001337528
0.001344442
0.001355171
0.001338482
0.001332760
0.001333475
0.001339436
0.012126446
0.001329899
0.001354933
0.001335859
0.001336575
0.001336813
0.001339674
0.001334429
0.001338959
0.001331568
0.001338005
0.001330376
0.001338720
0.001328468
0.001340151
0.001340389
0.001344442
0.001333237
0.001329899
0.001330137
0.001329660
0.001332045
0.001327276
0.001335621
0.001338243
0.001332521
0.001335859
0.001344204
0.001331806
0.001335382
0.001336575
0.001329899
0.001337290
0.001342058
0.001336098
0.001336336
0.001329899
0.001334906
0.001344681
0.001329660
0.001336575
0.001375198
0.001334906
0.001333475
0.001338720
0.001333952
0.001335859
0.001338720
0.001332760
0.001343727
0.001336575
0.001329899
0.001352549
0.001334906
0.001327991
0.001326323
0.001333475
0.001344919
0.001335144
0.001329899
0.001363993
0.001331329
0.001335859
0.001336336
0.001326561
0.001336575
0.001333475
0.001335144
0.001349449
0.001331329
0.001323462
0.001334190
0.001332045
0.001322985
0.001321554
0.001374722
0.001344204
0.001348495
0.001337767
0.001332760
0.001362562
0.001328945
0.001333952
0.001347780
0.001332283
0.001334429
0.001356363
0.001328707
0.001330376
0.001338959
0.001335621
0.001355410
0.001328945
0.001329899
0.001336575
0.001330614
0.001325846
0.001350164
0.001333952
0.001336098
0.001321077
0.001329422
0.001346111
0.001338005
0.001333237
0.001360178
0.001335621
0.001334906
0.001352310
0.001336098
0.001335144
0.001328707
0.001332760
0.001343489
0.001333952
0.001341343
0.001354456
0.001332283
0.001335144
0.001352072
0.001328945
0.001327276
0.001340389
0.001341343
0.001331329
0.001336575
0.001333237
0.001341820
0.001338243
0.001331091
0.001339436
0.001336098
0.001339436
0.001341820
0.001326561
0.001334429
0.001327038
0.001333475
0.001346350
0.001337767
0.001337290
0.001328707
0.001335382
0.001341343
0.001332521
0.001333237
0.001332045
0.001332760
0.001334667
0.001331091
0.001339912
0.001338482
0.001340866
0.001333237
0.001333475
0.001327038
0.001330137
0.001331806
0.001329184
0.001330614
0.001386404
0.001328707
0.001340866
0.001333714
0.001331329
0.001333475
0.001347065
0.001337767
0.001334906
0.001321316
0.001339436
0.001335382
0.001327991
0.001332045
0.001329184
0.001301765
0.001302242
0.001379728
0.001303911
0.001306772
0.001342535
0.001343489
0.001330137
0.001335859
0.001345634
0.001334190
0.001336098
0.001336098
0.001339674
0.001339436
0.001330853
0.001328230
0.001323938
0.001336575
0.001328707
0.001334906
0.001334190
0.001351118
0.001341105
0.001336575
0.001337528
0.001331091
0.001342535
0.001337528
0.001330853
0.001330614
0.001335382
0.001338959
0.001339436
0.001343250
0.001336813
0.001328468
0.001329899
0.001340151
0.001324892
0.001333714
0.001336336
0.001336575
0.001336813
0.001338959
0.001333714
0.007250547
0.001800776
0.001448870
0.001428604
0.001445770
0.001654387
0.001592636
0.001420736
0.001433372
0.001447201
0.002557755
0.001382113
0.001401186
0.001481771
0.001692772
0.001442909
0.001470804
0.001503706
0.001506090
0.001439333
0.001348257
0.001348972
0.001392365
0.001368284
0.001349449
0.001349688
0.001352787
0.001360178
0.001353502
0.001354694
0.001357794
0.001351833
0.001357555
0.001354933
0.001350880
0.001365662
0.001352787
0.001351357
0.001348495
0.001357794
0.001357317
0.001376629
0.001352787
0.001359463
0.001355171
0.001346827
0.001360893
0.001368284
0.001347780
0.001362085
0.001355171
0.001354694
0.001355171
0.001352549
0.001348734
0.001341105
0.001368999
0.001373529
0.001356125
0.001345396
0.001357079
0.001365185
0.001350641
0.001354694
0.001357317
0.001357555
0.001369476
0.001358986
0.001361370
0.001363516
0.001344919
0.001368284
0.001363993
0.001357555
0.001362562
0.001358747
0.001357079
0.001348257
0.001365185
0.001372576
0.001351357
0.001358747
0.001356125
0.001351833
0.001368046
0.001349449
0.001370668
0.001342535
0.001358509
0.001369953
0.001363516
0.001353979
0.001352072
0.001353502
0.001354933
0.001355410
0.001367569
0.001363516
0.001351118
0.001356840
0.001355171
0.001359224
0.001355648
0.001359940
0.001354456
0.001356363
0.001361847
0.001355648
0.001351357
0.001352549
0.001349688
0.001393557
0.001361370
0.001357079
0.001354694
0.001352787
0.001352549
0.001354933
0.001358747
0.001357079
0.001360416
0.001352549
0.001348972
0.001354218
0.001363039
0.001356602
0.001366854
0.001356363
0.001362085
0.001348257
0.001353264
0.001369238
0.001359940
0.001351833
0.001341105
0.001357555
0.001358271
0.001356363
0.001349688
0.001345158
0.001354933
0.001369238
0.001358509
0.001358032
0.001355886
0.001350641
0.001354456
0.001355171
0.001366615
0.001354933
0.001353741
0.001368523
0.001356363
0.001355886
0.001351357
0.001359701
0.001357079
0.001362324
0.001355648
0.001365185
0.001349688
0.001375675
0.001358271
0.001347780
0.001363993
0.001362085
0.001359940
0.001358986
0.001358032
0.001359701
0.001360178
0.001350164
0.001354218
0.001354933
0.001359463
0.001353502
0.001362562
0.001359701
0.001384974
0.001364231
0.001359701
0.001364231
0.001354456
0.001359701
0.001362085
0.001359224
0.001362801
0.001353979
0.001355886
0.001362324
0.001353741
0.001368999
0.001350403
0.001358986
0.001361132
0.001355886
0.001355171
0.001360655
0.001356602
0.001357317
0.001370907
0.001350164
0.001355410
0.001355648
0.001358032
0.001353025
0.001359701
0.001345873
0.001355886
0.001359940
0.001356363
0.001377344
0.001350641
0.001353502
0.001350403
0.001358509
0.001371384
0.001355171
0.001354456
0.001355648
0.001356602
0.001358509
0.001356125
0.001352549
0.001393795
0.001358032
0.001356363
0.001357555
0.001354218
0.001362085
0.001356602
0.001360655
0.001365900
0.001352549
0.001345873
0.001353025
0.001359224
0.001354694
0.001352310
0.001357317
0.001361132
0.001358986
0.001353025
0.001364946
0.001361370
0.001359463
0.001357317
0.001351118
0.001362085
0.001375675
0.001356602
0.001362801
0.001357794
0.001353025
0.001354933
0.001348495
0.001372099
0.001353264
0.001381874
0.001371861
0.001352787
0.001359701
0.001350164
0.001363039
0.001359940
0.001359224
0.001361370
0.001346588
0.001358986
0.001371384
0.001354694
0.001359701
0.001349449
0.001352549
0.001371384
0.001358747
0.001358271
0.001364231
0.001362562
0.001358986
0.001367807
0.001361847
0.001349449
0.001370430
0.001370430
0.001352787
0.001357794
0.001353502
0.001359463
0.001361132
0.001358032
0.001371384
0.001363754
0.001355410
0.001367569
0.001358271
0.001364470
0.001354694
0.001356602
0.001362562
0.001610518
0.001351595
0.001357079
0.001354218
0.001348257
0.001358986
0.001354218
0.001352549
0.001358032
0.001365900
0.001352787
0.001363754
0.001348734
0.001362562
0.001356363
0.001360178
0.001359701
0.001352549
0.001359463
0.001355886
0.001351833
0.001351118
0.001353264
0.001349926
0.001353264
0.001359224
0.001361370
0.001356125
0.001363039
0.001354218
0.001362801
0.001356363
0.001351357
0.001348734
0.001359940
0.001369476
0.001357555
0.001356840
0.001354933
0.001362324
0.001363516
0.001354694
0.001353025
0.001353264
0.001359224
0.001360416
0.001348019
0.001353979
0.001357794
0.001361609
0.001360893
0.001359701
0.001352310
0.001354456
0.001361370
0.001352072
0.001358747
0.001354933
0.001352310
0.001363754
0.001364231
0.001360655
0.001349926
0.001361609
0.001363754
0.001347780
0.001355171
0.001366854
0.001357555
0.001361847
0.001361370
0.001358032
0.001366138
0.001353741
0.001358747
0.001346111
0.001362085
0.001357794
0.001348972
0.001359701
0.001372099
0.001359463
0.001361370
0.001355171
0.001357317
0.001348019
0.001350641
0.001358271
0.001354933
0.001352310
0.001394272
0.001363516
0.001364231
0.001364470
0.001362562
0.001379490
0.001358747
0.001363277
0.001352072
0.001368523
0.001368761
0.001358509
0.001347065
0.001354456
0.001357794
0.001359940
0.001353264
0.001354456
0.001356363
0.001359701
0.001372099
0.001355410
0.001350880
0.001344442
0.001362324
0.001361609
0.001355886
0.001353264
0.001358509
0.001352787
0.001354933
0.001366854
0.001357317
0.001377583
0.001345158
0.001353741
0.001389027
0.001358747
0.001375198
0.001356125
0.001354694
0.001350641
0.001358986
0.001359224
0.001366615
0.001354694
0.001347780
0.001351118
0.001361847
0.001354694
0.001351595
0.001348734
0.001355171
0.001373053
0.001351118
0.001358271
0.001351595
0.001358509
0.001358271
0.001385450
0.001390219
0.001357794
0.001387119
0.001388550
0.001359701
0.001358032
0.001369715
0.001373291
0.001366138
0.001361609
0.001372099
0.001361609
0.001367807
0.001367092
0.001367807
0.001381874
0.001353979
0.001369715
0.001383066
0.001368761
0.001376629
0.001364708
0.001369715
0.001372814
0.001355886
0.001358747
0.001365900
0.001354694
0.001363516
0.001360178
0.001353979
0.001353264
0.001366615
0.001366377
0.001357555
0.001355410
0.001350164
0.001347542
0.001357079
0.001354694
0.001358032
0.001360178
0.001347303
0.001356363
0.001359463
0.001372337
0.001350164
0.001357317
0.001350641
0.001349688
0.001367569
0.001356363
0.001384258
0.001356363
0.001365423
0.001343012
0.001351595
0.001373768
0.001363516
0.001350403
0.001351357
0.001366138
0.001362085
0.001358747
0.001352787
0.001359701
0.001352787
0.001354694
0.001363754
0.001352549
0.001356602
0.001345396
0.001348734
0.001367092
0.001389980
0.001361132
0.001357555
0.001355648
0.001365185
0.001365900
0.001358986
0.001353264
0.001354933
0.001353502
0.001354933
0.001358032
0.001351595
0.001353264
0.001352549
0.001426935
0.001355410
0.001359701
0.001351833
0.001361609
0.001352549
0.001347542
0.001354456
0.001355171
0.001353025
0.001359940
0.001352787
0.001359463
0.001361609
0.001360416
0.001353264
0.001356602
0.001354933
0.001352549
0.001351595
0.001363277
0.001353502
0.001355886
0.001363754
0.001353502
0.001351595
0.001356602
0.001359701
0.001357555
0.001354218
0.001363039
0.001354218
0.001384020
0.001354218
0.001358271
0.001358986
0.001350641
0.001373768
0.001350403
0.001360178
0.001346350
0.001362085
0.001372337
0.001381874
0.001366854
0.001357079
0.001358747
0.001372576
0.001353979
0.001359701
0.001364470
0.001344442
0.001348972
0.001358271
0.001355648
0.001356602
0.001363039
0.001351595
0.001354933
0.001374245
0.001355171
0.001346350
0.001355410
0.001359701
0.001363039
0.001352787
0.001348495
0.001343012
0.001352310
0.001360178
0.001353264
0.001355171
0.001356125
0.001356840
0.001361847
0.001355410
0.001354456
0.001360655
0.001350880
0.001358747
0.001355886
0.001355648
0.001351118
0.001360655
0.001359701
0.001360416
0.001358032
0.001345873
0.001350403
0.001397133
0.001352310
0.001350403
0.001355171
0.001364708
0.001360893
0.001362085
0.001355886
0.001354933
0.001355886
0.001357794
0.001353979
0.001353025
0.001348495
0.001354218
0.001358271
0.001363754
0.001356602
0.001347065
0.001355648
0.001357794
0.001358747
0.001352549
0.001347303
0.001348972
0.001358509
0.001353502
0.001342297
0.001347542
0.001353264
0.001372099
0.001356602
0.001348734
0.001345396
0.001371622
0.001363039
0.001351833
0.001352072
0.001356125
0.001364231
0.001353979
0.001354933
0.001353741
0.001358032
0.001360655
0.001368523
0.001360655
0.001354218
0.001356602
0.001353741
0.001378298
0.001360893
0.001357555
0.001363993
0.001351595
0.001352072
0.001361847
0.001355648
0.001363516
0.001363993
0.001353741
0.001348019
0.001352072
0.001355648
0.001353264
0.001359463
0.001355886
0.001357555
0.001364231
0.001350641
0.001347065
0.001350880
0.001353025
0.001374245
0.001361847
0.001356602
0.001348495
0.001348972
0.001358747
0.001349926
0.001350641
0.001356125
0.001352310
0.001360893
0.001362324
0.001353979
0.001362085
0.001362324
0.001353979
0.001354933
0.001347780
0.001364470
0.001357079
0.001355648
0.001356602
0.001354456
0.001364470
0.001357079
0.001367807
0.001351833
0.001352787
0.001367807
0.001358509
0.001354218
0.001359940
0.001354933
0.001361609
0.001356363
0.001350403
0.001355648
0.001359940
0.001364708
0.001352310
0.001353979
0.001347303
0.001358747
0.001351833
0.001356125
0.001350641
0.001348019
0.001349926
0.001360416
0.001344919
0.001355410
0.001345873
0.001351357
0.001359463
0.001353025
0.001345396
0.001359224
0.001353979
0.001366377
0.001353741
0.001358747
0.001356125
0.001358986
0.001354456
0.001358271
0.001349449
0.001354218
0.001361609
0.001345873
0.001348972
0.001362085
0.001360178
0.001355410
0.001357317
0.001348972
0.001361370
0.001357079
0.001357079
0.001353025
0.001352549
0.001350880
0.001359224
0.001362801
0.001376629
0.001366615
0.001352549
0.001350641
0.001375675
0.001368284
0.001365423
0.001379490
0.001362324
0.001356363
0.001363516
0.001356125
0.001353741
0.001365423
0.001350403
0.001360655
0.001347303
0.001357794
0.001364470
0.001358509
0.001360655
0.001348495
0.001353025
0.001356602
0.001351357
0.001350641
0.001349926
0.001353979
0.001363039
0.001356602
0.001356840
0.001347303
0.001363277
0.001345634
0.001348972
0.001349449
0.001355410
0.001351833
0.001347065
0.001348734
0.001362562
0.001353979
0.001356125
0.001350641
0.001347303
0.001358509
0.001394510
0.001357317
0.001362801
0.001357079
0.001359940
0.001351357
0.001355410
0.001353502
0.001361370
0.001354218
0.001348257
0.001358509
0.001358986
0.001348019
0.001353741
0.001345396
0.001359463
0.001355886
0.001344442
0.001354456
0.001350641
0.001357317
0.001347542
0.001342773
0.001346588
0.001342058
0.001346350
0.001350403
0.001350403
0.001344681
0.001338720
0.001348495
0.001348972
0.001342297
0.001349926
0.001342773
0.001348734
0.001348734
0.001349688
0.001350403
0.001334190
0.001339197
0.001351833
0.001340389
0.001348019
0.001347303
0.001340866
0.001360893
0.001337528
0.001346588
0.001358747
0.001342773
0.001357317
0.001352310
0.001344919
0.001340389
0.001342535
0.001351118
0.001343489
0.001343012
0.001338005
0.001342773
0.001350880
0.001344681
0.001348972
0.001340389
0.001348019
0.001344204
0.001353741
0.001354694
0.001350403
0.001348257
0.001344204
0.001343966
0.001358509
0.001355171
0.001347065
0.001344681
0.001344204
0.001342297
0.001335621
0.001344919
0.001347303
0.001380920
0.001385689
0.001376152
0.001373529
0.001386642
0.001340866
0.001390219
0.001368999
0.001363039
0.001367092
0.001354218
0.001376867
0.001356125
0.001357079
0.001358032
0.001358747
0.001362801
0.001354456
0.001364708
0.001365185
0.001351118
0.001381159
0.001352549
0.001353025
0.001351833
0.001339436
0.001354694
0.001347303
0.001350164
0.001345634
0.001351595
0.001353502
0.001354456
0.001348257
0.001360178
0.001348495
0.001343966
0.001344919
0.001355410
0.001343727
0.001343012
0.001339436
0.001352549
0.001350403
0.001351595
0.001336813
0.001340866
0.001336575
0.001345396
0.001330614
0.001349926
0.001355171
0.001351595
0.001362562
0.001343012
0.001361370
0.001354218
0.001355886
0.001335621
0.001349211
0.001359463
0.001346588
0.001355648
0.001350641
0.001342297
0.001354456
0.001344681
0.001353502
0.001347065
0.001353979
0.001363754
0.001359463
0.001354694
0.001380444
0.001358509
0.001362085
0.001360178
0.001369476
0.001367569
0.001348495
0.001361847
0.001351357
0.001353741
0.001356840
0.001357794
0.001359224
0.001365662
0.001347542
0.001359701
0.001361132
0.001363516
0.001352549
0.001371384
0.001361609
0.001354933
0.001343489
0.001352549
0.001365423
0.001350641
0.001347780
0.001350403
0.001354933
0.001358986
0.001345158
0.001352310
0.001350641
0.001342535
0.001366138
0.001343966
0.001352787
0.001353264
0.001355171
0.001348734
0.001358271
0.001346588
0.001353025
0.001357317
0.001359701
0.001355171
0.001398325
0.001353025
0.001349449
0.001358509
0.001353025
0.001368284
0.001356125
0.001349449
0.001362562
0.001356125
0.001353264
0.001345158
0.001357794
0.001356125
0.001349688
0.001355648
0.001348257
0.001354694
0.001354933
0.001352072
0.001342535
0.001348972
0.001347542
0.001369476
0.001356840
0.001346827
0.001354694
0.001359940
0.001353979
0.001357317
0.001347065
0.001349449
0.001348972
0.001360178
0.001357555
0.001348019
0.001351357
0.001343727
0.001360655
0.001360416
0.001345396
0.001352310
0.001351833
0.001351595
0.001359940
0.001355410
0.001356840
0.001355410
0.001345396
0.001343489
0.001372814
0.001355886
0.001350880
0.001355171
0.001352310
0.001348019
0.001363277
0.001357079
0.001352310
0.001350164
0.001353264
0.001352549
0.001352787
0.001353264
0.001367807
0.001352787
0.001358986
0.001361609
0.001361370
0.001360416
0.001353979
0.001362801
0.001349688
0.001356840
0.001360893
0.001358032
0.001353264
0.001352787
0.001352072
0.001358509
0.001357079
0.001353502
0.001355171
0.001358509
0.001356363
0.001351118
0.001356363
0.001351357
0.001347065
0.001368523
0.001353502
0.001357317
0.001347065
0.001352787
0.001364708
0.001353979
0.001350880
0.001345396
0.001355410
0.001353979
0.001348495
0.001354218
0.001352072
0.001352787
0.001353264
0.001347303
0.001349449
0.001449108
0.001350641
0.001368284
0.001359940
0.001359224
0.001358032
0.001358271
0.001366377
0.001360416
0.001357079
0.001360655
0.001356602
0.001358509
0.001361609
0.001360893
0.001362562
0.001358032
0.001358032
0.001360655
0.001363039
0.001363516
0.001352549
0.001355648
0.001352549
0.001354933
0.001357079
0.001354456
0.001353025
0.001359701
0.001357555
0.001359463
0.001351357
0.001354456
0.001360178
0.001346827
0.001358032
0.001360416
0.001349688
0.001350641
0.001358509
0.001360416
0.001357555
0.001350164
0.001349926
0.001350880
0.001361609
0.001346350
0.001345158
0.001352549
0.001400709
0.001362324
0.001372814
0.001357317
0.001361609
0.001358509
0.001364946
0.001359701
0.001354933
0.001358509
0.001357079
0.001357794
0.001354218
0.001362085
0.001357079
0.001357079
0.001365662
0.001350164
0.001352072
0.001369715
0.001361370
0.001355648
0.001350641
0.001355171
0.001356125
0.001350403
0.001351595
0.001343727
0.001352072
0.001364708
0.001349449
0.001342773
0.001347303
0.001352787
0.001355886
0.001358032
0.001368761
0.001348257
0.001353502
0.001359940
0.001353264
0.001359940
0.001353264
0.001363277
0.001354456
0.001353979
0.001396656
0.001359940
0.001345158
0.001355410
0.001348734
0.001358032
0.001359463
0.001355171
0.001362085
0.001345634
0.001356363
0.001353025
0.001355171
0.001357317
0.001348972
0.001357794
0.001355410
0.001355410
0.001353741
0.001352787
0.001351833
0.001358271
0.001346588
0.001352787
0.001357079
0.001363754
0.001362324
0.001354933
0.001361132
0.001354694
0.001353502
0.001355171
0.001356125
0.001351595
0.001372099
0.001362801
0.001359940
0.001356125
0.001358747
0.001366138
0.001344919
0.001353264
0.001350880
0.001356125
0.001362801
0.001359463
0.001355410
0.001345873
0.001350164
0.001356125
0.001368523
0.001351357
0.001349211
0.001352310
0.001360416
0.001349449
0.001358271
0.001353502
0.001351595
0.001370907
0.001353025
0.001349688
0.001355886
0.001349688
0.001355410
0.001353025
0.001353979
0.001360178
0.001359463
0.001362085
0.001347303
0.001358032
0.001366138
0.001358747
0.001374006
0.001361847
0.001348734
0.001362085
0.001353264
0.001354694
0.001354456
0.001355648
0.001362562
0.001359463
0.001355410
0.001350164
0.001358032
0.001368523
0.001347065
0.001361609
0.001352549
0.001364946
0.001361609
0.001353025
0.001354694
0.001342535
0.001350164
0.001357079
0.001351118
0.001346350
0.001344919
0.001354456
0.001362801
0.001351833
0.001358032
0.001353502
0.001358271
0.001364470
0.001351595
0.001359701
0.001358032
0.001343489
0.001357317
0.001352549
0.001354218
0.001361370
0.001352787
0.001363277
0.001354694
0.001351357
0.001366854
0.001373053
0.001355171
0.001362324
0.001351118
0.001362801
0.001359463
0.001361132
0.001353741
0.001363277
0.001359224
0.001354933
0.001358509
0.001351833
0.001355171
0.001371384
0.001364231
0.001359463
0.001349449
0.001355171
0.001370192
0.001356602
0.001349211
0.001363039
0.001383781
0.001397848
0.001383305
0.001390219
0.001395941
0.001363754
0.001360416
0.001352072
0.001370430
0.001372337
0.001364946
0.001368999
0.001389265
0.001373529
0.001375437
0.001370192
0.001365662
0.001358509
0.001353741
0.001373768
0.001368046
0.001356840
0.001377821
0.001362801
0.001370430
0.001368999
0.001356363
0.001360416
0.001361609
0.001359940
0.001342773
0.001363039
0.001361370
0.001357555
0.001359701
0.001351833
0.001353025
0.001358032
0.001354218
0.001356602
0.001355171
0.001358986
0.001354218
0.001358509
0.001359463
0.001350403
0.001355648
0.001358271
0.001348257
0.001358271
0.001353025
0.001359463
0.001352310
0.001350880
0.001355648
0.001356363
0.001350880
0.001375675
0.001388073
0.001352787
0.001363516
0.001363039
0.001349926
0.001350641
0.001356602
0.001355648
0.001363277
0.001347542
0.001347065
0.001343250
0.001358986
0.001355410
0.001361847
0.001360893
0.001359940
0.001358032
0.001350164
0.001355171
0.001350164
0.001360416
0.001356125
0.001352310
0.001357317
0.001361132
0.001358986
0.001361370
0.001352549
0.001353025
0.001356125
0.001358032
0.001355171
0.001357317
0.001360893
0.001376629
0.001362801
0.001357555
0.001357794
0.001358747
0.001363516
0.001348257
0.001363993
0.001358032
0.001357317
0.001368284
0.001361370
0.001351595
0.001346827
0.001357794
0.001377821
0.001354456
0.001348734
0.001347065
0.001352310
0.001351595
0.001360655
0.001359463
0.001348019
0.001355410
0.001362324
0.001351595
0.001357317
0.001345158
0.001352072
0.001357079
0.001351118
0.001351357
0.001358747
0.001343966
0.001357555
0.001354933
0.001350403
0.001346827
0.001359940
0.001369238
0.001353025
0.001353741
0.001356125
0.001353741
0.001363516
0.001360416
0.001355886
0.001368284
0.001360178
0.001361847
0.001358271
0.001364946
0.001361609
0.001356363
0.001361370
0.001354933
0.001361370
0.001360416
0.001357317
0.001357079
0.001355410
0.001356840
0.001358509
0.001347542
0.001345873
0.001350641
0.001355171
0.001347542
0.001358271
0.001351595
0.001349688
0.001354933
0.001353264
0.001357794
0.001360416
0.001351595
0.001351833
0.001363516
0.001356602
0.001356840
0.001347065
0.001359224
0.001360655
0.001347303
0.001359940
0.001362801
0.001359224
0.001355171
0.001350641
0.001358747
0.001364231
0.001364946
0.001351118
0.001353264
0.001353264
0.001363277
0.001358271
0.001360893
0.001343012
0.001358747
0.001370192
0.001359940
0.001348495
0.001362085
0.001350164
0.001355410
0.001352787
0.001367569
0.001375198
0.001369238
0.001362801
0.001373291
0.001357079
0.001336813
0.001352310
0.001359224
0.001360416
0.001355886
0.001344442
0.001362801
0.001388311
0.001360655
0.001351833
0.001349449
0.001352549
0.001357317
0.001352787
0.001349688
0.001361370
0.001348495
0.001356602
0.001355648
0.001350403
0.001360893
0.001348257
0.001360893
0.001358747
0.001357317
0.001353264
0.001356125
0.001361609
0.001354694
0.001354218
0.001353979
0.001347780
0.001358032
0.001354218
0.001354218
0.001358986
0.001360655
0.001351833
0.001346111
0.001353502
0.001358509
0.001359463
0.001353741
0.001355648
0.001358271
0.001361370
0.001355886
0.001355171
0.001357079
0.001361370
0.001360416
0.001345158
0.001358986
0.001394987
0.001355648
0.001359224
0.001334667
0.001343489
0.001357317
0.001356840
0.001348972
0.001357317
0.001353979
0.001357794
0.001347780
0.001357317
0.001348019
0.001352549
0.001356125
0.001353025
0.001347303
0.001337767
0.001353979
0.001359701
0.001358032
0.001346111
0.001347065
0.001356125
0.001363039
0.001349926
0.001361609
0.001354456
0.001347303
0.001359940
0.001355410
0.001353264
0.001351595
0.001360178
0.001366615
0.001353741
0.001365423
0.001361132
0.001358747
0.001361132
0.001345158
0.001344919
0.001343489
0.001349211
0.001360655
0.001356840
0.001351357
0.001354456
0.001356840
0.001366138
0.001347780
0.001350403
0.001366377
0.001351595
0.001356602
0.001356125
0.001353502
0.001354218
0.001351118
0.001355410
0.001343489
0.001356125
0.001357555
0.001360893
0.001357079
0.001340866
0.001356602
0.001362562
0.001348734
0.001349688
0.001349926
0.001350880
0.001359701
0.001354218
0.001366377
0.001353264
0.001362801
0.001369238
0.001345873
0.001350164
0.001362562
0.001352787
0.001356363
0.001360655
0.001356602
0.001360178
0.001362085
0.001351833
0.001348495
0.001353025
0.001366854
0.001360893
0.001353264
0.001348495
0.001354218
0.001357794
0.001351357
0.001355171
0.001346111
0.001352072
0.001440525
0.001354933
0.001349449
0.001354456
0.001350164
0.001351595
0.001363039
0.001343966
0.001355171
0.001349926
0.001357079
0.001350880
0.001354456
0.001347303
0.001344919
0.001354694
0.001355886
0.001347542
0.001358986
0.001366377
0.001367092
0.001349449
0.001353502
0.001352787
0.001355171
0.001353741
0.001358271
0.001346111
0.001362324
0.001359701
0.001356840
0.001350403
0.001357555
0.001366377
0.001359224
0.001366377
0.001367331
0.001354456
0.001367807
0.001367569
0.001357794
0.001358271
0.001364231
0.001359463
0.001364470
0.001361609
0.001363277
0.001356363
0.001352310
0.001355410
0.001359940
0.001351118
0.001351595
0.001350164
0.001362324
0.001381874
0.001362085
0.001348972
0.001361132
0.001357317
0.001354933
0.001350164
0.001353979
0.001339197
0.001353979
0.001367092
0.001365423
0.001352072
0.001357555
0.001349688
0.001355648
0.001352787
0.001348495
0.001338005
0.001357555
0.001370430
0.001354694
0.001350164
0.001345396
0.001351833
0.001354218
0.001356125
0.001355648
0.001352549
0.001363277
0.001358747
0.001353502
0.001361609
0.001342535
0.001354694
0.001356363
0.001356840
0.001365900
0.001356602
0.001359224
0.001366377
0.001362085
0.001352787
0.001353502
0.001347542
0.001361370
0.001391411
0.001347303
0.001391172
0.001388073
0.001398563
0.001382113
0.001390934
0.001377106
0.001357555
0.001358032
0.001356840
0.001362085
0.001352072
0.001364470
0.001370192
0.001371861
0.001366377
0.001365423
0.001361370
0.001375198
0.001358747
0.001368284
0.001363277
0.001358271
0.001375914
0.001383305
0.001360416
0.001357555
0.001357555
0.001359463
0.001353502
0.001349688
0.001359940
0.001357555
0.001364470
0.001356602
0.001359940
0.001360178
0.001355886
0.001360893
0.001351357
0.001356363
0.001364708
0.001349688
0.001362085
0.001359463
0.001351357
0.001356602
0.001346111
0.001356840
0.001363516
0.001357317
0.001356363
0.001352787
0.001352072
0.001356363
0.001361609
0.001361609
0.001354218
0.001353979
0.001349688
0.001350403
0.001357317
0.001344442
0.001354694
0.001347303
0.001354694
0.001354218
0.001365185
0.001350880
0.001362801
0.001355410
0.001354218
0.001352787
0.001356840
0.001362324
0.001348495
0.001352549
0.001344442
0.001349688
0.001353979
0.001355171
0.001352549
0.001351118
0.001360893
0.001366377
0.001357555
0.001354218
0.001348019
0.001363277
0.001359224
0.001361370
0.001355648
0.001351357
0.001349211
0.001359940
0.001353979
0.001363039
0.001360655
0.001360178
0.001354694
0.001356363
0.001357317
0.001346827
0.001360416
0.001360416
0.001354218
0.001353502
0.001366854
0.001360416
0.001357555
0.001361132
0.001353502
0.001357079
0.001354933
0.001367331
0.001343012
0.001356125
0.001356363
0.001345634
0.001359463
0.001348257
0.001353979
0.001359940
0.001349449
0.001352549
0.001352072
0.001361609
0.001350880
0.001352549
0.001344442
0.001359463
0.001352072
0.001366615
0.001368046
0.001363277
0.001364946
0.001354933
0.001363754
0.001357079
0.001353025
0.001351357
0.001353264
0.001379251
0.001357317
0.001364708
0.001360416
0.001364231
0.001354218
0.001352072
0.001348972
0.001363993
0.001367092
0.001355410
0.001344681
0.001361132
0.001383781
0.001363039
0.001347542
0.001357317
0.001355171
0.001352549
0.001358509
0.001350403
0.001353025
0.001351595
0.001357079
0.001359940
0.001353979
0.001351833
0.001351833
0.001358271
0.001356125
0.001351833
0.001357079
0.001361609
0.001363754
0.001351833
0.001352072
0.001354694
0.001348734
0.001351118
0.001358271
0.001356840
0.001364946
0.001355648
0.001348972
0.001356602
0.001357794
0.001350164
0.001359701
0.001350164
0.001358986
0.001361609
0.001359463
0.001356125
0.001351595
0.001345873
0.001356602
0.001358509
0.001351357
0.001360416
0.001397848
0.001360416
0.001357317
0.001351833
0.001351595
0.001359940
0.001358032
0.001359940
0.001359463
0.001351357
0.001354456
0.001353264
0.001345158
0.001351357
0.001352549
0.001352549
0.001358032
0.001348972
0.001346111
0.001351833
0.001352072
0.001352787
0.001342773
0.001338243
0.001354218
0.001363039
0.001356125
0.001345396
0.001338720
0.001353502
0.001349449
0.001352787
0.001351595
0.001346111
0.001359701
0.001354456
0.001344919
0.001347065
0.001350880
0.001357555
0.001355171
0.001346111
0.001347542
0.001353502
0.001351357
0.001356840
0.001353502
0.001344919
0.001347542
0.001340389
0.001366138
0.001346827
0.001346827
0.001358986
0.001379728
0.001342058
0.001354933
0.001348257
0.001345634
0.001336575
0.001341581
0.001338720
0.001346827
0.001343250
0.001339197
0.001357317
0.001351833
0.001349211
0.001366615
0.001353264
0.001336336
0.001341820
0.001342297
0.001337767
0.001412153
0.001341343
0.001348495
0.001342773
0.001352549
0.001356125
0.001332760
0.001344442
0.001340866
0.001362085
0.001421928
0.001343012
0.001336336
0.001356363
0.001355886
0.001355410
0.001346588
0.001342058
0.001348019
0.001347780
0.001420259
0.001343489
0.001343727
0.001351357
0.001354694
0.001360178
0.001341343
0.001350641
0.001354933
0.001353741
0.001371384
0.001348257
0.001355410
0.001361370
0.001347780
0.001347780
0.001348734
0.001346827
0.001345873
0.001348734
0.001372099
0.001353264
0.001347780
0.001349449
0.001340389
0.001341105
0.001342297
0.001344442
0.001338959
0.001337051
0.001358509
0.001343966
0.001355410
0.001348972
0.001339436
0.001339436
0.001348019
0.001348734
0.001342297
0.001358509
0.001355648
0.001348495
0.001358509
0.001341820
0.001337767
0.001342058
0.001351833
0.001350164
0.001345396
0.001348019
0.001388073
0.001349449
0.001349688
0.001348972
0.001338720
0.001342297
0.001349211
