0.000251055
0.000247002
0.000264406
0.000255108
0.000259638
0.000265837
0.000320435
0.000264168
0.000260353
0.000262260
0.000260592
0.000262260
0.000265121
0.000261068
0.000262260
0.000259399
0.000260830
0.000266314
0.000258923
0.000253916
0.000251532
0.000257969
0.000259876
0.000259876
0.000261068
0.000262499
0.000277996
0.000261307
0.000258446
0.000260353
0.000271320
0.000262737
0.000259399
0.000260353
0.000267982
0.000267506
0.000256538
0.000255346
0.000264168
0.000254631
0.000263929
0.000261784
0.000255823
0.000263214
0.000260353
0.000262976
0.000264883
0.000259876
0.000254869
0.000261784
0.000263214
0.000263691
0.000265360
0.000261307
0.000261545
0.000260592
0.000264168
0.000272274
0.000262499
0.000257969
0.000257492
0.000275135
0.000264406
0.000261545
0.000262022
0.000277519
0.000262737
0.000262260
0.000259161
0.000262499
0.000259161
0.000259161
0.000261068
0.000309229
0.000258446
0.000262022
0.000262260
0.000275612
0.000262737
0.000262499
0.000261545
0.000262022
0.000273705
0.000261545
0.000261545
0.000256777
0.000253439
0.000255823
0.000258923
0.000260353
0.000264168
0.000256538
0.000261545
0.000261068
0.000271559
0.000296593
0.000253201
0.000253201
0.000254631
0.000254869
0.000268936
0.000252724
0.000261068
0.000258446
0.000260115
0.000259161
0.000264168
0.000258446
0.000258446
0.000258923
0.000254393
0.000255108
0.000260115
0.000259399
0.000261068
0.000263691
0.000263214
0.000261068
0.000255585
0.000272751
0.000256062
0.000262737
0.000263691
0.000250578
0.000261545
0.000242949
0.000261545
0.000249863
0.000276566
0.000262737
0.000260115
0.000261068
0.000259638
0.000263691
0.000263691
0.000262260
0.000264645
0.000260830
0.000258446
0.000260592
0.000262260
0.000265121
0.000259638
0.000263214
0.000262022
0.000273228
0.000263691
0.000254869
0.000260592
0.000259161
0.000262022
0.000261307
0.000262737
0.000250578
0.000252962
0.000253439
0.000261307
0.000262737
0.000263691
0.000262499
0.000259161
0.000262976
0.000258207
0.000259399
0.000260353
0.000258923
0.000263691
0.000261307
0.000254869
0.000260115
0.000261545
0.000263214
0.000261784
0.000261068
0.000260592
0.000260592
0.000262976
0.000258446
0.000261784
0.000259638
0.000264645
0.000259399
0.000260115
0.000264168
0.000251532
0.000260592
0.000262260
0.000261784
0.000264645
0.000262737
0.000263214
0.000263929
0.000258684
0.000260592
0.000261545
0.000261545
0.000273705
0.000256538
0.000261068
0.000258207
0.000262022
0.000258923
0.000263214
0.000260353
0.000254869
0.000259399
0.000263691
0.000259399
0.000258923
0.000244617
0.000262260
0.000259876
0.000253201
0.000260353
0.000259876
0.000258446
0.000264645
0.000259399
0.000260830
0.000257730
0.000252008
0.000250340
0.000256538
0.000256538
0.000261545
0.000259399
0.000263453
0.000261068
0.000259399
0.000260115
0.000258207
0.000259876
0.000261307
0.000258207
0.000259638
0.000258207
0.000260115
0.000252724
0.000260115
0.000258684
0.000261545
0.000259399
0.000261784
0.000257492
0.000256300
0.000257969
0.000263214
0.000261545
0.000260592
0.000258446
0.000262737
0.000260115
0.000260115
0.000272274
0.000259161
0.000264168
0.000262260
0.000261307
0.000263214
0.000261545
0.000262022
0.000260592
0.000262022
0.000262976
0.000268459
0.000259399
0.000264168
0.000258207
0.000263691
0.000239134
0.000259161
0.000258684
0.000260115
0.000258684
0.000260353
0.000259876
0.000264168
0.000259161
0.000261545
0.000259876
0.000260830
0.000272512
0.000272036
0.000258923
0.000260592
0.000272036
0.000259399
0.000285149
0.000246525
0.000254393
0.000257730
0.000260830
0.000259399
0.000260115
0.000261545
0.000260830
0.000267267
0.000259876
0.000259638
0.000258923
0.000261068
0.000257730
0.000260830
0.000272751
0.000259638
0.000259638
0.000262260
0.000259876
0.000259876
0.000258207
0.000258923
0.000261068
0.000273705
0.000259876
0.000262737
0.000259638
0.000270605
0.000271797
0.000260592
0.000259399
0.000261068
0.000261307
0.000262260
0.000260592
0.000259876
0.000265360
0.000269413
0.000260353
0.000268936
0.000263929
0.000260353
0.000258207
0.000259161
0.000257015
0.000244617
0.000263214
0.000266075
0.000250101
0.000251770
0.000256777
0.000269413
0.000267267
0.000269890
0.000266552
0.000252485
0.000258684
0.000267506
0.000267029
0.000270367
0.000268459
0.000251293
0.000258207
0.000271320
0.000259161
0.000261068
0.000252247
0.000260592
0.000249386
0.000252724
0.000264883
0.000260115
0.000259399
0.000264168
0.000260115
0.000251532
0.000260115
0.000259399
0.000258684
0.000262976
0.000270605
0.000257015
0.000260115
0.000258923
0.000284195
0.000255108
0.000266790
0.000269175
0.000269413
0.000269890
0.000277281
0.000252247
0.000269175
0.000270367
0.000267744
0.000268698
0.000261784
0.000279188
0.000266075
0.000270367
0.000268698
0.000271797
0.000267744
0.000269413
0.000253439
0.000255346
0.000268936
0.000252247
0.000265360
0.000264883
0.000265598
0.000268698
0.000270844
0.000269175
0.000289679
0.000259876
0.000261068
0.000260592
0.000261068
0.000260353
0.000260830
0.000262260
0.000261545
0.000247002
0.000262737
0.000266790
0.000252008
0.000248671
0.000248909
0.000249147
0.000261545
0.000266552
0.000283003
0.000254154
0.000268698
0.000261068
0.000244617
0.000256300
0.000249624
0.000252724
0.000256538
0.000256062
0.000250816
0.000258446
0.000249624
0.000260115
0.000263453
0.000262499
0.000259399
0.000242949
0.000261307
0.000252008
0.000258207
0.000259161
0.000260115
0.000259399
0.000259876
0.000262022
0.000259399
0.000260353
0.000259399
0.000260353
0.000260592
0.000261545
0.000258923
0.000260115
0.000259638
0.000261784
0.000259399
0.000259638
0.000258207
0.000258207
0.000259638
0.000257492
0.000249863
0.000259161
0.000257015
0.000252962
0.000257730
0.000260353
0.000261307
0.000259638
0.000243187
0.000261545
0.000237465
0.000261068
0.000257969
0.000245571
0.000259876
0.000259876
0.000258923
0.000256777
0.000251770
0.000261068
0.000331163
0.000256777
0.000259399
0.000268936
0.000259399
0.000258684
0.000261545
0.000260830
0.000257254
0.000261068
0.000329971
0.000260830
0.000257015
0.000261784
0.000257969
0.000259876
0.000260353
0.000258923
0.000258684
0.000260115
0.000258684
0.000262499
0.000258923
0.000255346
0.000260830
0.000259876
0.000258923
0.000257969
0.000251055
0.000259399
0.000260115
0.000261784
0.000258923
0.000253201
0.000260830
0.000261784
0.000259399
0.000261307
0.000249863
0.000260115
0.000258446
0.000260830
0.000254869
0.000257254
0.000259399
0.000258207
0.000261784
0.000262499
0.000252724
0.000259399
0.000257730
0.000262022
0.000260353
0.000262260
0.000258446
0.000261307
0.000251293
0.000260592
0.000259876
0.000260592
0.000259638
0.000255585
0.000258684
0.000250101
0.000235558
0.000270605
0.000261545
0.000253916
0.000262022
0.000259161
0.000258684
0.000260592
0.000254154
0.000260353
0.000257254
0.000260115
0.000258923
0.000259638
0.000261068
0.000249863
0.000259161
0.000261068
0.000261068
0.000261784
0.000260115
0.000262499
0.000262022
0.000257492
0.000257730
0.000260592
0.000255108
0.000260592
0.000259638
0.000265837
0.000260353
0.000246048
0.000259876
0.000258446
0.000261545
0.000261068
0.000253916
0.000261784
0.000262737
0.000260592
0.000258446
0.000252485
0.000259399
0.000258446
0.000262499
0.000260115
0.000252008
0.000261545
0.000259876
0.000260353
0.000262737
0.000257254
0.000263691
0.000260592
0.000259638
0.000264168
0.000249147
0.000260830
0.000258923
0.000261545
0.000262499
0.000262260
0.000258446
0.000266790
0.000261784
0.000261068
0.000259876
0.000257969
0.000261068
0.000262499
0.000261307
0.000258446
0.000260115
0.000259638
0.000259876
0.000262499
0.000252008
0.000263214
0.000258923
0.000259638
0.000260115
0.000257492
0.000261068
0.000261068
0.000261545
0.000260353
0.000251770
0.000267267
0.000262022
0.000260115
0.000260592
0.000254393
0.000262022
0.000260115
0.000262022
0.000258684
0.000260830
0.000261545
0.000259161
0.000262022
0.000262260
0.000260592
0.000258923
0.000258923
0.000259876
0.000262976
0.000252962
0.000259161
0.000259161
0.000259876
0.000257969
0.000261068
0.000258923
0.000259399
0.000258923
0.000261307
0.000261068
0.000260353
0.000261068
0.000271797
0.000258446
0.000259638
0.000257730
0.000258923
0.000257969
0.000261545
0.000261784
0.000254869
0.000261784
0.000259161
0.000259638
0.000260353
0.000261068
0.000260592
0.000257969
0.000251293
0.000257730
0.000258207
0.000257969
0.000260592
0.000242710
0.000260830
0.000260115
0.000259161
0.000262022
0.000263214
0.000261307
0.000261545
0.000252247
0.000263214
0.000251293
0.000268221
0.000258923
0.000260115
0.000259638
0.000271559
0.000258684
0.000259638
0.000262260
0.000260115
0.000249624
0.000257730
0.000259876
0.000259638
0.000258207
0.000269175
0.000258446
0.000257730
0.000259876
0.000259399
0.000260115
0.000259876
0.000257730
0.000258684
0.000257730
0.000258684
0.000257015
0.000257969
0.000253439
0.000256062
0.000253916
0.000255346
0.000253916
0.000254154
0.000249624
0.000275612
0.000287294
0.000298023
0.000303030
0.000260592
0.000258923
0.000259638
0.000258446
0.000259161
0.000258207
0.000261545
0.000258446
0.000260353
0.000260115
0.000259161
0.000259876
0.000259876
0.000261068
0.000261545
0.000259161
0.000263214
0.000246048
0.000261068
0.000260353
0.000260830
0.000260115
0.000261068
0.000258446
0.000260353
0.000257730
0.000261784
0.000260353
0.000261545
0.000262737
0.000252962
0.000260830
0.000262499
0.000262737
0.000261068
0.000252962
0.000259876
0.000260592
0.000260115
0.000260115
0.000274897
0.000252247
0.000256062
0.000258684
0.000257730
0.000257969
0.000258684
0.000257969
0.000257730
0.000258207
0.000259876
0.000259638
0.000262260
0.000259399
0.000260115
0.000259638
0.000259876
0.000258923
0.000252247
0.000259161
0.000260592
0.000261068
0.000259638
0.000262737
0.000257969
0.000258207
0.000260115
0.000258207
0.000276804
0.000256538
0.000259399
0.000263929
0.000257492
0.000256062
0.000258923
0.000258446
0.000260830
0.000259876
0.000262499
0.000258446
0.000259638
0.000261307
0.000258207
0.000255823
0.000258446
0.000260592
0.000260592
0.000258684
0.000261068
0.000258923
0.000257492
0.000253916
0.000270367
0.000257492
0.000259399
0.000258684
0.000260353
0.000260115
0.000261784
0.000258684
0.000261068
0.000260592
0.000258684
0.000256300
0.000250101
0.000259399
0.000262499
0.000257730
0.000257254
0.000260353
0.000255823
0.000258446
0.000269890
0.000260830
0.000259876
0.000261068
0.000261307
0.000259638
0.000257730
0.000269890
0.000258446
0.000259161
0.000258923
0.000257969
0.000258446
0.000257969
0.000258207
0.000258923
0.000261545
0.000259876
0.000258207
0.000262022
0.000257492
0.000258207
0.000261068
0.000258923
0.000260353
0.000236988
0.000258207
0.000258923
0.000250340
0.000259638
0.000252008
0.000259399
0.000258923
0.000258923
0.000258446
0.000266075
0.000259399
0.000257492
0.000259399
0.000253677
0.000260115
0.000260115
0.000262022
0.000259399
0.000260115
0.000260115
0.000260115
0.000261545
0.000261784
0.000259161
0.000262022
0.000260353
0.000259399
0.000259638
0.000259399
0.000258684
0.000258923
0.000259161
0.000261068
0.000263214
0.000263214
0.000260115
0.000260115
0.000260830
0.000261068
0.000259161
0.000258923
0.000258446
0.000260830
0.000261307
0.000260830
0.000261545
0.000262499
0.000252962
0.000261307
0.000260353
0.000257969
0.000259161
0.000261307
0.000258207
0.000259399
0.000262260
0.000259399
0.000272036
0.000262260
0.000260830
0.000260353
0.000259876
0.000272274
0.000260115
0.000259161
0.000261068
0.000262260
0.000259638
0.000260353
0.000259638
0.000262260
0.000261784
0.000260830
0.000262737
0.000263453
0.000264168
0.000247478
0.000254154
0.000261068
0.000259399
0.000261784
0.000259876
0.000259638
0.000265360
0.000259399
0.000254154
0.000262022
0.000259638
0.000261784
0.000258207
0.000263691
0.000259161
0.000262737
0.000261068
0.000261545
0.000259399
0.000259638
0.000253677
0.000261784
0.000261307
0.000262260
0.000260353
0.000259876
0.000262260
0.000261307
0.000260830
0.000260353
0.000262260
0.000271559
0.000261307
0.000259638
0.000260830
0.000261784
0.000263214
0.000260592
0.000259399
0.000262260
0.000260115
0.000262022
0.000260353
0.000262737
0.000257730
0.000259638
0.000260592
0.000260592
0.000261784
0.000260830
0.000261784
0.000259638
0.000261307
0.000261545
0.000251770
0.000260115
0.000261784
0.000262022
0.000261545
0.000273228
0.000260353
0.000263453
0.000261307
0.000261068
0.000262737
0.000261784
0.000263214
0.000263214
0.000260592
0.000264406
0.000261784
0.000264168
0.000259638
0.000260353
0.000263214
0.000262260
0.000261784
0.000261545
0.000263691
0.000262737
0.000265360
0.000263691
0.000264406
0.000260115
0.000262260
0.000260592
0.000261545
0.000254393
0.000261307
0.000263453
0.000259399
0.000263691
0.000258446
0.000260115
0.000260592
0.000260592
0.000263214
0.000262499
0.000260592
0.000261545
0.000259161
0.000259876
0.000259399
0.000262022
0.000261307
0.000261784
0.000262260
0.000260115
0.000261068
0.000265121
0.000247955
0.000260115
0.000260830
0.000262022
0.000260115
0.000262260
0.000258923
0.000261307
0.000263214
0.000261784
0.000261068
0.000262022
0.000262022
0.000259161
0.000263214
0.000244856
0.000262499
0.000259876
0.000262022
0.000260830
0.000261545
0.000261545
0.000261307
0.000262260
0.000262976
0.000258684
0.000257730
0.000255108
0.000261307
0.000264406
0.000260115
0.000261307
0.000262499
0.000262499
0.000262022
0.000262976
0.000262022
0.000259638
0.000254869
0.000261307
0.000258923
0.000259876
0.000259876
0.000251532
0.000260115
0.000261068
0.000260353
0.000260115
0.000252485
0.000260592
0.000260353
0.000259161
0.000261068
0.000255346
0.000260115
0.000257730
0.000260353
0.000260353
0.000247717
0.000261545
0.000260830
0.000258446
0.000260592
0.000261545
0.000260592
0.000263453
0.000261307
0.000261545
0.000261545
0.000261068
0.000261784
0.000263214
0.000260592
0.000260115
0.000260592
0.000261307
0.000259638
0.000263214
0.000258446
0.000258684
0.000259876
0.000274897
0.000258446
0.000258446
0.000258446
0.000261068
0.000273943
0.000261545
0.000257730
0.000262022
0.000259876
0.000263453
0.000259161
0.000256300
0.000258207
0.000258684
0.000260592
0.000261307
0.000262499
0.000262022
0.000258446
0.000262499
0.000258923
0.000260115
0.000261307
0.000261307
0.000267506
0.000258923
0.000258684
0.000257254
0.000258207
0.000260830
0.000259399
0.000258684
0.000258207
0.000259399
0.000269651
0.000258923
0.000258446
0.000261068
0.000260830
0.000259161
0.000258446
0.000257969
0.000259876
0.000260830
0.000269651
0.000255108
0.000254869
0.000255585
0.000253439
0.000252962
0.000256777
0.000249386
0.000287056
0.000283718
0.000299215
0.000288010
0.000259638
0.000259161
0.000261068
0.000261784
0.000259638
0.000257969
0.000257254
0.000258446
0.000261545
0.000259876
0.000261784
0.000258446
0.000258446
0.000259638
0.000259876
0.000258923
0.000258446
0.000261307
0.000255823
0.000263214
0.000260353
0.000260115
0.000257015
0.000257969
0.000258923
0.000260830
0.000253439
0.000260830
0.000261545
0.000258684
0.000257254
0.000267029
0.000258923
0.000257730
0.000258207
0.000257015
0.000254393
0.000258684
0.000260353
0.000259638
0.000262499
0.000261545
0.000261068
0.000259876
0.000258923
0.000260353
0.000262260
0.000261068
0.000258446
0.000259876
0.000259161
0.000260353
0.000261307
0.000263214
0.000257254
0.000260592
0.000259161
0.000260115
0.000259876
0.000262499
0.000259876
0.000261307
0.000257969
0.000257492
0.000257254
0.000259399
0.000259876
0.000262022
0.000259876
0.000260830
0.000256062
0.000257730
0.000251055
0.000259161
0.000260592
0.000258207
0.000257254
0.000257730
0.000261784
0.000257969
0.000259638
0.000259638
0.000244141
0.000262737
0.000256538
0.000262260
0.000272274
0.000262260
0.000260353
0.000260592
0.000258684
0.000262260
0.000257254
0.000258923
0.000255823
0.000258923
0.000258207
0.000260115
0.000257969
0.000260830
0.000252962
0.000260592
0.000257492
0.000257730
0.000260830
0.000256777
0.000256777
0.000258923
0.000259161
0.000259876
0.000256538
0.000258923
0.000260830
0.000260353
0.000259638
0.000259399
0.000257492
0.000258207
0.000261068
0.000258446
0.000259161
0.000258446
0.000259876
0.000250578
0.000258207
0.000258923
0.000259399
0.000258446
0.000248432
0.000258923
0.000258923
0.000257969
0.000257015
0.000258684
0.000260115
0.000258446
0.000257492
0.000259638
0.000272751
0.000258923
0.000257015
0.000257730
0.000260353
0.000261784
0.000260592
0.000259161
0.000257969
0.000261307
0.000261545
0.000261068
0.000257254
0.000259399
0.000251293
0.000259638
0.000257492
0.000259161
0.000258207
0.000259399
0.000261068
0.000261307
0.000261545
0.000258684
0.000258207
0.000261545
0.000260830
0.000260353
0.000254869
0.000259161
0.000259399
0.000259638
0.000259876
0.000260830
0.000257969
0.000260353
0.000258923
0.000258446
0.000258684
0.000257492
0.000261545
0.000258923
0.000260115
0.000257492
0.000261545
0.000263691
0.000254869
0.000260830
0.000259399
0.000260592
0.000260830
0.000245810
0.000257254
0.000260592
0.000257730
0.000259876
0.000247955
0.000260353
0.000259638
0.000258923
0.000259399
0.000266314
0.000258684
0.000262499
0.000259876
0.000258923
0.000260115
0.000257969
0.000260353
0.000259876
0.000260830
0.000259876
0.000260830
0.000259876
0.000260115
0.000262022
0.000263691
0.000258684
0.000262022
0.000259876
0.000258207
0.000257969
0.000258923
0.000260592
0.000250578
0.000259876
0.000256777
0.000258446
0.000259161
0.000262499
0.000260592
0.000257969
0.000258684
0.000262737
0.000259399
0.000260353
0.000259399
0.000257015
0.000260592
0.000257969
0.000258923
0.000260353
0.000254631
0.000259638
0.000259161
0.000258446
0.000260353
0.000253201
0.000260115
0.000260592
0.000259161
0.000259876
0.000270844
0.000259161
0.000260353
0.000260353
0.000259399
0.000262976
0.000260592
0.000259876
0.000257730
0.000259161
0.000259876
0.000259161
0.000257254
0.000261545
0.000257730
0.000260115
0.000257730
0.000261307
0.000254154
0.000262737
0.000260115
0.000257969
0.000256062
0.000272751
0.000257730
0.000256777
0.000262022
0.000262022
0.000262737
0.000259638
0.000260115
0.000267029
0.000261545
0.000259161
0.000257492
0.000259161
0.000258446
0.000259399
0.000260115
0.000260115
0.000261784
0.000255108
0.000259161
0.000261784
0.000256538
0.000263214
0.000273466
0.000260592
0.000260115
0.000260353
0.000259876
0.000256777
0.000260115
0.000260115
0.000261068
0.000259161
0.000255585
0.000258923
0.000259399
0.000260353
0.000259876
0.000251293
0.000259638
0.000259876
0.000263929
0.000260115
0.000259876
0.000259399
0.000259399
0.000259638
0.000258684
0.000258207
0.000259161
0.000259876
0.000252247
0.000262737
0.000261068
0.000256777
0.000259638
0.000260353
0.000258684
0.000257730
0.000258207
0.000260115
0.000257254
0.000260353
0.000259161
0.000260830
0.000259399
0.000253677
0.000259399
0.000259638
0.000258207
0.000258446
0.000252247
0.000256777
0.000254154
0.000252247
0.000261068
0.000270367
0.000250816
0.000255346
0.000259161
0.000259161
0.000260115
0.000259161
0.000260592
0.000260592
0.000258923
0.000256538
0.000260115
0.000257969
0.000257969
0.000258923
0.000257730
0.000257730
0.000257969
0.000261307
0.000263691
0.000259876
0.000255823
0.000261068
0.000253201
0.000258207
0.000255108
0.000252724
0.000256538
0.000259876
0.000257015
0.000257015
0.000255585
0.000258207
0.000257254
0.000253439
0.000254631
0.000259161
0.000253201
0.000252962
0.000250816
0.000252008
0.000233173
0.000252008
0.000251770
0.000251532
0.000252008
0.000244141
0.000251770
0.000254154
0.000252485
0.000253201
0.000247002
0.000255823
0.000252008
0.000252247
0.000253201
0.000247240
0.000252008
0.000253439
0.000256538
0.000252724
0.000252485
0.000255108
0.000251055
0.000253201
0.000251532
0.000246763
0.000255585
0.000252724
0.000253201
0.000252724
0.000251055
0.000250816
0.000251055
0.000254154
0.000252247
0.000252962
0.000252247
0.000232458
0.000255585
0.000264168
0.000252962
0.000255108
0.000258446
0.000256300
0.000257969
0.000247478
0.000259399
0.000262022
0.000256777
0.000259638
0.000270128
0.000253677
0.000259161
0.000261307
0.000261784
0.000259876
0.000259638
0.000262022
0.000261068
0.000260353
0.000255585
0.000234604
0.000255585
0.000264168
0.000266314
0.000250578
0.000252962
0.000265598
0.000238180
0.000281811
0.000293255
0.000288486
0.000286818
0.000264406
0.000260353
0.000272751
0.000260353
0.000259876
0.000259638
0.000261307
0.000230551
0.000258923
0.000257969
0.000262260
0.000259161
0.000258446
0.000258446
0.000260592
0.000258446
0.000262260
0.000240564
0.000262022
0.000260592
0.000258923
0.000259161
0.000269175
0.000259638
0.000259161
0.000257969
0.000259876
0.000253201
0.000259399
0.000258684
0.000257492
0.000261784
0.000255346
0.000258923
0.000258207
0.000259638
0.000256062
0.000254631
0.000257492
0.000257492
0.000257969
0.000258446
0.000257015
0.000255108
0.000257730
0.000258923
0.000255108
0.000257015
0.000261307
0.000257254
0.000257730
0.000257254
0.000252008
0.000261068
0.000260830
0.000258684
0.000258446
0.000259876
0.000259161
0.000259876
0.000257969
0.000259638
0.000261068
0.000261784
0.000261068
0.000257969
0.000261545
0.000257254
0.000257730
0.000257015
0.000260353
0.000259876
0.000257730
0.000255585
0.000258684
0.000248671
0.000261545
0.000258684
0.000260830
0.000256538
0.000253677
0.000256300
0.000258923
0.000259399
0.000260115
0.000273228
0.000261068
0.000260592
0.000259876
0.000260115
0.000274181
0.000258923
0.000261545
0.000257492
0.000255585
0.000258446
0.000257730
0.000258684
0.000258446
0.000256300
0.000259638
0.000259638
0.000258446
0.000257730
0.000258207
0.000246525
0.000257254
0.000258207
0.000257492
0.000262260
0.000255108
0.000261545
0.000261307
0.000261068
0.000260830
0.000258923
0.000258923
0.000260115
0.000258446
0.000258207
0.000258446
0.000259876
0.000260830
0.000260353
0.000260115
0.000259161
0.000261068
0.000262737
0.000238180
0.000258684
0.000259876
0.000262022
0.000257492
0.000249863
0.000258446
0.000259876
0.000250578
0.000257492
0.000258446
0.000262260
0.000260353
0.000259399
0.000262499
0.000257969
0.000260353
0.000259399
0.000250340
0.000258923
0.000263453
0.000258923
0.000258207
0.000258923
0.000261307
0.000257969
0.000261784
0.000266552
0.000243425
0.000253677
0.000257254
0.000258207
0.000260830
0.000260115
0.000259876
0.000255346
0.000261068
0.000260830
0.000251055
0.000259399
0.000257969
0.000260592
0.000256300
0.000254869
0.000259876
0.000254631
0.000257254
0.000258207
0.000259161
0.000642776
0.000597954
0.000616789
0.000597715
0.000262260
0.000606537
0.000607967
0.000597239
0.000612259
0.000617743
0.000256777
0.000601292
0.000607729
0.000254154
0.000604391
0.000597477
0.000601768
0.000582695
0.000600815
0.000613451
0.000594378
0.000248909
0.000248909
0.000602245
0.000593424
0.000246763
0.000624180
0.000250340
0.000599623
0.000249624
0.000588894
0.000617027
0.000258207
0.000255585
0.000609636
0.000600100
0.000608206
0.000610828
0.000593901
0.000605106
0.000636816
0.000258446
0.000257730
0.000614882
0.000259876
0.000258207
0.000611067
0.000257015
0.000593901
0.000267744
0.000259161
0.000615120
0.000258684
0.000257254
0.000259876
0.000259161
0.000258207
0.000258446
0.000244379
0.000257730
0.000255108
0.000259876
0.000605822
0.000259876
0.000259876
0.000611544
0.000260115
0.000604868
0.000261307
0.000259638
0.000606537
0.000260830
0.000253677
0.000259876
0.000592232
0.000607014
0.000610590
0.000597477
0.000603437
0.000259876
0.000259399
0.000259876
0.000259876
0.000259638
0.000261545
0.000258684
0.000267744
0.000256538
0.000260830
0.000259399
0.000260353
0.000258684
0.000260830
0.000262260
0.000258207
0.000259876
0.000244856
0.000235796
0.000282526
0.000253201
0.000252485
0.000252485
0.000230551
0.000154018
0.000252247
0.000252724
0.000238180
0.000254154
0.000253201
0.000234127
0.000252247
0.000250578
0.000254393
0.000252962
0.000251770
0.000252962
0.000251770
0.000250816
0.000250578
0.000253201
0.000250816
0.000249624
0.000250816
0.000242710
0.000252247
0.000253201
0.000251532
0.000251055
0.000252962
0.000250101
0.000252724
0.000250816
0.000250578
0.000252247
0.000250101
0.000253916
0.000260592
0.000251293
0.000255108
0.000253439
0.000249624
0.000254631
0.000248671
0.000250101
0.000252247
0.000259876
0.000251293
0.000252962
0.000245094
0.000247240
0.000252008
0.000242949
0.000251770
0.000253201
0.000260830
0.000250340
0.000249386
0.000251770
0.000254631
0.000252008
0.000251532
0.000249624
0.000251532
0.000247002
0.000252962
0.000247955
0.000250816
0.000252724
0.000249863
0.000252247
0.000261307
0.000262499
0.000252962
0.000252008
0.000252008
0.000253677
0.000244617
0.000251770
0.000250816
0.000251770
0.000262499
0.000253201
0.000251055
0.000251532
0.000249863
0.000250101
0.000262499
0.000251293
0.000252485
0.000251293
0.000251055
0.000252247
0.000250340
0.000252008
0.000252724
0.000253677
0.000248909
0.000251532
0.000255585
0.000252724
0.000251293
0.000252485
0.000250578
0.000253201
0.000253201
0.000249386
0.000251055
0.000233173
0.000173807
0.000157833
0.000164509
0.000155449
0.000239611
0.000254631
0.000250816
0.000251055
0.000250816
0.000252485
0.000249624
0.000251293
0.000253201
0.000250578
0.000251055
0.000252485
0.000250340
0.000252962
0.000251293
0.000252008
0.000251770
0.000255585
0.000253201
0.000253439
0.000252247
0.000252247
0.000244617
0.000251532
0.000249147
0.000252247
0.000249863
0.000249863
0.000253677
0.000252962
0.000251770
0.000254869
0.000252008
0.000246525
0.000252962
0.000254869
0.000252485
0.000257730
0.000253916
0.000253677
0.000252008
0.000252962
0.000250578
0.000255585
0.000250578
0.000253916
0.000251055
0.000245333
0.000252247
0.000252008
0.000249386
0.000260592
0.000251770
0.000252724
0.000254393
0.000253677
0.000252008
0.000239849
0.000234842
0.000254631
0.000251293
0.000243664
0.000253677
0.000253916
0.000243187
0.000247717
0.000251055
0.000256538
0.000251770
0.000262976
0.000252485
0.000251770
0.000250340
0.000251055
0.000250816
0.000252962
0.000251293
0.000252724
0.000250101
0.000252485
0.000251055
0.000252724
0.000252485
0.000253677
0.000245810
0.000253677
0.000251532
0.000245333
0.000252247
0.000254154
0.000252008
0.000265360
0.000252008
0.000251532
0.000251055
0.000253677
0.000250340
0.000252485
0.000252724
0.000250816
0.000252485
0.000251770
0.000253439
0.000253677
0.000253439
0.000252724
0.000252008
0.000251293
0.000253916
0.000254631
0.000249624
0.000252485
0.000254869
0.000251055
0.000234604
0.000252008
0.000251055
0.000253201
0.000253677
0.000252724
0.000252962
0.000251770
0.000253439
0.000254154
0.000251770
0.000255108
0.000252724
0.000247717
0.000263453
0.000254631
0.000241041
0.000252247
0.000254631
0.000251293
0.000250578
0.000252247
0.000251055
0.000251293
0.000249386
0.000254631
0.000249624
0.000252247
0.000256300
0.000250578
0.000251055
0.000262737
0.000258684
0.000261784
0.000261545
0.000239611
0.000160456
0.000155687
0.000176907
0.000143290
0.000207424
0.000285387
0.000238419
0.000279188
0.000275135
0.000263214
0.000236273
0.000252485
0.000229359
0.000247478
0.000232220
0.000224590
0.000241518
0.000254154
0.000244141
0.000261068
0.000234127
0.000222445
0.000339985
0.000254631
0.000260830
0.000261545
0.000256300
0.000261307
0.000262976
0.000260592
0.000259876
0.000261784
0.000602722
0.000380278
0.000254869
0.000285387
0.000259161
0.000254154
0.000241041
0.000257254
0.000260115
0.000260353
0.000258684
0.000262260
0.000257015
0.000258923
0.000258446
0.000261068
0.000259399
0.000258684
0.000261068
0.000253677
0.000256300
0.000256538
0.000249624
0.000269175
0.000249863
0.000254631
0.000251532
0.000261545
0.000260830
0.000261068
0.000284195
0.000260830
0.000257492
0.000260115
0.000259399
0.000258923
0.000245571
0.000262499
0.000260353
0.000259638
0.000259876
0.000259399
0.000246048
0.000261307
0.000261068
0.000261784
0.000259161
0.000260353
0.000246286
0.000261784
0.000261068
0.000262260
0.000261307
0.000261545
0.000251055
0.000258684
0.000258684
0.000260592
0.000259638
0.000260115
0.000252247
0.000267267
0.000262976
0.000262976
0.000261784
0.000260830
0.000250816
0.000258207
0.000259876
0.000262260
0.000260830
0.000260115
0.000276089
0.000259876
0.000259638
0.000266075
0.000255346
0.000261545
0.000246763
0.000254631
0.000258446
0.000273228
0.000259638
0.000259638
0.000261068
0.000261068
0.000255346
0.000261068
0.000260592
0.000262976
0.000265360
0.000254631
0.000260592
0.000260592
0.000223160
0.000262022
0.000261068
0.000261784
0.000261545
0.000260115
0.000263214
0.000262499
0.000259638
0.000260592
0.000259638
0.000261307
0.000250101
0.000259161
0.000258446
0.000261784
0.000260115
0.000259161
0.000258923
0.000251770
0.000260353
0.000258923
0.000260592
0.000261545
0.000251770
0.000259638
0.000265121
0.000259876
0.000260830
0.000249386
0.000258923
0.000261068
0.000259161
0.000264406
0.000260830
0.000262260
0.000262499
0.000262499
0.000258923
0.000258684
0.000263453
0.000260592
0.000261068
0.000264406
0.000253916
0.000263691
0.000261068
0.000261307
0.000263691
0.000271320
0.000259876
0.000262260
0.000259399
0.000260592
0.000252724
0.000256300
0.000262976
0.000258446
0.000257969
0.000277519
0.000259638
0.000260830
0.000260830
0.000262737
0.000250340
0.000262022
0.000261068
0.000262260
0.000260115
0.000257492
0.000261545
0.000261784
0.000265121
0.000262499
0.000249863
0.000262499
0.000263453
0.000257015
0.000260830
0.000255585
0.000262737
0.000261307
0.000260115
0.000261784
0.000262260
0.000265121
0.000260592
0.000260353
0.000260115
0.000262260
0.000261784
0.000259638
0.000257969
0.000259638
0.000248432
0.000260592
0.000262022
0.000259399
0.000262976
0.000254154
0.000259638
0.000261068
0.000260830
0.000258684
0.000259638
0.000260830
0.000262022
0.000261068
0.000263453
0.000252724
0.000253916
0.000261545
0.000260353
0.000261784
0.000271559
0.000260353
0.000257492
0.000260115
0.000259638
0.000273466
0.000261307
0.000262737
0.000259161
0.000261307
0.000262737
0.000260353
0.000262022
0.000261307
0.000261307
0.000260830
0.000261307
0.000261545
0.000262260
0.000261307
0.000259876
0.000262260
0.000260592
0.000250816
0.000259399
0.000258207
0.000259876
0.000258923
0.000256062
0.000259161
0.000258207
0.000264406
0.000260115
0.000257254
0.000256777
0.000253201
0.000260592
0.000256300
0.000255585
0.000242710
0.000276089
0.000286102
0.000287771
0.000288248
0.000258923
0.000260115
0.000260830
0.000261784
0.000260353
0.000258923
0.000258446
0.000261545
0.000261068
0.000262737
0.000261784
0.000260830
0.000262737
0.000260115
0.000259876
0.000262499
0.000260353
0.000254393
0.000261307
0.000259876
0.000261068
0.000260830
0.000271559
0.000264883
0.000258684
0.000258923
0.000260592
0.000262499
0.000255585
0.000260592
0.000261068
0.000258923
0.000260353
0.000258923
0.000242710
0.000260592
0.000258207
0.000261068
0.000259161
0.000259876
0.000252962
0.000259638
0.000260115
0.000261307
0.000259876
0.000272751
0.000260115
0.000261784
0.000260353
0.000261307
0.000261068
0.000260592
0.000261068
0.000262022
0.000259876
0.000262022
0.000259161
0.000260592
0.000259161
0.000260353
0.000261068
0.000261068
0.000260830
0.000242233
0.000259399
0.000260830
0.000259161
0.000261784
0.000259161
0.000257969
0.000259638
0.000258684
0.000259161
0.000261545
0.000258207
0.000260592
0.000258207
0.000258684
0.000265121
0.000259399
0.000257015
0.000258923
0.000259399
0.000258684
0.000258446
0.000256062
0.000260353
0.000260830
0.000257492
0.000257969
0.000257969
0.000258684
0.000261307
0.000261068
0.000259638
0.000261307
0.000257969
0.000259399
0.000258446
0.000259638
0.000257730
0.000260830
0.000259876
0.000260353
0.000260353
0.000260353
0.000260592
0.000259161
0.000259399
0.000260353
0.000260592
0.000271797
0.000260115
0.000257015
0.000260115
0.000262737
0.000259638
0.000252724
0.000260115
0.000259638
0.000261307
0.000261307
0.000261068
0.000258207
0.000262737
0.000259876
0.000257969
0.000260353
0.000260115
0.000259638
0.000258207
0.000259638
0.000259876
0.000259876
0.000253201
0.000263214
0.000259876
0.000258684
0.000257492
0.000265598
0.000260830
0.000257969
0.000263691
0.000259876
0.000271320
0.000257730
0.000259399
0.000259876
0.000261307
0.000261784
0.000259876
0.000259876
0.000258446
0.000258446
0.000261784
0.000258923
0.000259876
0.000259161
0.000255585
0.000261307
0.000262022
0.000261545
0.000252008
0.000259876
0.000260115
0.000260592
0.000260592
0.000262260
0.000259638
0.000259638
0.000258207
0.000257730
0.000265360
0.000260592
0.000262022
0.000258207
0.000262022
0.000258923
0.000258684
0.000259638
0.000261068
0.000257730
0.000258923
0.000260353
0.000258923
0.000259399
0.000258684
0.000259399
0.000260115
0.000259399
0.000249624
0.000259876
0.000259876
0.000256777
0.000262022
0.000259876
0.000260830
0.000259161
0.000260830
0.000257730
0.000257969
0.000259399
0.000258207
0.000258684
0.000258684
0.000261068
0.000257730
0.000258446
0.000270367
0.000256062
0.000259399
0.000260353
0.000257969
0.000260115
0.000259399
0.000258446
0.000257492
0.000259638
0.000260830
0.000259399
0.000258684
0.000258923
0.000258446
0.000262022
0.000260830
0.000258207
0.000259399
0.000259161
0.000258446
0.000260592
0.000257730
0.000260592
0.000258684
0.000256777
0.000251293
0.000261307
0.000257015
0.000259876
0.000260115
0.000268936
0.000258684
0.000262260
0.000260353
0.000258446
0.000259876
0.000260115
0.000261784
0.000257492
0.000259399
0.000263453
0.000260353
0.000258923
0.000260115
0.000260830
0.000258684
0.000257730
0.000260353
0.000262737
0.000262022
0.000257015
0.000258923
0.000260830
0.000258446
0.000259399
0.000259399
0.000259876
0.000259638
0.000260115
0.000257015
0.000260353
0.000258684
0.000259638
0.000258446
0.000260115
0.000261307
0.000257969
0.000256777
0.000257492
0.000258446
0.000254869
0.000261307
0.000261307
0.000259161
0.000264168
0.000272751
0.000261784
0.000261784
0.000262022
0.000263691
0.000252247
0.000252247
0.000259638
0.000263453
0.000257730
0.000258684
0.000259399
0.000259638
0.000260353
0.000259876
0.000258923
0.000259638
0.000257492
0.000252962
0.000261068
0.000259876
0.000257969
0.000258207
0.000259161
0.000258207
0.000257730
0.000258446
0.000261784
0.000258207
0.000258684
0.000257969
0.000258684
0.000258684
0.000259161
0.000259161
0.000258684
0.000250578
0.000260115
0.000259876
0.000259399
0.000260115
0.000265121
0.000259399
0.000258446
0.000258207
0.000261784
0.000255823
0.000261784
0.000259399
0.000257730
0.000257730
0.000260115
0.000260830
0.000258207
0.000258684
0.000259161
0.000257492
0.000262976
0.000260115
0.000257730
0.000259399
0.000257969
0.000257969
0.000259876
0.000252724
0.000261068
0.000259161
0.000260353
0.000258446
0.000252962
0.000260115
0.000262976
0.000257730
0.000262499
0.000265837
0.000258207
0.000258923
0.000257969
0.000258684
0.000259399
0.000258923
0.000259638
0.000257730
0.000258684
0.000256062
0.000262022
0.000256777
0.000254154
0.000259638
0.000258684
0.000260830
0.000258684
0.000257730
0.000258684
0.000259638
0.000259638
0.000255823
0.000247240
0.000258923
0.000260830
0.000258207
0.000257969
0.000260353
0.000261307
0.000258684
0.000253439
0.000259399
0.000261307
0.000260830
0.000259876
0.000258446
0.000261307
0.000261068
0.000258923
0.000256777
0.000257254
0.000257730
0.000258446
0.000256300
0.000265121
0.000259161
0.000260115
0.000259876
0.000257015
0.000258684
0.000258923
0.000259161
0.000259638
0.000258923
0.000259876
0.000261545
0.000261784
0.000259399
0.000261068
0.000260353
0.000259638
0.000254154
0.000263453
0.000270844
0.000257730
0.000258207
0.000257492
0.000260830
0.000260115
0.000257015
0.000260830
0.000258446
0.000259161
0.000259161
0.000255823
0.000260115
0.000260353
0.000258684
0.000259638
0.000259161
0.000258923
0.000258207
0.000259876
0.000259638
0.000259876
0.000258684
0.000261307
0.000260592
0.000259638
0.000260353
0.000259161
0.000258684
0.000259638
0.000254869
0.000254154
0.000253677
0.000266314
0.000253916
0.000257015
0.000243187
0.000275135
0.000284910
0.000288486
0.000288248
0.000262499
0.000258207
0.000263214
0.000257254
0.000260115
0.000258923
0.000260592
0.000261307
0.000258446
0.000258207
0.000252247
0.000262022
0.000256538
0.000262260
0.000250816
0.000252485
0.000252247
0.000254393
0.000253677
0.000263453
0.000257015
0.000259161
0.000257730
0.000257730
0.000257730
0.000273228
0.000261068
0.000259876
0.000261545
0.000257969
0.000256062
0.000259399
0.000259638
0.000259876
0.000257969
0.000250340
0.000260353
0.000260115
0.000262022
0.000257254
0.000253677
0.000260115
0.000259399
0.000259638
0.000260353
0.000254154
0.000260592
0.000257015
0.000259876
0.000257969
0.000252962
