0.000552416
0.000616074
0.000616074
0.000535488
0.000612974
0.000544310
0.000609636
0.000541449
0.000615120
0.000617027
0.000530243
0.000604153
0.000603437
0.000602722
0.000567198
0.000538588
0.000530720
0.000608921
0.000532866
0.000605345
0.000513792
0.000610352
0.000601768
0.000549078
0.000530481
0.000614405
0.000504494
0.000537395
0.000609636
0.000611544
0.000533581
0.000593662
0.000536919
0.000606775
0.000606060
0.000533104
0.000609398
0.000603199
0.000530481
0.000607967
0.000532627
0.000571489
0.000605583
0.000608921
0.000606060
0.000533819
0.000527382
0.000534534
0.000603437
0.000563145
0.000633240
0.000607729
0.000603676
0.000612020
0.000534773
0.000538826
0.000536680
0.000609398
0.000616312
0.000555754
0.000532866
0.000594854
0.000516891
0.000535727
0.000607252
0.000531197
0.000608683
0.000626802
0.000612259
0.000615597
0.000540018
0.000529766
0.000609398
0.000606537
0.000530243
0.000536680
0.000616312
0.000579357
0.000523806
0.000534773
0.000607491
0.000610828
0.000535965
0.000607491
0.000607014
0.000528574
0.000530005
0.000530720
0.000608683
0.000608206
0.000499010
0.000607967
0.000540972
0.000537157
0.000605822
0.000598669
0.000601053
0.000531673
0.000605345
0.000567675
0.000524282
0.000532150
0.000516653
0.000525475
0.000523806
0.000538588
0.000516653
0.000524044
0.000510931
0.000520706
0.000518322
0.000523329
0.000518560
0.000502586
0.000519514
0.000529289
0.000532150
0.000520229
0.000521660
0.000521183
0.000521898
0.000524282
0.000516891
0.000523806
0.000511408
0.000514507
0.000525713
0.000523567
0.000518322
0.000523567
0.000502348
0.000521421
0.000522137
0.000522852
0.000516176
0.000524521
0.000522852
0.000515699
0.000520945
0.000526905
0.000518560
0.000515938
0.000515223
0.000523806
0.000519037
0.000517130
0.000501871
0.000524044
0.000508785
0.000515461
0.000521421
0.000519991
0.000519753
0.000519037
0.000522614
0.000522137
0.000516891
0.000534296
0.000560522
0.000515461
0.000519276
0.000522614
0.000498295
0.000521183
0.000520229
0.000518084
0.000517607
0.000519276
0.000554085
0.000521660
0.000522137
0.000520706
0.000517368
0.000524282
0.000515699
0.000517130
0.000517845
0.000496626
0.000530481
0.000538588
0.000519276
0.000511169
0.000512123
0.000518560
0.000541925
0.000523090
0.000517607
0.000519037
0.000518084
0.000556946
0.000530005
0.000519753
0.000519991
0.000518560
0.000503302
0.000521898
0.000557661
0.000502348
0.000522137
0.000530481
0.000532627
0.000521660
0.000517368
0.000521660
0.000519753
0.000524282
0.000521660
0.000521421
0.000517845
0.000523090
0.000557184
0.000524998
0.000517607
0.000524282
0.000511408
0.000524044
0.000515938
0.000521421
0.000517607
0.000519276
0.000532150
0.000528097
0.000513554
0.000520229
0.000516653
0.000541687
0.000517130
0.000535727
0.000501156
0.000519276
0.000522375
0.000546694
0.000499249
0.000518560
0.000517607
0.000519753
0.000510693
0.000522137
0.000518799
0.000518322
0.000517845
0.000540495
0.000525475
0.000523567
0.000548601
0.000573874
0.000551462
0.000504494
0.000505924
0.000493765
0.000507593
0.000505447
0.000503778
0.000506163
0.000527620
0.000542879
0.000550747
0.000486851
0.000519753
0.000523567
0.000520468
0.000547171
0.000543833
0.000544310
0.000516176
0.000516891
0.000509739
0.000514984
0.000518560
0.000527382
0.000518084
0.000517130
0.000491142
0.000515699
0.000501156
0.000515461
0.000514269
0.000496387
0.000515461
0.000516415
0.000518560
0.000513792
0.000494003
0.000511169
0.000502586
0.000518799
0.000510931
0.000581026
0.000602484
0.000612259
0.000602007
0.000609398
0.000567436
0.000608921
0.000602484
0.000608444
0.000607491
0.000620604
0.000604868
0.000609159
0.000582218
0.000611782
0.000605106
0.000611782
0.000636578
0.000587225
0.000556707
0.000574827
0.000604153
0.000610590
0.000608921
0.000611305
0.000625134
0.000613451
0.000637770
0.000606060
0.000602007
0.000590801
0.000603914
0.000607729
0.000590801
0.000606775
0.000601530
0.000606775
0.000597954
0.000612497
0.000607967
0.000617504
0.000608683
0.000605345
0.000613928
0.000608444
0.000605106
0.000612259
0.000618219
0.000612020
0.000608206
0.000608206
0.000603676
0.000608206
0.000612497
0.000610590
0.000606775
0.000607729
0.000599146
0.000609636
0.000606298
0.000603676
0.000608206
0.000608683
0.000602007
0.000601053
0.000605106
0.000591278
0.000609159
0.000609398
0.000605583
0.000610113
0.000621319
0.000612974
0.000585318
0.000607967
0.000603676
0.000608683
0.000600815
0.000607252
0.000609875
0.000606537
0.000607729
0.000604630
0.000602245
0.000586748
0.000602007
0.000605822
0.000609398
0.000616312
0.000605106
0.000602484
0.000602007
0.000609159
0.000608921
0.000610352
0.000598669
0.000611544
0.000648737
0.000607729
0.000602961
0.000605583
0.000601292
0.000606775
0.000584602
0.000608683
0.000626564
0.000608683
0.000594854
0.000612497
0.000602961
0.000690937
0.000589371
0.000619650
0.000603199
0.000603199
0.000605822
0.000608683
0.000624895
0.000606298
0.000607729
0.000568628
0.000605822
0.000612259
0.000600815
0.000604630
0.000603437
0.000606298
0.000610828
0.000608444
0.000606775
0.000585318
0.000610113
0.000608444
0.000588417
0.000607729
0.000600338
0.000607252
0.000609636
0.000603676
0.000602722
0.000582933
0.000606060
0.000624657
0.000541687
0.000609398
0.000601053
0.000605345
0.000609636
0.000609398
0.000603437
0.000591755
0.000561953
0.000551939
0.000566959
0.000572920
0.000567913
0.000574350
0.000571012
0.000571012
0.000569344
0.000571012
0.000569582
0.000569582
0.000566721
0.000575781
0.000565052
0.000567436
0.000567198
0.000545979
0.000564814
0.000570774
0.000571966
0.000569344
0.000567913
0.000569344
0.000570774
0.000575542
0.000569105
0.000573397
0.000565052
0.000570774
0.000568390
0.000571251
0.000563383
0.000571251
0.000572920
0.000553131
0.000569582
0.000568390
0.000573397
0.000567675
0.000576735
0.000568628
0.000566244
0.000565767
0.000561714
0.000580549
0.000563145
0.000570059
0.000572920
0.000570774
0.000565767
0.000566959
0.000567198
0.000580549
0.000569344
0.000573397
0.000565767
0.000550032
0.000572443
0.000576019
0.000554323
0.000567198
0.000566721
0.000568867
0.000562906
0.000569105
0.000565052
0.000570297
0.000566244
0.000572205
0.000568151
0.000547886
0.000565767
0.000568628
0.000561953
0.000572681
0.000568628
0.000572205
0.000562191
0.000569344
0.000562668
0.000572681
0.000566244
0.000570774
0.000566483
0.000570297
0.000565052
0.000570774
0.000568628
0.000547647
0.000566959
0.000570059
0.000567913
0.000566721
0.000570297
0.000576019
0.000568151
0.000577211
0.000569820
0.000579357
0.000564814
0.000567675
0.000568390
0.000570059
0.000563860
0.000575542
0.000569344
0.000547886
0.000564337
0.000568628
0.000564337
0.000570059
0.000562429
0.000571012
0.000548601
0.000571251
0.000573158
0.000570059
0.000567436
0.000572443
0.000566483
0.000570059
0.000565052
0.000572205
0.000567675
0.000575066
0.000574350
0.000565290
0.000573635
0.000573874
0.000567913
0.000571489
0.000598431
0.000581503
0.000617027
0.000589371
0.000609636
0.000611305
0.000610352
0.000616789
0.000602722
0.000582695
0.000608444
0.000611544
0.000590801
0.000606298
0.000586510
0.000611305
0.000609398
0.000614643
0.000607967
0.000611782
0.000608444
0.000605583
0.000620604
0.000612020
0.000620127
0.000607491
0.000608444
0.000599384
0.000617981
0.000612736
0.000607014
0.000611544
0.000612736
0.000608206
0.000608683
0.000589371
0.000607491
0.000586510
0.000610590
0.000607491
0.000606775
0.000605822
0.000607252
0.000606537
0.000605106
0.000586748
0.000608921
0.000614405
0.000607967
0.000607014
0.000601053
0.000604153
0.000605345
0.000606775
0.000606537
0.000601292
0.000603676
0.000605106
0.000606775
0.000607014
0.000609875
0.000604153
0.000602722
0.000607252
0.000600338
0.000599623
0.000583410
0.000606060
0.000607252
0.000586271
0.000604630
0.000607491
0.000611544
0.000611782
0.000598907
0.000607252
0.000601292
0.000585556
0.000609159
0.000607729
0.000585318
0.000607491
0.000602722
0.000611782
0.000607967
0.000604868
0.000608206
0.000607967
0.000601292
0.000605583
0.000607252
0.000592709
0.000597954
0.000610590
0.000612020
0.000605106
0.000582457
0.000607491
0.000600576
0.000602961
0.000603914
0.000606060
0.000601292
0.000601768
0.000616074
0.000614643
0.000622034
0.000588655
0.000611782
0.000609398
0.000605583
0.000609398
0.000603914
0.000601768
0.000604391
0.000609159
0.000601768
0.000612020
0.000604391
0.000611305
0.000607967
0.000607014
0.000605822
0.000612259
0.000605106
0.000614166
0.000607014
0.000608206
0.000611782
0.000611544
0.000586987
0.000614882
0.000607014
0.000613689
0.000611782
0.000588417
0.000604868
0.000616789
0.000609636
0.000613928
0.000597000
0.000592709
0.000591516
0.000591040
0.000592709
0.000598907
0.000595093
0.000597239
0.000584602
0.000591278
0.000593901
0.000629663
0.000634432
0.000596285
0.000610113
0.000615120
0.000605345
0.000608444
0.000613689
0.000610352
0.000606298
0.000623941
0.000632763
0.000620365
0.000603676
0.000613213
0.000607014
0.000617504
0.000603676
0.000581503
0.000604153
0.000613928
0.000590324
0.000609875
0.000605106
0.000614643
0.000596762
0.000605583
0.000598907
0.000606537
0.000604630
0.000607967
0.000603676
0.000604391
0.000602007
0.000607967
0.000605106
0.000607252
0.000607014
0.000608683
0.000607729
0.000608921
0.000602484
0.000595808
0.000604630
0.000608206
0.000607491
0.000610113
0.000604153
0.000607252
0.000608206
0.000609636
0.000592947
0.000579119
0.000605822
0.000607491
0.000610352
0.000608683
0.000588179
0.000609875
0.000603914
0.000610113
0.000601768
0.000593185
0.000600815
0.000604868
0.000604630
0.000610352
0.000603914
0.000607729
0.000602484
0.000609159
0.000599623
0.000580788
0.000604630
0.000608444
0.000625849
0.000608921
0.000581741
0.000611544
0.000603437
0.000604630
0.000553131
0.000606775
0.000607967
0.000604153
0.000591516
0.000608683
0.000608206
0.000609159
0.000596046
0.000617504
0.000604868
0.000606298
0.000599861
0.000607252
0.000603914
0.000605822
0.000607252
0.000615358
0.000604391
0.000607252
0.000607729
0.000607729
0.000586987
0.000603914
0.000607729
0.000609398
0.000610828
0.000612020
0.000606060
0.000612259
0.000593185
0.000626326
0.000598431
0.000610828
0.000607252
0.000585318
0.000609636
0.000609875
0.000600338
0.000613689
0.000604630
0.000609398
0.000598907
0.000610590
0.000604630
0.000609636
0.000607014
0.000588894
0.000593901
0.000603676
0.000587463
0.000603676
0.000605345
0.000612497
0.000600815
0.000591040
0.000608921
0.000607967
0.000603676
0.000609636
0.000603199
0.000607729
0.000607729
0.000604630
0.000603437
0.000612259
0.000598431
0.000606537
0.000585794
0.000609398
0.000598431
0.000608683
0.000595570
0.000585318
0.000607967
0.000603676
0.000608921
0.000605822
0.000598192
0.000608444
0.000599146
0.000609398
0.000604868
0.000587702
0.000599384
0.000610828
0.000600576
0.000604630
0.000598669
0.000605822
0.000606298
0.000607729
0.000603914
0.000619888
0.000601768
0.000608444
0.000602722
0.000604391
0.000626087
0.000612259
0.000607491
0.000603676
0.000611305
0.000583410
0.000603914
0.000607967
0.000600815
0.000606775
0.000604391
0.000606775
0.000606537
0.000593185
0.000600338
0.000609398
0.000600100
0.000615835
0.000595570
0.000607967
0.000603199
0.000605583
0.000603914
0.000618935
0.000608683
0.000613213
0.000606060
0.000609875
0.000617027
0.000628948
0.000582457
0.000617266
0.000611544
0.000607967
0.000603914
0.000611782
0.000602722
0.000611544
0.000609636
0.000604868
0.000607014
0.000609636
0.000575781
0.000605583
0.000605106
0.000609875
0.000609875
0.000584126
0.000608921
0.000609636
0.000610828
0.000611305
0.000604391
0.000611305
0.000610590
0.000582933
0.000601053
0.000608921
0.000606298
0.000607967
0.000587940
0.000608206
0.000641346
0.000622034
0.000602484
0.000614166
0.000607252
0.000610352
0.000606298
0.000611544
0.000592232
0.000605345
0.000607729
0.000606060
0.000608444
0.000589848
0.000613451
0.000612974
0.000612974
0.000606775
0.000592709
0.000616312
0.000606537
0.000608921
0.000603199
0.000591516
0.000605106
0.000612736
0.000611782
0.000608921
0.000619650
0.000608444
0.000604630
0.000608444
0.000607729
0.000607014
0.000611782
0.000611067
0.000627279
0.000611067
0.000567198
0.000616312
0.000611544
0.000611067
0.000605583
0.000587463
0.000598907
0.000610352
0.000607491
0.000609159
0.000607967
0.000610113
0.000602484
0.000615358
0.000604153
0.000612736
0.000607491
0.000607491
0.000603914
0.000605583
0.000606775
0.000610590
0.000603676
0.000608921
0.000599623
0.000583172
0.000581503
0.000602722
0.000601768
0.000600815
0.000603199
0.000603437
0.000617266
0.000605106
0.000602245
0.000623226
0.000605822
0.000586033
0.000597239
0.000600576
0.000592232
0.000598669
0.000594854
0.000602007
0.000587702
0.000580549
0.000591993
0.000600100
0.000598907
0.000600576
0.000580311
0.000600338
0.000599623
0.000601292
0.000598907
0.000623226
0.000599384
0.000610828
0.000605583
0.000599861
0.000604868
0.000601053
0.000600576
0.000605106
0.000601053
0.000599861
0.000605106
0.000613213
0.000602722
0.000605822
0.000586748
0.000607252
0.000595570
0.000601768
0.000596046
0.000604630
0.000603199
0.000606060
0.000608206
0.000604153
0.000604153
0.000604868
0.000611782
0.000607252
0.000605106
0.000611305
0.000607729
0.000610590
0.000611305
0.000615120
0.000609159
0.000586033
0.000608683
0.000588894
0.000609875
0.000610590
0.000613451
0.000613451
0.000599384
0.000610590
0.000603676
0.000612259
0.000616550
0.000606537
0.000612020
0.000607967
0.000612259
0.000608206
0.000615120
0.000609159
0.000604868
0.000610590
0.000605583
0.000609398
0.000605583
0.000605345
0.000602484
0.000613689
0.000599623
0.000615358
0.000611782
0.000616550
0.000600815
0.000608683
0.000608206
0.000613213
0.000599861
0.000608921
0.000600576
0.000610590
0.000603676
0.000610590
0.000609636
0.000606537
0.000603437
0.000612497
0.000611782
0.000609875
0.000602245
0.000612259
0.000605345
0.000614882
0.000607491
0.000607252
0.000606298
0.000609159
0.000603199
0.000607014
0.000587702
0.000617266
0.000605106
0.000601292
0.000603676
0.000614643
0.000611305
0.000613213
0.000584841
0.000620127
0.000612020
0.000610113
0.000606775
0.000603676
0.000614166
0.000610352
0.000607252
0.000617743
0.000565767
0.000612736
0.000608206
0.000612974
0.000612736
0.000615597
0.000608683
0.000610352
0.000586033
0.000611305
0.000591755
0.000593901
0.000592232
0.000584602
0.000596285
0.000592947
0.000591993
0.000588179
0.000583410
0.000595093
0.000596046
0.000634193
0.000636101
0.000624180
0.000609159
0.000617743
0.000611544
0.000606775
0.000597477
0.000607967
0.000611067
0.000630140
0.000640154
0.000625849
0.000621557
0.000611305
0.000590324
0.000604630
0.000593901
0.000617266
0.000609636
0.000608206
0.000611067
0.000587463
0.000610352
0.000609636
0.000608921
0.000610113
0.000604153
0.000609159
0.000609398
0.000612497
0.000608206
0.000588417
0.000589132
0.000612020
0.000604630
0.000609636
0.000545263
0.000611305
0.000604868
0.000614166
0.000608206
0.000611544
0.000606537
0.000608921
0.000589848
0.000609398
0.000604630
0.000607491
0.000609398
0.000593424
0.000610113
0.000611782
0.000609636
0.000611544
0.000586987
0.000609636
0.000601292
0.000611067
0.000602484
0.000597000
0.000608921
0.000608206
0.000604153
0.000615835
0.000589371
0.000607491
0.000606060
0.000610590
0.000605345
0.000593424
0.000601292
0.000616789
0.000606060
0.000612259
0.000617743
0.000610352
0.000605106
0.000611305
0.000603914
0.000577688
0.000611067
0.000610352
0.000607967
0.000609875
0.000602484
0.000610828
0.000607729
0.000587940
0.000610590
0.000617504
0.000607729
0.000612020
0.000609159
0.000611782
0.000602245
0.000611305
0.000613213
0.000590563
0.000600338
0.000612497
0.000614405
0.000609636
0.000610113
0.000612259
0.000606775
0.000590563
0.000614166
0.000613689
0.000608683
0.000614166
0.000612736
0.000615358
0.000606537
0.000615597
0.000608206
0.000622272
0.000614166
0.000610113
0.000611544
0.000617266
0.000593424
0.000615835
0.000609159
0.000613451
0.000608683
0.000590086
0.000589132
0.000605822
0.000594854
0.000607967
0.000607967
0.000622749
0.000609159
0.000619888
0.000613451
0.000611067
0.000608921
0.000579357
0.000607967
0.000547647
0.000586271
0.000609875
0.000531435
0.000617504
0.000608921
0.000588417
0.000605106
0.000610590
0.000611782
0.000616789
0.000595808
0.000618935
0.000606298
0.000615120
0.000602722
0.000597239
0.000606775
0.000606775
0.000605345
0.000611305
0.000594854
0.000613928
0.000610590
0.000619650
0.000589848
0.000623226
0.000607491
0.000612497
0.000614882
0.000609875
0.000612736
0.000613213
0.000609159
0.000613213
0.000605106
0.000613213
0.000607491
0.000609159
0.000603914
0.000620127
0.000604868
0.000609159
0.000606537
0.000593185
0.000613689
0.000611305
0.000606775
0.000611067
0.000604868
0.000588894
0.000596523
0.000602484
0.000609636
0.000609159
0.000612259
0.000614166
0.000605583
0.000613451
0.000585318
0.000607967
0.000613213
0.000606775
0.000606775
0.000610113
0.000606537
0.000611782
0.000587940
0.000611782
0.000602722
0.000614882
0.000602961
0.000617504
0.000611782
0.000611782
0.000631571
0.000611782
0.000589132
0.000618219
0.000607014
0.000611782
0.000609159
0.000605822
0.000614882
0.000611544
0.000587225
0.000592947
0.000602961
0.000608921
0.000607491
0.000615835
0.000606298
0.000615120
0.000610590
0.000611782
0.000590801
0.000609398
0.000605583
0.000612736
0.000611067
0.000614643
0.000608683
0.000615597
0.000607014
0.000611067
0.000595570
0.000611782
0.000607252
0.000614882
0.000612974
0.000614166
0.000607252
0.000622034
0.000609636
0.000618935
0.000614882
0.000614882
0.000608921
0.000612020
0.000608444
0.000612259
0.000612974
0.000614882
0.000611305
0.000610590
0.000607491
0.000613928
0.000612020
0.000611305
0.000605583
0.000611544
0.000607252
0.000609636
0.000614405
0.000615597
0.000595808
0.000615835
0.000606775
0.000612974
0.000610113
0.000619173
0.000607491
0.000614166
0.000611067
0.000611782
0.000612259
0.000593901
0.000610828
0.000613689
0.000611067
0.000612736
0.000581980
0.000610352
0.000592232
0.000594139
0.000611067
0.000611782
0.000613213
0.000607967
0.000613689
0.000614882
0.000609875
0.000612497
0.000604391
0.000612736
0.000611067
0.000613213
0.000607967
0.000571489
0.000614166
0.000607252
0.000612259
0.000608206
0.000621080
0.000607014
0.000610828
0.000608444
0.000606537
0.000616074
0.000614166
0.000614882
0.000607967
0.000610590
0.000627995
0.000610590
0.000606298
0.000611544
0.000608921
0.000610828
0.000610113
0.000612020
0.000586748
0.000608444
0.000606060
0.000610352
0.000608206
0.000594854
0.000607014
0.000613928
0.000605822
0.000607014
0.000613689
0.000612020
0.000607729
0.000614882
0.000613689
0.000610113
0.000603437
0.000610352
0.000609398
0.000612259
0.000592947
0.000613213
0.000612259
0.000610590
0.000605583
0.000592232
0.000613213
0.000612974
0.000606537
0.000610828
0.000585794
0.000610352
0.000598669
0.000610113
0.000606060
0.000596523
0.000609159
0.000611067
0.000604153
0.000612974
0.000563860
0.000608206
0.000601053
0.000625372
0.000608683
0.000558615
0.000603199
0.000611782
0.000606298
0.000610590
0.000604630
0.000615120
0.000606060
0.000612736
0.000606537
0.000607252
0.000612497
0.000611067
0.000612020
0.000612259
0.000619650
0.000607491
0.000610828
0.000604153
0.000605822
0.000604630
0.000604630
0.000617027
0.000592470
0.000612259
0.000606537
0.000607252
0.000605345
0.000622511
0.000605583
0.000606537
0.000609398
0.000607252
0.000611782
0.000608921
0.000608921
0.000614643
0.000603199
0.000607967
0.000608444
0.000612259
0.000609636
0.000611067
0.000618935
0.000620842
0.000608921
0.000609875
0.000598669
0.000594139
0.000609875
0.000608921
0.000603437
0.000610828
0.000611782
0.000612497
0.000608921
0.000608206
0.000605822
0.000608921
0.000611782
0.000612974
0.000606775
0.000614882
0.000602007
0.000609875
0.000611544
0.000613213
0.000605106
0.000609875
0.000612020
0.000611782
0.000592232
0.000611782
0.000609875
0.000617266
0.000613451
0.000594139
0.000614882
0.000607729
0.000593185
0.000594854
0.000601530
0.000597000
0.000596046
0.000596285
0.000596285
0.000602961
0.000595331
0.000598431
0.000599861
0.000632286
0.000637770
0.000617266
0.000605822
0.000618935
0.000608921
0.000611544
0.000608683
0.000616789
0.000609636
0.000639200
0.000648737
0.000613213
0.000601768
0.000586271
0.000616312
0.000612974
0.000606060
0.000606775
0.000595331
0.000610828
0.000609636
0.000610828
0.000605583
0.000592709
0.000605106
0.000607967
0.000610352
0.000611782
0.000592232
0.000608444
0.000608683
0.000615120
0.000604391
0.000591516
0.000607967
0.000609636
0.000607491
0.000608683
0.000611782
0.000610828
0.000601053
0.000610590
0.000603437
0.000614882
0.000608921
0.000608683
0.000609875
0.000609398
0.000585794
0.000611782
0.000606060
0.000611067
0.000608206
0.000597239
0.000609636
0.000609159
0.000608921
0.000611305
0.000606298
0.000612736
0.000606537
0.000610113
0.000607729
0.000610828
0.000603437
0.000610113
0.000593901
0.000608444
0.000602245
0.000609159
0.000601292
0.000594139
0.000609398
0.000614405
0.000609398
0.000612736
0.000605345
0.000612974
0.000609875
0.000607729
0.000593185
0.000611782
0.000607014
0.000603914
0.000603437
0.000608921
0.000599861
0.000613689
0.000618935
0.000609875
0.000607491
0.000595570
0.000606775
0.000604868
0.000612736
0.000608444
0.000602484
0.000608444
0.000604391
0.000609398
0.000606060
0.000613451
0.000613213
0.000612259
0.000588179
0.000613689
0.000604868
0.000609875
0.000613213
0.000587702
0.000610828
0.000612497
0.000607967
0.000607014
0.000582695
0.000606775
0.000607252
0.000611544
0.000611305
0.000587940
0.000606537
0.000596762
0.000607014
0.000611782
0.000614882
0.000612259
0.000576258
0.000610590
0.000605583
0.000580072
0.000602484
0.000607967
0.000608206
0.000612497
0.000633955
0.000614643
0.000590324
0.000606060
0.000611067
0.000614882
0.000606060
0.000610828
0.000604391
0.000612497
0.000601530
0.000611782
0.000604868
0.000612974
0.000604153
0.000611544
0.000612020
0.000650883
0.000625610
0.000607967
0.000607252
0.000610828
0.000589371
0.000612736
0.000604868
0.000611782
0.000608683
0.000621557
0.000605822
0.000612974
0.000608206
0.000607967
0.000608921
0.000610590
0.000602722
0.000614882
0.000610590
0.000617266
0.000604630
0.000609636
0.000606060
0.000612020
0.000594854
0.000612020
0.000603676
0.000613451
0.000606537
0.000615597
0.000610113
0.000609159
0.000608206
0.000609636
0.000608683
0.000606537
0.000621796
0.000620365
0.000607014
0.000611067
0.000605106
0.000592470
0.000610352
0.000609875
0.000601053
0.000612259
0.000585794
0.000612259
0.000600576
0.000610113
0.000610590
0.000610828
0.000605583
0.000610352
0.000596046
0.000591755
0.000605822
0.000613213
0.000605822
0.000617027
0.000603437
0.000610828
0.000607491
0.000609398
0.000617981
0.000610828
0.000606298
0.000614405
0.000597715
0.000584602
0.000604391
0.000618219
0.000604868
0.000610590
0.000621796
0.000609636
0.000602484
0.000610828
0.000609159
0.000611544
0.000603199
0.000610828
0.000597477
0.000611544
0.000612736
0.000591755
0.000605583
0.000627279
0.000605106
0.000613213
0.000608683
0.000609875
0.000623465
0.000615597
0.000604391
0.000614405
0.000607967
0.000607967
0.000607729
0.000605583
0.000604868
0.000612736
0.000582695
0.000604391
0.000606298
0.000586271
0.000659943
0.000611305
0.000623226
0.000612736
0.000607491
0.000612259
0.000603914
0.000610828
0.000602961
0.000591755
0.000581741
0.000608683
0.000608206
0.000612259
0.000606537
0.000610590
0.000605106
0.000611067
0.000537634
0.000609875
0.000611067
0.000615358
0.000604630
0.000609636
0.000612497
0.000623703
0.000607014
0.000613928
0.000611305
0.000614166
0.000613928
0.000616789
0.000614405
0.000589848
0.000610113
0.000608206
0.000611782
0.000612497
0.000592232
0.000618219
0.000611305
0.000618458
0.000602722
0.000614405
0.000613451
0.000617504
0.000613928
0.000613213
0.000608444
0.000611305
0.000612974
0.000611782
0.000609159
0.000611782
0.000612259
0.000618219
0.000609636
0.000612259
0.000605583
0.000612020
0.000609398
0.000615597
0.000607014
0.000615597
0.000608206
0.000614405
0.000608683
0.000613213
0.000609159
0.000613213
0.000606060
0.000611067
0.000604153
0.000609159
0.000608683
0.000609398
0.000613928
0.000611067
0.000610113
0.000615120
0.000607491
0.000609636
0.000604630
0.000590086
0.000610828
0.000619173
0.000610113
0.000613451
0.000590324
0.000611305
0.000604391
0.000610828
0.000605345
0.000649214
0.000617027
0.000606537
0.000627756
0.000609875
0.000567913
0.000617981
0.000610352
0.000613451
0.000606298
0.000610590
0.000607491
0.000607491
0.000602245
0.000611067
0.000614643
0.000612020
0.000605106
0.000614166
0.000606775
0.000589848
0.000594378
0.000588417
0.000605822
0.000611305
0.000612259
0.000618458
0.000585794
0.000612736
0.000608683
0.000623941
0.000608444
0.000610590
0.000589371
0.000605822
0.000604391
0.000609875
0.000611067
0.000589609
0.000612497
0.000628710
0.000614405
0.000614643
0.000590563
0.000614405
0.000609636
0.000611544
0.000599861
0.000590324
0.000605106
0.000607252
0.000612259
0.000615358
0.000605822
0.000618696
0.000606775
0.000612497
0.000612259
0.000579357
0.000582218
0.000587225
0.000611782
0.000614643
0.000610352
0.000613689
0.000612020
0.000613213
0.000607252
0.000628471
0.000610828
0.000615835
0.000609159
0.000613689
0.000592232
0.000616550
0.000612497
0.000614643
0.000608206
0.000592709
0.000606537
0.000614405
0.000612259
0.000609159
0.000622272
0.000620604
0.000607491
0.000610352
0.000612974
0.000613213
0.000610113
0.000609875
0.000613689
0.000612497
0.000589371
0.000611305
0.000615597
0.000585556
0.000611305
0.000611782
0.000610590
0.000617266
0.000589132
0.000597477
0.000594616
0.000596285
0.000597000
0.000598431
0.000600338
0.000594139
0.000599384
0.000598192
0.000571966
0.000599623
0.000630140
0.000642300
0.000637054
0.000608921
0.000613451
0.000618458
0.000593424
0.000612497
0.000605106
0.000617504
0.000623226
0.000591993
0.000617743
0.000614643
0.000602007
0.000615120
0.000594378
0.000588655
0.000610113
0.000609159
0.000610828
0.000592470
0.000611067
0.000612974
0.000610352
0.000612020
0.000622749
0.000612259
0.000602007
0.000612736
0.000609875
0.000614643
0.000613689
0.000612974
0.000610113
0.000612974
0.000614405
0.000612736
0.000604630
0.000596046
0.000612020
0.000613213
0.000608921
0.000607252
0.000618219
0.000610828
0.000621080
0.000615597
0.000574112
0.000587702
0.000606775
0.000609398
0.000607967
0.000609875
0.000601530
0.000608921
0.000614882
0.000586748
0.000606775
0.000613451
0.000609636
0.000607491
0.000592947
0.000606537
0.000601530
0.000607252
0.000603914
0.000608444
0.000602961
0.000605583
0.000603199
0.000608444
0.000606298
0.000615835
0.000608683
0.000590801
0.000604153
0.000610352
0.000601292
0.000607967
0.000606537
0.000608444
0.000599623
0.000601530
0.000604630
0.000609875
0.000605822
0.000606775
0.000607014
0.000612020
0.000604868
0.000607252
0.000622988
0.000585079
0.000605345
0.000611544
0.000603676
0.000608683
0.000603914
0.000606298
0.000600100
0.000609159
0.000609398
0.000607729
0.000603437
0.000601530
0.000606775
0.000607491
0.000597954
0.000606775
0.000606537
0.000606060
0.000603676
0.000611067
0.000607014
0.000607252
0.000601053
0.000603676
0.000601768
0.000586510
0.000607014
0.000603914
0.000600100
0.000605822
0.000591278
0.000603199
0.000602484
0.000609159
0.000595808
0.000613928
0.000601053
0.000604868
0.000599146
0.000600576
0.000597239
0.000604391
0.000599146
0.000576973
0.000597715
0.000600100
0.000599623
0.000599384
0.000598192
0.000606775
0.000607967
0.000611544
0.000598669
0.000579357
0.000602007
0.000651121
0.000589371
0.000597239
0.000590801
0.000596285
0.000591993
0.000586748
0.000596046
0.000595093
0.000595093
0.000594378
0.000600576
0.000599623
0.000594854
0.000602245
0.000602007
0.000606537
0.000596762
0.000597954
0.000575066
0.000601530
0.000596762
0.000602245
0.000599861
0.000602007
0.000605345
0.000600338
0.000607014
0.000605345
0.000602007
0.000607729
0.000598669
0.000602961
0.000597715
0.000602245
0.000603914
0.000603914
0.000580549
0.000607491
0.000602961
0.000603914
0.000602007
0.000586987
0.000600576
0.000608921
0.000604868
0.000607014
0.000567675
0.000608444
0.000606060
0.000605583
0.000612736
0.000622749
0.000608206
0.000610352
0.000605822
0.000612497
0.000602007
0.000613689
0.000606060
0.000606060
0.000601530
0.000586510
0.000607491
0.000607014
0.000608444
0.000609159
0.000604153
0.000609636
0.000605583
0.000589609
0.000603437
0.000607252
0.000607252
0.000611305
0.000608206
0.000616074
0.000602722
0.000608444
0.000602722
0.000618696
0.000605583
0.000609875
0.000601768
0.000611067
0.000600815
0.000605822
0.000602961
0.000583649
0.000605106
0.000605583
0.000600338
0.000607491
0.000608683
0.000613928
0.000604868
0.000607729
0.000606775
0.000607729
0.000602484
0.000604391
0.000583649
0.000606060
0.000599623
0.000608683
0.000604153
0.000606060
0.000606537
0.000605583
0.000610352
0.000608206
0.000584841
0.000611067
0.000607967
0.000607729
0.000610113
0.000609875
0.000607491
0.000611067
0.000583172
0.000609875
0.000606537
0.000604391
0.000600338
0.000606298
0.000603676
0.000606537
0.000602484
0.000612974
0.000602722
0.000606775
0.000609159
0.000608921
0.000608921
0.000598907
0.000578165
0.000606298
0.000602245
0.000605106
0.000606537
0.000608921
0.000599146
0.000579596
0.000603914
0.000604630
0.000623941
0.000605822
0.000585556
0.000613689
0.000608683
0.000606537
0.000598907
0.000615358
0.000600815
0.000607967
0.000607014
0.000605822
0.000602722
0.000611067
0.000606537
0.000581980
0.000605345
0.000607967
0.000608444
0.000609398
0.000611067
0.000604153
0.000603914
0.000591516
0.000601530
0.000571966
0.000604630
0.000606298
0.000609159
0.000609159
0.000603914
0.000606537
0.000610352
0.000586987
0.000609159
0.000606775
0.000613928
0.000620604
0.000602007
0.000606537
0.000607729
0.000608921
0.000603199
0.000585794
0.000602722
0.000608921
0.000607491
0.000606775
0.000605106
0.000609159
0.000602245
0.000584841
0.000602722
0.000607014
0.000604153
0.000608444
0.000581741
0.000605822
0.000605822
0.000610828
0.000604868
0.000584841
0.000600338
0.000607014
0.000609636
0.000612736
0.000597715
0.000605583
0.000609398
0.000608921
0.000600815
0.000624180
0.000606298
0.000606537
0.000602245
0.000602007
0.000610828
0.000606775
0.000604153
0.000608683
0.000611067
0.000610113
0.000601768
0.000605822
0.000606775
0.000603199
0.000598907
0.000609159
0.000605822
0.000587463
0.000606775
0.000604868
0.000608683
0.000605822
0.000584126
0.000604630
0.000610590
0.000606298
0.000604868
0.000586033
0.000607014
0.000610113
0.000602245
0.000612020
0.000592470
0.000612736
0.000606775
0.000605345
0.000602961
0.000612020
0.000605822
0.000608444
0.000603437
0.000615835
0.000605583
0.000610113
0.000608444
0.000604391
0.000607252
0.000585079
0.000640392
0.000619888
0.000617981
0.000607967
0.000582218
0.000608444
0.000612974
0.000606298
0.000602961
0.000608683
0.000608206
0.000611305
0.000589371
0.000616312
0.000613213
0.000610113
0.000609875
0.000596046
0.000605106
0.000614643
0.000608206
0.000608921
0.000604630
0.000611782
0.000610828
0.000607729
0.000607491
0.000621080
0.000599861
0.000610828
0.000612736
0.000617027
0.000616074
0.000609875
0.000606775
0.000583410
0.000608444
0.000606298
0.000607252
0.000607014
0.000585318
0.000592470
0.000592470
0.000593901
0.000591993
0.000586748
0.000597000
0.000592232
0.000592947
0.000598431
0.000592709
0.000599623
0.000632048
0.000642776
0.000607491
0.000594616
0.000612736
0.000611305
0.000603914
0.000609398
0.000609159
0.000613213
0.000630856
0.000582695
0.000606537
0.000590086
0.000604630
0.000610113
0.000604630
0.000611782
0.000600576
0.000608444
0.000605345
0.000609875
0.000604868
0.000604868
0.000591278
0.000607967
0.000591278
0.000606060
0.000611782
0.000613451
0.000619173
0.000589371
0.000603914
0.000612736
0.000608921
0.000610828
0.000616312
0.000603914
0.000608444
0.000607967
0.000607491
0.000591516
0.000606537
0.000607491
0.000603437
0.000608444
0.000606775
0.000607967
0.000602484
0.000585318
0.000610352
0.000608444
0.000601768
0.000614405
0.000602007
0.000612736
0.000604391
0.000606060
0.000607252
0.000583649
0.000606060
0.000605583
0.000605106
0.000610352
0.000605583
0.000607252
0.000608683
0.000600338
0.000609875
0.000606537
0.000603676
0.000612259
0.000588655
0.000607014
0.000607491
0.000609398
0.000607252
0.000588655
0.000610590
0.000585318
0.000607729
0.000610590
0.000580788
0.000607014
0.000607491
0.000603914
0.000607252
0.000607252
0.000602961
0.000610590
0.000587702
0.000608683
0.000635862
0.000611067
0.000601292
0.000612497
0.000606775
0.000607967
0.000611305
0.000609875
0.000583649
0.000610113
0.000610352
0.000612736
0.000607252
0.000611544
0.000603437
0.000606775
0.000588894
0.000612259
0.000603676
0.000610828
0.000610113
0.000607252
0.000609636
0.000605345
0.000607014
0.000611544
0.000583172
0.000610352
0.000601768
0.000612974
0.000605822
0.000610590
0.000604153
0.000607967
0.000586271
0.000609159
0.000599861
0.000612736
0.000605822
0.000588179
0.000609636
0.000611067
0.000614643
0.000611067
0.000607967
0.000610352
0.000602007
0.000609159
0.000604153
0.000611782
0.000604868
0.000611305
0.000603914
0.000606537
0.000609636
0.000609159
0.000611544
0.000584364
0.000608921
0.000611544
0.000610113
0.000614166
0.000605583
0.000611305
0.000607491
0.000591516
0.000620127
0.000583887
0.000614405
0.000591040
0.000601530
0.000611067
0.000607491
0.000611782
0.000601768
0.000611544
0.000604630
0.000593424
0.000604391
0.000613451
0.000621557
0.000611544
0.000600338
0.000606775
0.000607252
0.000584364
0.000602484
0.000610352
0.000603676
0.000617504
0.000588655
0.000605822
0.000605822
0.000610352
0.000602245
0.000611782
0.000606537
0.000606060
0.000604630
0.000609636
0.000572920
0.000606060
0.000605345
0.000590086
0.000607491
0.000610352
0.000600338
0.000611305
0.000590324
0.000610113
0.000602961
0.000606537
0.000605345
0.000600815
0.000601292
0.000585556
0.000606537
0.000605345
0.000609159
0.000611305
0.000601530
0.000613213
0.000602007
0.000601768
0.000601292
0.000606537
0.000607252
0.000602722
0.000587225
0.000609636
0.000597000
0.000606537
0.000604630
0.000605345
0.000606775
0.000609875
0.000600338
0.000606775
0.000602722
0.000610113
0.000617743
0.000591516
0.000605583
0.000607014
0.000606060
0.000611782
0.000608921
0.000607014
0.000600576
0.000609636
0.000604153
0.000607967
0.000603199
0.000607967
0.000602007
0.000610828
0.000604630
0.000608921
0.000600576
0.000588417
0.000602245
0.000612497
0.000609398
0.000607491
0.000604153
0.000610113
0.000602245
0.000602722
0.000607967
0.000612974
0.000602961
0.000603914
0.000585794
0.000608921
0.000603437
0.000611067
0.000611067
0.000622272
0.000599861
0.000609159
0.000608444
0.000606537
0.000606060
0.000608921
0.000604868
0.000610113
0.000608444
0.000603199
0.000602007
0.000607491
0.000592470
0.000610113
0.000602722
0.000605822
0.000607014
0.000573635
0.000602961
0.000606537
0.000607014
0.000611544
0.000618458
0.000608206
0.000604630
0.000608206
0.000602245
0.000611305
0.000609398
0.000606298
0.000607491
0.000616312
0.000622749
0.000609636
0.000608206
0.000611067
0.000599623
0.000603676
0.000607491
0.000603437
0.000602007
0.000604391
0.000614882
0.000613928
0.000602961
0.000607491
0.000606537
0.000621080
0.000606537
0.000609159
0.000609159
0.000609159
0.000605345
0.000610828
0.000628471
0.000608206
0.000605822
0.000588417
0.000609159
0.000613451
0.000605106
0.000611782
0.000621796
0.000610113
0.000603199
0.000603199
0.000607729
0.000588894
0.000604630
0.000595331
0.000609398
0.000616550
0.000597000
0.000607014
0.000604391
0.000611782
0.000606775
0.000600576
0.000605583
0.000605106
0.000599384
0.000610113
0.000612259
0.000609398
0.000607252
0.000612020
0.000607729
0.000607252
0.000602245
0.000603437
0.000588179
0.000607252
0.000602245
0.000608921
0.000598192
0.000588655
0.000603437
0.000611544
0.000603437
0.000610590
0.000585318
0.000616074
0.000605106
0.000609159
0.000608683
0.000580072
0.000599146
0.000607491
0.000605106
0.000589609
0.000584364
0.000615835
0.000601292
0.000614405
0.000604868
0.000606537
0.000605583
0.000607014
0.000606775
0.000605583
0.000579357
0.000611067
0.000602722
0.000609398
0.000607491
0.000580788
0.000605822
0.000605583
0.000611305
0.000611782
0.000575066
0.000588894
0.000604391
0.000609159
0.000610828
0.000606537
0.000609875
0.000611067
0.000605583
0.000606298
0.000600100
0.000587702
0.000606298
0.000582933
0.000605106
