0.017071724
0.007555008
0.006522179
0.007532120
0.007633209
0.007546663
0.006587982
0.007548094
0.006500006
0.006494761
0.007585287
0.006414175
0.011176825
0.007605553
0.006566525
0.006545782
0.006567955
0.007568121
0.005887747
0.006546021
0.007527351
0.007478714
0.006548882
0.007617712
0.006429434
0.006477118
0.007472038
0.007553101
0.006469250
0.007477283
0.006629467
0.006474972
0.007534027
0.016690493
0.016777277
0.007170200
0.016818523
0.006558895
0.006444693
0.007523775
0.007550955
0.006498575
0.007550716
0.006471872
0.007582903
0.006464720
0.006555557
0.007491589
0.007544994
0.006476879
0.007558584
0.007508993
0.006507874
0.006431103
0.007586956
0.005957842
0.007142544
0.007566214
0.006480217
0.007516146
0.006649733
0.007474899
0.006532907
0.006507874
0.007577419
0.006437778
0.014829397
0.007613897
0.006436586
0.016652107
0.007479429
0.006512880
0.007583857
0.005923033
0.007195711
0.007461548
0.006532431
0.006441832
0.006587029
0.007510185
0.007510662
0.007463455
0.006423712
0.006328583
0.007510185
0.006436825
0.007472992
0.007477760
0.007561207
0.006363869
0.006627560
0.006417751
0.006483316
0.006457567
0.007525682
0.007460594
0.006434917
0.007619619
0.007516384
0.007544279
0.006480694
0.005831957
0.005913496
0.006006956
0.005928040
0.005953550
0.005849838
0.005970716
0.005944490
0.005936384
0.005936861
0.005918026
0.005978584
0.005994320
0.013677359
0.005954742
0.005946875
0.005913258
0.005983591
0.005920410
0.006031513
0.005950689
0.005975008
0.005937099
0.005939960
0.006007910
0.005944252
0.006034613
0.005942345
0.005911350
0.005945921
0.005904436
0.005888462
0.013529062
0.005959034
0.005980492
0.005920887
0.005950928
0.005927324
0.005945683
0.013635397
0.005902529
0.005920172
0.005938292
0.005984783
0.005956173
0.005956888
0.005926609
0.005957603
0.005981684
0.006047010
0.005986214
0.005992174
0.006153345
0.006021261
0.005971670
0.005979776
0.006062269
0.005951405
0.005981684
0.013700247
0.005959749
0.006027222
0.005960226
0.005977869
0.006006002
0.005959749
0.005946398
0.005944014
0.005944014
0.005952120
0.005959034
0.006061077
0.005962372
0.005985260
0.005945444
0.006061316
0.005988121
0.005958080
0.006007671
0.005924940
0.005936384
0.005990744
0.005933523
0.005988836
0.006010056
0.013721943
0.006066799
0.005977631
0.013648272
0.005977869
0.005965710
0.005985022
0.005963087
0.013693571
0.005992651
0.006006241
0.005971193
0.005950928
0.005973339
0.013690710
0.005977154
0.005926132
0.005920649
0.006070852
0.005984068
0.005989790
0.005897284
0.005977154
0.005932570
0.005969286
0.005940437
0.013728380
0.005961657
0.006016016
0.005937815
0.005994558
0.006073236
0.005975723
0.005951166
0.005953550
0.005954266
0.006027699
0.005956888
0.005966663
0.005957127
0.005991936
0.006029367
0.005969286
0.005965471
0.013648033
0.005984783
0.006037712
0.005953312
0.006016970
0.005978823
0.005977869
0.006123066
0.005974054
0.013590813
0.006041527
0.006005287
0.006000280
0.005992651
0.005980015
0.005973101
0.005994558
0.006089926
0.005958319
0.005995989
0.005998611
0.005959272
0.006075859
0.005943298
0.006030560
0.006066322
0.005977392
0.006027460
0.006004333
0.005954742
0.005992651
0.005954504
0.006002903
0.005979538
0.006009817
0.006007433
0.005997896
0.006062508
0.005989790
0.005971432
0.006088734
0.006027222
0.006033897
0.005969763
0.005988836
0.005962849
0.005999088
0.006143332
0.005992174
0.006018162
0.006056547
0.005984545
0.006061077
0.005939484
0.013648748
0.006016970
0.006024361
0.006014347
0.006040573
0.005994797
0.006085157
0.005977631
0.006021976
0.005975723
0.006104946
0.005987883
0.005978346
0.005990982
0.006032228
0.006017208
0.006058931
0.005981684
0.013720989
0.006006718
0.005974531
0.005984545
0.005967617
0.006052017
0.005891085
0.006041050
0.005960703
0.005968571
0.005977392
0.005929947
0.006012678
0.005977154
0.005975485
0.005995274
0.006012201
0.005966425
0.005960464
0.005963564
0.006005049
0.005995989
0.006059408
0.005925417
0.005980015
0.006000042
0.013586044
0.005968809
0.006001234
0.005949736
0.006002903
0.005992889
0.005957365
0.006001711
0.006002426
0.006037474
0.005967140
0.005961418
0.005990744
0.005981445
0.006011724
0.005980492
0.006000042
0.005982876
0.005975246
0.006029129
0.005970716
0.005975485
0.005986214
0.005978823
0.005997658
0.005966425
0.006002188
0.005939245
0.005984545
0.005991936
0.005991220
0.005971909
0.006004333
0.005969286
0.006078720
0.005948305
0.006004810
0.005949259
0.005997896
0.006050587
0.006023645
0.005986214
0.006032467
0.005925894
0.006010056
0.005979300
0.006036043
0.005990028
0.006003380
0.006043434
0.006055832
0.005962372
0.005965471
0.005944967
0.005960226
0.005978346
0.005992174
0.005951405
0.006004572
0.005929470
0.006025553
0.005935431
0.006054878
0.006030321
0.006041527
0.005986929
0.006003380
0.005955696
0.005974293
0.006044626
0.006063700
0.006001949
0.006039143
0.006003380
0.006037474
0.005942106
0.005898952
0.005960941
0.006038666
0.005995035
0.005999088
0.005917311
0.013679743
0.005923986
0.005988598
0.005980015
0.006008387
0.005971909
0.005972385
0.005972624
0.005993128
0.006040812
0.006006002
0.005984068
0.005993605
0.005987406
0.006077528
0.006013870
0.005983114
0.005997896
0.006010056
0.006061316
0.006013155
0.006021261
0.005995512
0.006014585
0.006034613
0.005939722
0.006036520
0.006004095
0.005979776
0.006103992
0.006011248
0.005991936
0.006064177
0.005937099
0.006031275
0.005988121
0.006014585
0.006041288
0.005998611
0.005972385
0.005995989
0.006016016
0.006060600
0.005954742
0.006048918
0.005957603
0.006009817
0.006039381
0.005987883
0.005990028
0.013690710
0.005985975
0.006075382
0.005956411
0.005992889
0.006151915
0.005980968
0.006101131
0.013713360
0.005962849
0.006102562
0.006002426
0.006067038
0.005968332
0.005995274
0.006018400
0.006028891
0.006040335
0.005991936
0.006023645
0.006041288
0.005975008
0.006124020
0.006008387
0.006049156
0.005978346
0.006030321
0.006047726
0.006003141
0.006000042
0.006012440
0.005966902
0.006156683
0.006008863
0.013634920
0.005960464
0.006033182
0.006016493
0.006036758
0.006024361
0.006023645
0.005983829
0.006023407
0.005971432
0.005999804
0.005869627
0.013608932
0.006089211
0.006002188
0.005982161
0.005895853
0.005981684
0.006023645
0.005957603
0.006001949
0.005956888
0.005998373
0.006098270
0.006039143
0.006000996
0.006062984
0.005971432
0.006070614
0.006032705
0.006023884
0.006031990
0.006022930
0.006038666
0.005995989
0.006017685
0.005937338
0.006002665
0.006124735
0.006034136
0.006085873
0.005923033
0.005917788
0.006968021
0.005936146
0.006006956
0.005949974
0.006020069
0.013765812
0.005966663
0.006027699
0.005965948
0.006016254
0.013582706
0.006038427
0.005989075
0.006028175
0.005981684
0.006065369
0.005953789
0.005990744
0.006010532
0.005992651
0.006022453
0.005992413
0.005963802
0.005995035
0.006031275
0.006056547
0.005977631
0.006029844
0.005979061
0.006026983
0.006021976
0.005994320
0.005971193
0.006016493
0.005981207
0.006073236
0.006012678
0.006003380
0.005948067
0.006027699
0.006021500
0.013748407
0.005977392
0.013905764
0.005958080
0.006070375
0.006005764
0.005897522
0.005974293
0.005966187
0.006004095
0.006006002
0.005973101
0.006011724
0.005989313
0.006070614
0.006090641
0.005991459
0.005951643
0.006028891
0.006026268
0.006015539
0.005966902
0.006018877
0.005978107
0.013754606
0.005911827
0.006006002
0.005981922
0.005869865
0.005992174
0.006043434
0.005965948
0.013716698
0.005842686
0.006054878
0.005956411
0.006012440
0.005965471
0.005941391
0.006052256
0.006029606
0.005967140
0.006010294
0.005959749
0.006024122
0.005962849
0.013721943
0.005971432
0.006031513
0.006035328
0.013660192
0.005970716
0.006000280
0.006027699
0.005978584
0.005994797
0.006009340
0.006078243
0.005976439
0.005963802
0.006003618
0.005979776
0.005992174
0.006050110
0.006011009
0.006026506
0.006041527
0.005977154
0.005986929
0.006017208
0.005976439
0.005931616
0.005994558
0.006012440
0.006032705
0.006035089
0.006006718
0.006005049
0.013755798
0.006017923
0.013746738
0.006027937
0.005975485
0.006031275
0.006034851
0.006000042
0.006014347
0.006023884
0.006037712
0.013518572
0.006000519
0.005999088
0.006014824
0.006005287
0.006066084
0.005981684
0.007117510
0.006032228
0.006000996
0.006066322
0.006019354
0.005950212
0.005999088
0.006054401
0.006056786
0.005974054
0.005996943
0.005968332
0.005994797
0.006025076
0.005992651
0.006010056
0.005975962
0.006000996
0.006014109
0.005992651
0.006109238
0.005965471
0.005999804
0.006038666
0.006032228
0.005984068
0.006007671
0.006010056
0.005992889
0.005991220
0.005987167
0.005948305
0.006017447
0.005893230
0.005907774
0.013746023
0.005988359
0.006001234
0.005907059
0.006007195
0.006025076
0.005993843
0.005979776
0.005995750
0.005989790
0.006036997
0.006000519
0.006016493
0.006031513
0.005996227
0.006083488
0.006016254
0.005992889
0.005996227
0.005991459
0.006023884
0.005997658
0.005977631
0.005908251
0.005976439
0.006042004
0.005994320
0.005961657
0.005998373
0.005936384
0.006113291
0.006011724
0.005985975
0.006010056
0.006018877
0.006101370
0.006024599
0.006027699
0.013603687
0.006009579
0.005986214
0.005990267
0.006047726
0.006054401
0.006016731
0.006060123
0.005998611
0.006028414
0.006095886
0.005975246
0.006009817
0.005990267
0.005970955
0.005999565
0.006033421
0.006051779
0.006106615
0.006026030
0.006015778
0.006013632
0.006015301
0.005995035
0.005969286
0.006058931
0.006014824
0.006053925
0.005951881
0.006008625
0.006086588
0.006002665
0.013557673
0.005968094
0.006011486
0.006112576
0.006020784
0.013810158
0.006051779
0.005917788
0.006016493
0.006011009
0.005999088
0.006049871
0.005973816
0.006049395
0.006024837
0.013805628
0.006116390
0.006061077
0.013695955
0.006098032
0.006053448
0.006020308
0.005975008
0.006054640
0.005972862
0.006034374
0.005964518
0.006009102
0.006013393
0.005895376
0.006020308
0.006074190
0.013618946
0.006027222
0.005867004
0.006056070
0.005967140
0.013767004
0.006036758
0.006000042
0.006062031
0.006028652
0.006013632
0.006045103
0.006015301
0.006141424
0.005999088
0.006011248
0.006030321
0.006295204
0.006108284
0.005980492
0.006028652
0.006007433
0.005986691
0.006124020
0.006029606
0.005985975
0.006031990
0.006015062
0.005959034
0.006082058
0.006029129
0.013732195
0.006083488
0.006055117
0.006025076
0.006047487
0.006037235
0.006031513
0.006002188
0.005996227
0.006023169
0.013747454
0.005955696
0.006026506
0.006010056
0.006020784
0.006042957
0.013768911
0.006025791
0.006003857
0.006029129
0.006046534
0.005979538
0.006018877
0.005979538
0.005988121
0.006035089
0.006016970
0.006010294
0.013708353
0.006018639
0.006081343
0.006013870
0.006040096
0.006013870
0.013727665
0.006068230
0.006028414
0.005992174
0.005994081
0.006027937
0.006052256
0.006076336
0.006051779
0.005996227
0.006065369
0.006016493
0.005998850
0.005984306
0.005997419
0.005981922
0.006052732
0.006015778
0.006024599
0.005984306
0.006074429
0.006029367
0.005992889
0.005958796
0.006022930
0.006031036
0.006055832
0.005985737
0.006031752
0.005995274
0.005961895
0.005984068
0.005991220
0.005946636
0.005927324
0.005999088
0.006016254
0.005984545
0.005908012
0.006009817
0.005908251
0.006053925
0.006009579
0.005975962
0.006021738
0.006000996
0.006059408
0.006007195
0.006002903
0.005991220
0.005994320
0.006040573
0.005996704
0.006019831
0.006032467
0.006028175
0.006079197
0.005990505
0.005927801
0.005991220
0.005998135
0.005991220
0.005999327
0.005957365
0.005949497
0.006008387
0.006048203
0.005951166
0.006000757
0.006036282
0.006007671
0.006013393
0.005993843
0.006016016
0.006026030
0.006042480
0.005996466
0.005977869
0.006041050
0.006020546
0.006011248
0.006003141
0.005975723
0.005976439
0.006001472
0.006029606
0.006011009
0.005945921
0.006009340
0.006007433
0.006007195
0.006005764
0.006027460
0.005957127
0.006003857
0.005979538
0.006012678
0.005985975
0.006005287
0.013648748
0.006003618
0.005946875
0.005961418
0.005971193
0.006105185
0.005961657
0.005987406
0.005942822
0.006081343
0.006044149
0.005962372
0.005985498
0.005908728
0.005977869
0.005994797
0.005984783
0.005996227
0.005972624
0.005999565
0.006056309
0.006010532
0.006065130
0.005999565
0.005998135
0.006054401
0.005997896
0.005984545
0.005976915
0.006025076
0.006033421
0.006000996
0.005959511
0.005967855
0.005979776
0.005935431
0.005982161
0.006053925
0.005977154
0.006018400
0.005902290
0.005986929
0.005959749
0.006011724
0.005957603
0.006037951
0.006014585
0.006005287
0.006002188
0.006010532
0.006051779
0.005986691
0.005964518
0.005992174
0.005982161
0.006016016
0.005970478
0.005958796
0.005992413
0.005992413
0.005985737
0.005994081
0.005986452
0.005973816
0.005981207
0.006015301
0.006001949
0.006019831
0.006002426
0.005975485
0.006069899
0.005979061
0.013553858
0.005968571
0.005999804
0.005985737
0.006052732
0.005996227
0.005935192
0.006066084
0.005935431
0.005989075
0.006021976
0.005999804
0.005967379
0.006028652
0.005957365
0.006018162
0.006037712
0.006055832
0.006154060
0.005987644
0.006001472
0.005981922
0.005972624
0.006041288
0.005961180
0.013702631
0.005998135
0.005989075
0.006001711
0.006128311
0.005978346
0.005967617
0.006009579
0.005943060
0.006027699
0.013744831
0.005939245
0.006033897
0.006037712
0.005993605
0.005964041
0.006059647
0.005982876
0.006022692
0.005955696
0.005995989
0.006061792
0.006010532
0.005984068
0.013713360
0.005985260
0.006078005
0.005952120
0.005977869
0.005991936
0.005985975
0.005979061
0.005994320
0.005962610
0.006028891
0.005979061
0.005999088
0.005957842
0.005946159
0.005934000
0.005912542
0.006011963
0.005993128
0.005972862
0.005896330
0.005937576
0.005986929
0.006004572
0.005949259
0.005965233
0.006007195
0.005970001
0.006049156
0.005973577
0.005999327
0.006024361
0.006024122
0.005984306
0.005991697
0.005995274
0.013740778
0.005948067
0.006038189
0.005991220
0.005918264
0.005955696
0.005980253
0.005954981
0.005985260
0.005990505
0.005902052
0.005968094
0.005993843
0.005986214
0.005934000
0.005995274
0.005964994
0.005994558
0.005991936
0.005960941
0.006040335
0.005948067
0.005987167
0.005975962
0.005981445
0.006021261
0.005997419
0.013575315
0.005952358
0.005997658
0.006002188
0.005970955
0.005965948
0.005940199
0.005976200
0.006021738
0.013684750
0.005959272
0.006028891
0.006011963
0.005998850
0.005971670
0.006004572
0.005970716
0.005947113
0.005987406
0.013648033
0.005924702
0.005954027
0.005930901
0.006007910
0.005974293
0.005987167
0.005969763
0.006045818
0.005969763
0.005957842
0.005990982
0.005897999
0.005969763
0.005957603
0.013551235
0.005994797
0.005978823
0.013790846
0.005978346
0.006006241
0.006076097
0.005983353
0.013676882
0.006041288
0.006008863
0.013808250
0.013566494
0.005976915
0.006036043
0.005994320
0.005968571
0.005984306
0.005951643
0.013731718
0.005975962
0.006069899
0.005906105
0.005992651
0.005899191
0.013810635
0.005942345
0.005980968
0.005998373
0.005956173
0.005978107
0.024231672
0.005945683
0.005990982
0.005982876
0.005967855
0.005977392
0.005970716
0.005975962
0.006030321
0.005973577
0.005938768
0.005944014
0.005947590
0.005973816
0.005978346
0.005954742
0.005951405
0.005983114
0.005949974
0.005962610
0.006091595
0.005975962
0.005938292
0.013714314
0.006005764
0.006052494
0.005998850
0.005944014
0.005995750
0.006000519
0.006050348
0.006045341
0.006014109
0.005936146
0.005990028
0.006057501
0.006006479
0.006031036
0.005999327
0.005948067
0.005999804
0.005989552
0.006057739
0.005993366
0.006019592
0.005971670
0.006023645
0.005944729
0.013736010
0.005969048
0.006271124
0.006028891
0.006067038
0.005988121
0.006022930
0.005972862
0.006015301
0.006030083
0.013720036
0.005963087
0.006021500
0.006008625
0.006046057
0.006022453
0.006011963
0.005995989
0.006085634
0.005997419
0.005978346
0.005966187
0.005997658
0.006012678
0.006022692
0.005982399
0.006002903
0.005988121
0.013860941
0.006000042
0.006003857
0.005991936
0.006044626
0.006017208
0.006016970
0.005997896
0.006016731
0.006072760
0.005999565
0.005987167
0.005964041
0.005908728
0.005982399
0.006059408
0.006009340
0.005972385
0.005917072
0.006021261
0.005994797
0.013617039
0.005985975
0.006014824
0.006051540
0.005997419
0.006014109
0.005958319
0.006032228
0.006019592
0.006043911
0.005975723
0.005982876
0.005974531
0.006006479
0.005923510
0.006021023
0.005974293
0.005905867
0.005954504
0.013805628
0.005972147
0.005966425
0.005954266
0.005936861
0.005987406
0.006005049
0.005956650
0.005981207
0.013633490
0.005975962
0.006008625
0.005973577
0.005978346
0.006003857
0.013588190
0.006060839
0.005959272
0.005981207
0.005955219
0.006011724
0.005998373
0.005962610
0.005951405
0.013814688
0.005934238
0.006039858
0.005897284
0.005973101
0.006052732
0.005975246
0.005963087
0.005988121
0.005966425
0.013819695
0.005952120
0.005953550
0.005967140
0.005976677
0.006024837
0.005949974
0.005994797
0.006044626
0.005958557
0.006036520
0.005985260
0.006009579
0.006024122
0.006057978
0.005938768
0.005994320
0.005969524
0.005935669
0.005973339
0.006001472
0.006019592
0.005989075
0.005878925
0.005974054
0.005968094
0.006012917
0.006069660
0.005992889
0.006021500
0.006051779
0.006018400
0.005972862
0.005968094
0.006062508
0.005938530
0.005948305
0.006021500
0.006030798
0.005973816
0.005851984
0.005994797
0.006038427
0.005941153
0.005977869
0.005827665
0.013742208
0.005959034
0.005980730
0.005916119
0.005969286
0.005974531
0.006041288
0.005949497
0.005972862
0.005966902
0.006009817
0.005978584
0.005999804
0.005976915
0.006019354
0.006006241
0.005978823
0.005944490
0.005970955
0.006030560
0.005976915
0.006012440
0.013687134
0.005962133
0.006010532
0.005959272
0.013727427
0.005957603
0.006004572
0.006127119
0.006009102
0.006023884
0.005975962
0.005969524
0.013774633
0.006040812
0.005966425
0.005981445
0.013726234
0.006012440
0.005983829
0.006014109
0.006014109
0.006014824
0.006064177
0.005990028
0.006003141
0.005988359
0.005962133
0.013594866
0.006004333
0.006060362
0.005982399
0.005929708
0.005960703
0.006055832
0.005961657
0.005963087
0.005964994
0.005995989
0.005970478
0.005970240
0.005940199
0.005977869
0.005964279
0.006043196
0.005994320
0.005939960
0.005989790
0.006007433
0.005977869
0.005968809
0.006047726
0.005951643
0.006029129
0.006026030
0.005997181
0.005950212
0.005965233
0.006000519
0.006006956
0.005957603
0.006072044
0.005985260
0.006031990
0.005984783
0.006011724
0.005934000
0.006026030
0.005957365
0.005978107
0.005999327
0.005986691
0.005993366
0.005980968
0.005943060
0.005924225
0.006010771
0.006013870
0.005967379
0.005902529
0.005963802
0.005970955
0.005993366
0.005941391
0.006005287
0.005972147
0.005980015
0.006017208
0.006008387
0.006069422
0.005974770
0.005986452
0.006009579
0.005993128
0.006007433
0.005995274
0.005923033
0.005970001
0.005960464
0.005952835
0.005968809
0.006016016
0.005916119
0.005969286
0.005943537
0.005867481
0.005977631
0.013655186
0.005928040
0.005941629
0.005965471
0.005989790
0.005954981
0.005974054
0.005948544
0.005951643
0.005956173
0.005949259
0.005942822
0.013700962
0.005905390
0.006013632
0.005964756
0.005985975
0.005992174
0.005963564
0.005958080
0.005986691
0.005942822
0.013661861
0.005963802
0.006018639
0.005905867
0.005987644
0.005942583
0.005979776
0.005972862
0.005993605
0.005970001
0.005986691
0.005980968
0.006045580
0.005965710
0.006043196
0.005929947
0.005953312
0.006002903
0.005974770
0.005938768
0.006026983
0.005957127
0.006051064
0.006038189
0.005875826
0.005944252
0.005942583
0.006000757
0.005990028
0.005885124
0.013660669
0.005947590
0.006018400
0.006024361
0.006008863
0.005977869
0.005980015
0.005997658
0.005988359
0.005920887
0.005997896
0.005899191
0.006034851
0.005918264
0.005997419
0.005959272
0.005833626
0.005928993
0.006045580
0.005918741
0.005954981
0.005837440
0.005961180
0.005932331
0.005993128
0.005913973
0.013658524
0.005974293
0.005989552
0.005940199
0.005971432
0.005949736
0.005967140
0.005972385
0.005997419
0.005971432
0.005948782
0.013591766
0.005960464
0.005956650
0.013695717
0.013570309
0.006049633
0.005964041
0.005988598
0.005977392
0.005974531
0.005927563
0.005988359
0.006011486
0.005946636
0.006022215
0.006004572
0.005948305
0.006052732
0.005959272
0.013620138
0.005956888
0.005990744
0.006035328
0.006022930
0.005962849
0.013738155
0.006045341
0.013712883
0.005974770
0.006061316
0.005989552
0.006049156
0.006578922
0.006016254
0.005996943
0.006072521
0.006006718
0.013761282
0.005946875
0.006025791
0.005972862
0.006007195
0.006068707
0.006035328
0.005990505
0.006062984
0.006002426
0.006064177
0.006037712
0.005933046
0.005997419
0.013763189
0.005970955
0.006021738
0.006005049
0.006051540
0.005962849
0.006146669
0.005959749
0.013716221
0.006014824
0.006008387
0.006007671
0.006024837
0.005992413
0.006079912
0.006026268
0.006096363
0.005971432
0.013650894
0.006079912
0.006018162
0.005960941
0.005982161
0.006003618
0.006155014
0.006051302
0.006018162
0.006012917
0.006063938
0.005945206
0.005930901
0.013583183
0.006024837
0.006011724
0.013630867
0.006063223
0.006165266
0.006036758
0.006102324
0.006033897
0.006079197
0.006018639
0.006025076
0.006034136
0.006065607
0.005978107
0.006056309
0.005976915
0.005999565
0.006050825
0.006014109
0.006020546
0.005998135
0.006007433
0.005990267
0.005991459
0.006078243
0.006005287
0.006019592
0.006029367
0.013733625
0.005979538
0.005998135
0.005985737
0.006000042
0.006003141
0.006032944
0.006021976
0.006030083
0.006032705
0.006030083
0.006061077
0.005984783
0.006016254
0.013797045
0.006038427
0.006050825
0.006018162
0.006056547
0.006001711
0.006006718
0.005974770
0.006020784
0.006047964
0.006032467
0.006008148
0.006001234
0.005986929
0.006078243
0.005975723
0.006023884
0.005951166
0.006001711
0.006017923
0.006010771
0.005962372
0.005985498
0.005947828
0.006028891
0.005985975
0.006016254
0.006028414
0.006008387
0.006027699
0.006049871
0.005975485
0.006017447
0.006028891
0.005947351
0.005979538
0.005996466
0.005997658
0.006035089
0.006002665
0.006033897
0.005979538
0.005998850
0.006072044
0.006019354
0.005989313
0.005992889
0.005958796
0.006034613
0.006068945
0.006035328
0.005996227
0.006025314
0.005986929
0.006103754
0.006024599
0.005912304
0.005969763
0.006083727
0.006025076
0.006005764
0.005868912
0.006037235
0.005978107
0.006103516
0.005975246
0.006003618
0.005990744
0.013758183
0.006042957
0.013777494
0.005978346
0.005990267
0.005995989
0.006013393
0.005996227
0.006063461
0.006005526
0.005971909
0.005998611
0.005990744
0.006012917
0.006013870
0.006009102
0.013751984
0.006007671
0.006066799
0.005946875
0.006043434
0.006027222
0.006035328
0.006092548
0.006028652
0.006025791
0.006018877
0.005979061
0.006058931
0.005995512
0.006067753
0.006053209
0.006084919
0.005971432
0.005955696
0.006026030
0.006065369
0.005979538
0.013744354
0.005970001
0.006024599
0.006009102
0.005985975
0.006015062
0.006649971
0.005969048
0.005996227
0.005968809
0.013670444
0.005959034
0.005994797
0.013577938
0.005990982
0.006011248
0.005995035
0.005982161
0.006013155
0.006033182
0.006016731
0.005956650
0.006025791
0.005981684
0.006007433
0.006060123
0.013691425
0.006009340
0.006056547
0.005967379
0.006074905
0.005942583
0.005980730
0.006014347
0.005993843
0.006020308
0.005998850
0.006028652
0.006084204
0.006020308
0.006021500
0.005983591
0.005982399
0.005973101
0.006034851
0.006037474
0.006024361
0.006029367
0.005988121
0.005969763
0.006031036
0.005848408
0.005928278
0.006036997
0.006004572
0.006023884
0.005939007
0.005999804
0.005986214
0.005974531
0.006052017
0.005957365
0.005986452
0.006023407
0.006030798
0.006022453
0.013769388
0.005961895
0.006056786
0.013560295
0.005985498
0.005977631
0.006030083
0.006018400
0.006049395
0.006008148
0.005905628
0.005968332
0.006060123
0.006009817
0.006004810
0.005962849
0.005928040
0.006045818
0.006016493
0.006005287
0.005979776
0.005983353
0.006028652
0.006003141
0.006018639
0.013525009
0.006030083
0.006034613
0.006016016
0.005973339
0.006037712
0.005984783
0.006094217
0.005979538
0.006013393
0.006027222
0.005986691
0.006021738
0.006033421
0.005979538
0.006006718
0.005990982
0.006059170
0.006013155
0.006021261
0.005947590
0.006022453
0.006023884
0.006006956
0.005980492
0.006032467
0.005974054
0.006036997
0.005967140
0.005977154
0.005974054
0.006054878
0.006050825
0.005969763
0.006018400
0.006090879
0.005987883
0.006065845
0.005964518
0.005874157
0.005982637
0.005970478
0.006030321
0.005993366
0.005977869
0.006016493
0.005988836
0.006043196
0.006074429
0.006011724
0.006004333
0.013775587
0.005974054
0.006052017
0.005967855
0.006055832
0.005972862
0.006061077
0.005976439
0.005997658
0.006072283
0.005877495
0.006015062
0.006052017
0.005975485
0.006067038
0.005846024
0.006058455
0.005967855
0.006011248
0.006023407
0.005970716
0.005998373
0.006005287
0.005962133
0.006109715
0.005961180
0.006012917
0.005979300
0.006019592
0.006008387
0.006033897
0.005999327
0.005979776
0.005980730
0.006073475
0.005992889
0.006016016
0.005961657
0.005967855
0.006011963
0.005980015
0.005926847
0.013722420
0.005961180
0.006055593
0.006092548
0.006018877
0.006006479
0.006011248
0.006033897
0.006000757
0.006007910
0.005998135
0.005950212
0.006065130
0.006008148
0.005975246
0.006034613
0.006008148
0.006044865
0.006009579
0.005956888
0.006053448
0.006015778
0.006025076
0.005959749
0.005971909
0.005998373
0.005975723
0.005963564
0.005958319
0.005992889
0.005996943
0.005980730
0.006051779
0.005988359
0.006016254
0.005976200
0.006014585
0.005963087
0.005963564
0.005990028
0.006012201
0.005932808
0.006083965
0.006000280
0.005997658
0.005988359
0.006032944
0.005965710
0.006004810
0.005958796
0.006041765
0.005985022
0.005996704
0.005970240
0.006033182
0.006045818
0.006080151
0.005970716
0.006005287
0.005974054
0.006059170
0.005985022
0.006016731
0.005973101
0.006029367
0.006012201
0.006038189
0.005985975
0.006016016
0.005980492
0.006011248
0.006046534
0.006028414
0.005987406
0.005903244
0.006101847
0.005992413
0.005993605
0.006021261
0.006014824
0.006120443
0.006002903
0.006060600
0.006036997
0.006019592
0.006081581
0.013835907
0.006015301
0.005989075
0.006014347
0.006114483
0.005931377
0.013691664
0.006040573
0.005957603
0.006061077
0.006027460
0.006015778
0.005989313
0.013621092
0.005962849
0.006000280
0.006026506
0.005987644
0.006027699
0.005993366
0.006033897
0.006022930
0.013780594
0.006010771
0.006033659
0.006004572
0.013761044
0.005961895
0.006001711
0.005988598
0.006015778
0.006033897
0.005983114
0.005976677
0.005992174
0.006040573
0.013725281
0.005977869
0.006032467
0.006037235
0.006029129
0.006055593
0.013874531
0.006008387
0.005994797
0.005973339
0.006033182
0.006002426
0.006021976
0.005990267
0.006008387
0.006035805
0.013783932
0.005961418
0.006050587
0.013590097
0.006056547
0.013538599
0.006092072
0.005988359
0.006065130
0.006071806
0.005900383
0.005973339
0.006006479
0.005981207
0.006128788
0.005979300
0.006011963
0.006038666
0.006036520
0.006092548
0.006012440
0.005997419
0.006025553
0.006006956
0.013791561
0.005982161
0.006007910
0.005982399
0.006018639
0.013540745
0.006019115
0.005997896
0.005954504
0.005987644
0.006140947
0.005977392
0.006007671
0.005888462
0.006056547
0.005986452
0.006024122
0.005962133
0.006005526
0.005970240
0.006068230
0.005990505
0.006029606
0.005983591
0.006026745
0.006082296
0.006062031
0.006000280
0.006049395
0.005997419
0.013705730
0.005982399
0.006002426
0.005989790
0.006000996
0.006044388
0.005967140
0.005970001
0.006047010
0.006015539
0.006126881
0.005967140
0.006011724
0.006071091
0.006000757
0.006050348
0.006011486
0.005999327
0.006001711
0.005994081
0.006039381
0.006015778
0.006038904
0.005995035
0.006006718
0.013591766
0.005983829
0.005992889
0.006031990
0.005991220
0.006056309
0.006028175
0.005995035
0.006030798
0.006074190
0.006039143
0.006040573
0.005974531
0.006063938
0.005977869
0.006083965
0.006035805
0.006009817
0.005989075
0.006013870
0.006009102
0.005997896
0.005992413
0.005987167
0.006010532
0.006071806
0.005973816
0.006019831
0.006034613
0.006023884
0.005967379
0.006069183
0.005985737
0.006011248
0.005979538
0.006011486
0.005998135
0.006054878
0.005977154
0.006050110
0.006011486
0.006042957
0.006000757
0.006057024
0.006010056
0.006021738
0.006016254
0.006039619
0.006032467
0.006036997
0.006045341
0.013732195
0.013518095
0.006006479
0.005913973
0.006035805
0.006030083
0.006009579
0.005951881
0.005881548
0.006052017
0.005964279
0.005954027
0.005975485
0.005939722
0.006090164
0.005943060
0.006023169
0.013564587
0.013759851
0.005994320
0.006012678
0.005945683
0.006017447
0.005983353
0.006062508
0.005940199
0.005978346
0.005971909
0.005941868
0.006001949
0.005948544
0.005992889
0.005981445
0.005953074
0.005966902
0.005973101
0.006001949
0.006000996
0.006004810
0.013600349
0.005972385
0.006032228
0.005994081
0.005968094
0.006058216
0.005974531
0.005981684
0.005955935
0.005988121
0.006008148
0.006023407
0.006000996
0.006063223
0.005986691
0.006032944
0.006020308
0.006050825
0.006063461
0.005982637
0.005957603
0.005935669
0.005954027
0.006119967
0.005919695
0.006039381
0.005981445
0.005991220
0.006018877
0.006025791
0.005958080
0.005978823
0.005992889
0.006035328
0.005987644
0.006014347
0.005952358
0.005996466
0.006027222
0.006071806
0.005953789
0.006001472
0.005966902
0.013770580
0.005895138
0.005990028
0.005954266
0.006001472
0.005966187
0.005987644
0.005961657
0.005974054
0.006000042
0.006075621
0.005985260
0.006015778
0.005942106
0.005973577
0.006014585
0.005962610
0.005966902
0.005970955
0.005975246
0.006046057
0.005981684
0.005850315
0.005944967
0.006033182
0.005973816
0.005985022
0.005838871
0.005981207
0.005956173
0.006028175
0.006007195
0.005958319
0.005931616
0.005986929
0.006036043
0.005977631
0.005962133
0.005938053
0.005969048
0.006036997
0.005950451
0.005990028
0.005972862
0.005938292
0.005985022
0.005967617
0.005969048
0.005944967
0.005900621
0.005977869
0.005950451
0.005941153
0.005869150
0.005968094
0.005959511
0.005916595
0.006016970
0.013783693
0.006002426
0.006059408
0.005927324
0.005937338
0.013594151
0.005983591
0.006013155
0.005938292
0.005941153
0.005976915
0.005952597
0.006031752
0.005940199
0.006747961
0.005918503
0.005988836
0.006032944
0.005973577
0.005936861
0.005948067
0.005907536
0.006008863
0.005890608
0.005981445
0.005935669
0.005945683
0.005974531
0.006000996
0.005907774
0.005932331
0.005946398
0.006063700
0.005998135
0.006006002
0.005929232
0.006051064
0.006018639
0.005983114
0.005993605
0.013799191
0.005944014
0.005999565
0.013582945
0.005988121
0.005975723
0.005978107
0.006034613
0.006028891
0.005925655
0.006039381
0.005999327
0.024345875
0.005986452
0.006054640
0.006024599
0.006020546
0.005948782
0.005976200
0.006007671
0.006068230
0.005950928
0.006004572
0.005951881
0.006061554
0.005920649
0.005928993
0.006009340
0.005992413
0.005996466
0.005931139
0.005995274
0.005980730
0.005942106
0.006054163
0.006022930
0.005972862
0.005998373
0.006008148
0.005969286
0.006082296
0.005928993
0.005988359
0.005968809
0.005985022
0.013677120
0.005966425
0.005979300
0.006001234
0.005975723
0.013666868
0.005981684
0.005962610
0.005957842
0.006029367
0.006015778
0.005919218
0.013538837
0.013777494
0.005983829
0.006001472
0.005949974
0.005967855
0.005970955
0.013735771
0.006007195
0.005965710
0.006015778
0.005984306
0.005974531
0.006005049
0.005972862
0.006060362
0.005970955
0.005994081
0.006052494
0.005988836
0.006020069
0.005980730
0.005928040
0.006086349
0.005968809
0.006035089
0.013592958
0.013739109
0.006024837
0.005986691
0.006010771
0.005983591
0.005955219
0.006070614
0.005980730
0.013805151
0.005936623
0.006014824
0.005977392
0.006018400
0.006030083
0.005983591
0.005964041
0.006085396
0.005994558
0.006043434
0.005973101
0.005928993
0.005968094
0.005970240
0.005957842
0.005992889
0.005929232
0.006025314
0.006003380
0.006019592
0.013813496
0.006051540
0.006051540
0.006013870
0.005975485
0.005995512
0.005964994
0.006019354
0.005914927
0.005968094
0.005947590
0.005978107
0.006054401
0.005917549
0.005990028
0.006063938
0.005972862
0.006035566
0.005856991
0.006002188
0.005943060
0.006008148
0.006026506
0.005939722
0.005968571
0.006002188
0.006024599
0.006034374
0.006000996
0.006016493
0.006013155
0.006028891
0.006012917
0.006038904
0.006007671
0.005982637
0.006006718
0.006020784
0.005967140
0.005964994
0.005950212
0.006025314
0.006027460
0.005975008
0.005962133
0.006002188
0.005981684
0.005990267
0.006064415
0.006044626
0.005976915
0.006011486
0.005951643
0.013715982
0.006031036
0.005988598
0.005976677
0.006030321
0.005955935
0.006008387
0.006026506
0.005994797
0.005986214
0.005999804
0.006016731
0.013777733
0.006014585
0.005967617
0.006010771
0.005939007
0.005966425
0.006023884
0.005946636
0.006007433
0.005985975
0.006012440
0.005989790
0.005997181
0.005955219
0.006007433
0.005982637
0.006030798
0.005967855
0.005989790
0.005966663
0.006000996
0.005950451
0.006005526
0.005989313
0.005995274
0.005973816
0.006071091
0.005969524
0.005995274
0.005955458
0.005974770
0.006018639
0.005972624
0.005955219
0.006006002
0.005976439
0.006070375
0.005917311
0.005981207
0.005979776
0.006003141
0.006013632
0.013790607
0.005956650
0.005992413
0.005964994
0.006051302
0.005948544
0.005991936
0.005875826
0.005919933
0.013607740
0.013696432
0.005975246
0.005898237
0.006034851
0.006032228
0.005860090
0.006007195
0.006006479
0.005994320
0.006045341
0.006039143
0.005985022
0.006000280
0.005946398
0.006044388
0.005968809
0.005975008
0.006003380
0.006008387
0.005968809
0.005969286
0.005977392
0.005898237
0.005970478
0.006027222
0.005909681
0.005954266
0.005947351
0.005872726
0.005975246
0.005983353
0.006003618
0.005991697
0.006034374
0.006049395
0.005988836
0.006019115
0.006001234
0.005970240
0.006042719
0.005982161
0.005969763
0.005994320
0.006036758
0.006061554
0.005962133
0.005988121
0.006018400
0.005941153
0.005954742
0.005964041
0.005975962
0.006000519
0.005967855
0.006006956
0.005966902
0.005965471
0.005959988
0.005979061
0.005963087
0.005945444
0.005958557
0.006018877
0.005990505
0.005987644
0.005931139
0.005975485
0.006009817
0.005997658
0.006001234
0.005964041
0.005947113
0.006061316
0.005923033
0.005987883
0.005936623
0.005864859
0.005992889
0.005952597
0.005960226
0.005940914
0.005961895
0.005968809
0.005966425
0.005978107
0.006027460
0.005974770
0.005994320
0.005940437
0.006002188
0.005979300
0.005944729
0.005999804
0.005962610
0.005980015
0.005948544
0.005971909
0.006056309
0.005821943
0.005916595
0.013914108
0.005991459
0.005952597
0.005827665
0.006003618
0.005920649
0.005967855
0.005950451
0.005907774
0.005994081
0.005947828
0.005944967
0.005952597
0.005933046
0.006016254
0.005932570
0.005992889
0.005939484
0.006007671
0.005987883
0.005910873
0.005938292
0.005956650
0.005992651
0.006026030
0.005945683
0.005980492
0.006031990
0.006001949
0.005904675
0.013744831
0.005932570
0.006010771
0.006047487
0.006001234
0.005933046
0.005981207
0.005941868
0.005982161
0.005947828
0.005919456
0.005920649
0.005977154
0.005922794
0.006045580
0.005956173
0.005957127
0.005960941
0.006039619
0.005952358
0.005968332
0.005975008
0.005972147
0.005976915
0.006006002
0.005933523
0.005992889
0.005944490
0.005995512
0.005927324
0.005970001
0.005993605
0.005998373
0.005949497
0.006006718
0.005961657
0.005959749
0.005956888
0.006002665
0.005997419
0.005990028
0.005938530
0.005959511
0.006003380
0.013655663
0.005967140
0.006107092
0.005948067
0.006030083
0.005941868
0.005975962
0.005994081
0.006007195
0.005989313
0.006023645
0.005995274
0.006035566
0.005982876
0.013733864
0.005999327
0.006025076
0.005966425
0.005997896
0.006014109
0.006021023
0.005992651
0.005972624
0.006016254
0.006008387
0.005879164
0.013703585
0.013622284
0.005985737
0.006003380
0.005936146
0.005986691
0.005996943
0.006031752
0.005990505
0.005960464
0.005968094
0.005974054
0.006095648
0.006013155
0.006000519
0.005956650
0.006020069
0.006028891
0.005979776
0.006011009
0.006026030
0.005914927
0.006054163
0.005984306
0.006008387
0.006011248
0.006001949
0.006017208
0.006022930
0.005943298
0.005925179
0.005990267
0.006041527
0.005963326
0.005971432
0.005997181
0.006025553
0.006009102
0.006008625
0.005970478
0.006039858
0.005953074
0.006013632
0.005998850
0.006037951
0.006036997
0.006008387
0.006028891
0.006018877
0.005995035
0.006042242
0.005970240
0.006000996
0.005976677
0.006042004
0.006015778
0.005988359
0.005998611
0.006024837
0.005965233
0.006049395
0.005951405
0.005996943
0.005951881
0.005985260
0.006211519
0.005886793
0.006028652
0.006140471
