0.000241041
0.000266552
0.000257492
0.000255346
0.000256538
0.000255823
0.000257492
0.000257969
0.000253439
0.000253916
0.000248194
0.000249624
0.000254869
0.000259399
0.000257969
0.000256300
0.000259399
0.000253201
0.000265121
0.000273466
0.000255823
0.000256300
0.000256777
0.000256300
0.000256062
0.000257015
0.000298500
0.000252724
0.000252008
0.000258207
0.000257730
0.000257492
0.000255108
0.000257492
0.000259876
0.000255346
0.000272512
0.000255108
0.000257015
0.000257730
0.000257969
0.000255585
0.000255823
0.000255585
0.000255585
0.000254869
0.000258446
0.000255585
0.000257015
0.000260115
0.000258684
0.000252485
0.000251055
0.000255585
0.000258207
0.000256538
0.000257969
0.000261784
0.000260592
0.000258207
0.000250340
0.000256777
0.000259638
0.000256300
0.000256062
0.000257969
0.000259161
0.000250101
0.000254393
0.000257254
0.000258684
0.000253677
0.000256538
0.000255585
0.000257015
0.000257730
0.000253439
0.000257730
0.000250816
0.000251532
0.000251532
0.000257730
0.000258923
0.000252962
0.000258684
0.000249624
0.000260830
0.000259161
0.000257969
0.000272989
0.000257015
0.000256062
0.000251293
0.000255346
0.000255346
0.000257254
0.000255585
0.000257492
0.000256538
0.000257015
0.000256300
0.000241518
0.000255823
0.000258207
0.000255823
0.000254393
0.000278711
0.000254393
0.000257254
0.000257015
0.000256777
0.000255585
0.000281572
0.000251055
0.000253916
0.000256300
0.000256538
0.000254631
0.000253916
0.000247955
0.000257492
0.000254631
0.000274658
0.000267982
0.000257492
0.000256777
0.000257015
0.000257254
0.000251770
0.000257015
0.000257254
0.000257969
0.000256538
0.000254869
0.000258207
0.000254154
0.000256777
0.000256062
0.000255346
0.000253916
0.000257730
0.000253439
0.000257969
0.000258446
0.000256777
0.000253677
0.000236750
0.000249624
0.000248432
0.000257015
0.000265837
0.000256062
0.000256062
0.000256777
0.000257492
0.000252962
0.000257015
0.000264168
0.000254631
0.000257969
0.000256777
0.000255823
0.000255823
0.000255823
0.000255108
0.000257969
0.000257015
0.000256300
0.000256300
0.000256300
0.000257254
0.000247955
0.000258923
0.000255108
0.000253916
0.000254154
0.000255346
0.000254154
0.000257492
0.000256062
0.000233412
0.000256777
0.000255585
0.000256062
0.000254154
0.000255585
0.000255585
0.000261784
0.000257015
0.000270367
0.000255585
0.000257730
0.000255346
0.000257254
0.000257254
0.000256538
0.000251055
0.000284672
0.000251055
0.000253916
0.000254393
0.000255108
0.000254154
0.000255823
0.000254154
0.000239611
0.000253439
0.000254393
0.000255346
0.000256777
0.000256300
0.000254631
0.000253439
0.000250816
0.000259161
0.000248432
0.000251532
0.000254393
0.000254393
0.000254154
0.000254869
0.000253677
0.000249863
0.000244856
0.000256777
0.000263453
0.000269413
0.000253916
0.000257015
0.000255585
0.000253677
0.000257254
0.000254154
0.000256062
0.000255346
0.000255823
0.000257015
0.000256777
0.000255108
0.000250578
0.000258923
0.000255823
0.000244617
0.000268221
0.000254631
0.000255823
0.000256300
0.000254393
0.000256300
0.000256538
0.000256300
0.000255585
0.000257254
0.000256777
0.000256777
0.000256777
0.000255346
0.000244379
0.000256300
0.000252485
0.000252485
0.000262976
0.000259876
0.000257730
0.000246525
0.000256062
0.000255823
0.000254393
0.000257730
0.000255823
0.000257969
0.000253916
0.000253201
0.000258207
0.000257015
0.000253677
0.000255823
0.000257015
0.000254393
0.000272512
0.000258923
0.000255108
0.000251770
0.000276566
0.000243187
0.000253439
0.000257969
0.000255823
0.000257015
0.000255108
0.000257492
0.000255823
0.000256300
0.000250816
0.000255346
0.000247717
0.000267267
0.000254869
0.000253201
0.000254869
0.000256062
0.000256777
0.000255108
0.000256300
0.000254631
0.000254631
0.000253677
0.000262499
0.000254631
0.000254869
0.000257254
0.000257015
0.000252485
0.000266314
0.000265360
0.000255108
0.000254631
0.000253439
0.000254631
0.000255823
0.000256777
0.000256538
0.000255108
0.000271559
0.000256777
0.000254631
0.000257015
0.000257254
0.000256062
0.000256300
0.000252724
0.000258684
0.000252008
0.000244856
0.000254631
0.000256538
0.000253201
0.000256062
0.000252962
0.000255346
0.000254869
0.000253916
0.000253677
0.000255346
0.000254631
0.000256777
0.000257492
0.000255108
0.000251532
0.000270605
0.000252962
0.000247478
0.000247002
0.000250578
0.000256300
0.000256062
0.000253916
0.000262260
0.000254631
0.000255346
0.000255585
0.000256538
0.000254393
0.000254869
0.000259161
0.000269175
0.000264645
0.000258923
0.000255346
0.000288725
0.000250101
0.000255346
0.000253916
0.000254869
0.000255346
0.000254869
0.000253201
0.000253439
0.000254631
0.000256062
0.000255585
0.000256777
0.000255346
0.000256062
0.000261068
0.000255346
0.000255585
0.000256777
0.000254631
0.000250578
0.000253916
0.000242233
0.000255108
0.000254154
0.000255823
0.000255585
0.000257492
0.000254869
0.000254631
0.000246763
0.000259876
0.000267267
0.000255108
0.000253916
0.000255346
0.000253677
0.000255346
0.000255346
0.000256538
0.000261307
0.000254869
0.000261068
0.000254869
0.000255108
0.000254631
0.000254869
0.000255108
0.000253677
0.000264168
0.000252008
0.000247478
0.000247717
0.000254154
0.000255108
0.000253916
0.000257492
0.000255346
0.000249386
0.000255823
0.000254393
0.000255823
0.000254869
0.000253916
0.000254869
0.000196218
0.000251055
0.000248432
0.000251055
0.000252008
0.000270128
0.000253916
0.000251532
0.000251055
0.000249863
0.000272512
0.000251532
0.000253916
0.000250101
0.000253201
0.000252724
0.000256300
0.000255585
0.000252962
0.000254154
0.000256300
0.000256062
0.000255823
0.000255585
0.000254869
0.000260592
0.000254631
0.000255585
0.000253677
0.000257254
0.000178337
0.000258207
0.000256300
0.000257492
0.000256538
0.000258446
0.000250101
0.000253677
0.000248194
0.000251293
0.000250340
0.000252008
0.000252247
0.000260830
0.000250816
0.000250101
0.000250340
0.000253677
0.000271559
0.000251770
0.000250816
0.000251293
0.000251532
0.000266314
0.000249863
0.000248909
0.000251055
0.000250101
0.000250101
0.000251770
0.000192881
0.000247955
0.000252008
0.000249624
0.000250578
0.000249624
0.000268459
0.000251532
0.000252724
0.000250101
0.000249147
0.000273228
0.000250340
0.000250101
0.000252485
0.000250578
0.000252962
0.000251770
0.000252724
0.000250578
0.000250816
0.000241041
0.000263453
0.000249863
0.000251293
0.000252962
0.000250340
0.000251770
0.000255585
0.000254869
0.000166178
0.000266552
0.000255346
0.000255346
0.000254631
0.000255585
0.000246048
0.000249624
0.000252724
0.000252247
0.000248194
0.000240564
0.000252724
0.000251055
0.000251770
0.000251532
0.000238419
0.000248671
0.000248194
0.000249386
0.000249624
0.000251532
0.000251293
0.000251293
0.000251055
0.000250101
0.000253916
0.000255823
0.000250816
0.000252008
0.000171423
0.000234604
0.000259161
0.000255346
0.000254631
0.000253439
0.000251770
0.000262022
0.000254869
0.000260830
0.000256300
0.000255585
0.000258446
0.000255823
0.000253916
0.000253916
0.000244617
0.000255823
0.000253439
0.000253439
0.000253201
0.000251055
0.000251770
0.000251770
0.000251532
0.000251770
0.000249624
0.000248671
0.000249386
0.000249147
0.000169277
0.000261068
0.000252724
0.000257015
0.000254154
0.000253201
0.000254154
0.000255823
0.000254154
0.000253677
0.000256777
0.000255108
0.000252962
0.000255823
0.000253201
0.000251532
0.000251055
0.000253916
0.000252724
0.000252247
0.000252724
0.000254154
0.000252247
0.000253201
0.000250816
0.000252724
0.000254631
0.000252247
0.000253677
0.000253201
0.000219107
0.000253439
0.000252724
0.000252485
0.000259399
0.000252008
0.000253439
0.000252247
0.000256777
0.000255585
0.000254631
0.000245094
0.000252008
0.000253201
0.000258923
0.000252485
0.000251532
0.000254631
0.000255585
0.000253916
0.000249624
0.000254154
0.000256300
0.000253916
0.000256538
0.000254869
0.000255823
0.000254393
0.000253916
0.000253201
0.000265360
0.000252008
0.000300407
0.000230551
0.000216722
0.000258207
0.000254869
0.000256300
0.000256300
0.000254154
0.000247478
0.000245094
0.000256538
0.000249863
0.000251055
0.000253916
0.000256062
0.000266314
0.000253677
0.000245094
0.000258207
0.000256777
0.000243664
0.000255823
0.000256538
0.000246286
0.000254154
0.000263214
0.000253439
0.000243187
0.000233412
0.000252485
0.000266314
0.000252962
0.000246763
0.000248194
0.000254154
0.000267029
0.000252247
0.000252485
0.000256062
0.000240088
0.000270605
0.000251055
0.000248671
0.000254631
0.000253439
0.000271082
0.000253916
0.000254154
0.000265121
0.000257969
0.000255108
0.000262499
0.000264645
0.000256777
0.000253677
0.000256300
0.000254393
0.000253439
0.000249386
0.000256300
0.000257015
0.000255108
0.000258446
0.000253439
0.000251770
0.000265360
0.000254393
0.000251770
0.000255823
0.000253201
0.000252485
0.000253677
0.000258684
0.000253439
0.000251055
0.000277996
0.000254154
0.000253916
0.000254631
0.000254631
0.000286818
0.000259161
0.000245333
0.000252724
0.000255823
0.000246763
0.000254154
0.000251055
0.000260353
0.000254393
0.000252008
0.000252962
0.000253916
0.000253677
0.000253201
0.000256300
0.000253439
0.000253677
0.000253677
0.000252962
0.000247955
0.000255585
0.000256300
0.000254393
0.000253677
0.000252724
0.000253916
0.000253201
0.000253916
0.000259161
0.000270605
0.000254154
0.000608444
0.000275373
0.000284672
0.000299931
0.000235319
0.000251293
0.000253439
0.000233173
0.000264883
0.000233650
0.000244617
0.000254631
0.000249147
0.000252485
0.000799179
0.000235319
0.000688076
0.000788927
0.000237703
0.000853062
0.000573158
0.000951052
0.000896215
0.000421047
0.000914812
0.000807047
0.000291586
0.000893593
0.000898600
0.000823975
0.000903845
0.000843287
0.000891447
0.000232935
0.000220537
0.000247717
0.000247717
0.000247240
0.000257730
0.000254869
0.000244617
0.000252247
0.000249624
0.000255585
0.000255346
0.000252247
0.000240088
0.000261307
0.000260353
0.000252962
0.000254869
0.000256300
0.000266790
0.000252247
0.000272274
0.000254393
0.000256777
0.000244617
0.000252008
0.000253201
0.000253916
0.000254869
0.000245571
0.000253916
0.000251770
0.000253201
0.000252485
0.000263929
0.000255585
0.000254154
0.000253677
0.000252247
0.000257254
0.000257254
0.000257015
0.000247478
0.000249386
0.000247717
0.000252724
0.000254631
0.000251293
0.000252247
0.000247955
0.000252485
0.000254631
0.000252962
0.000253916
0.000250340
0.000258207
0.000253916
0.000252247
0.000250340
0.000247002
0.000252962
0.000262976
0.000251770
0.000252724
0.000252962
0.000252724
0.000254393
0.000256062
0.000253439
0.000252724
0.000254631
0.000252008
0.000251770
0.000253201
0.000252962
0.000253439
0.000253677
0.000253677
0.000253677
0.000255585
0.000251532
0.000252008
0.000252962
0.000252008
0.000252008
0.000254154
0.000254869
0.000253201
0.000253677
0.000253916
0.000252247
0.000249147
0.000251055
0.000249624
0.000253916
0.000246286
0.000263929
0.000247955
0.000255108
0.000248194
0.000252724
0.000251532
0.000253677
0.000250101
0.000253677
0.000250816
0.000256062
0.000253201
0.000252485
0.000253201
0.000254869
0.000253916
0.000251293
0.000256538
0.000258684
0.000255585
0.000254869
0.000255585
0.000253677
0.000255823
0.000251055
0.000247717
0.000254393
0.000252485
0.000255585
0.000253916
0.000271320
0.000254869
0.000251770
0.000255108
0.000253677
0.000272274
0.000253677
0.000254154
0.000246286
0.000254154
0.000259876
0.000252724
0.000255108
0.000252962
0.000253201
0.000252962
0.000253201
0.000256062
0.000252247
0.000251055
0.000264883
0.000252962
0.000253916
0.000254393
0.000253201
0.000243425
0.000252724
0.000252247
0.000253201
0.000252724
0.000254154
0.000253916
0.000250578
0.000253439
0.000252485
0.000271797
0.000252485
0.000253677
0.000252724
0.000254154
0.000254154
0.000252247
0.000256777
0.000253201
0.000252247
0.000253916
0.000253677
0.000254393
0.000253677
0.000252724
0.000252008
0.000250340
0.000254869
0.000251293
0.000252485
0.000252485
0.000253916
0.000252724
0.000253677
0.000252724
0.000253439
0.000267506
0.000253916
0.000254869
0.000255823
0.000256777
0.000255585
0.000252962
0.000253201
0.000253439
0.000254631
0.000252247
0.000254393
0.000252485
0.000257254
0.000253677
0.000257969
0.000251770
0.000252485
0.000250816
0.000252247
0.000252247
0.000252962
0.000253916
0.000260592
0.000254393
0.000252962
0.000252485
0.000256062
0.000254393
0.000254393
0.000253677
0.000255823
0.000254393
0.000253677
0.000258446
0.000255823
0.000250101
0.000252962
0.000253201
0.000255108
0.000253916
0.000247478
0.000253916
0.000254154
0.000259399
0.000253916
0.000246048
0.000253677
0.000254393
0.000255585
0.000254154
0.000247717
0.000253677
0.000253916
0.000254869
0.000252008
0.000261307
0.000253916
0.000253916
0.000254393
0.000255585
0.000247717
0.000254154
0.000254393
0.000253201
0.000257254
0.000257254
0.000254393
0.000249147
0.000257969
0.000253677
0.000274658
0.000253916
0.000253677
0.000252724
0.000254869
0.000258684
0.000251770
0.000254631
0.000252962
0.000253677
0.000258446
0.000252962
0.000258923
0.000244617
0.000253916
0.000252008
0.000253439
0.000254631
0.000263214
0.000254631
0.000252247
0.000253916
0.000254393
0.000253201
0.000255108
0.000264645
0.000253916
0.000251770
0.000254393
0.000251770
0.000251055
0.000253201
0.000252485
0.000252724
0.000253677
0.000253677
0.000253677
0.000253439
0.000255346
0.000251293
0.000237465
0.000252962
0.000256062
0.000252008
0.000254154
0.000235558
0.000253677
0.000253439
0.000254869
0.000253201
0.000266790
0.000254154
0.000254393
0.000247955
0.000252008
0.000249863
0.000250816
0.000252962
0.000256300
0.000257254
0.000252008
0.000251532
0.000254631
0.000252962
0.000256300
0.000255823
0.000251770
0.000252247
0.000251293
0.000253916
0.000254154
0.000255108
0.000253439
0.000254393
0.000252724
0.000254393
0.000254393
0.000253677
0.000256062
0.000253201
0.000247478
0.000255823
0.000254393
0.000253439
0.000252008
0.000255346
0.000252485
0.000248909
0.000267982
0.000253916
0.000254631
0.000252247
0.000253439
0.000252962
0.000252485
0.000252485
0.000252724
0.000254154
0.000253677
0.000254869
0.000252724
0.000252724
0.000252247
0.000252962
0.000252962
0.000251055
0.000261068
0.000254631
0.000252008
0.000256062
0.000251293
0.000248194
0.000251532
0.000252962
0.000252485
0.000253677
0.000244379
0.000253201
0.000251770
0.000251770
0.000252485
0.000260592
0.000253439
0.000252724
0.000254869
0.000254154
0.000256538
0.000252962
0.000258207
0.000253677
0.000253677
0.000252247
0.000252724
0.000252247
0.000254154
0.000251293
0.000254154
0.000253677
0.000257015
0.000252724
0.000252485
0.000253439
0.000253439
0.000253201
0.000252962
0.000252485
0.000252485
0.000253439
0.000252247
0.000254631
0.000253201
0.000264883
0.000251293
0.000252008
0.000251293
0.000253439
0.000252724
0.000253916
0.000251293
0.000254869
0.000252247
0.000263453
0.000253677
0.000251532
0.000253916
0.000253916
0.000252962
0.000255108
0.000260115
0.000252724
0.000255346
0.000255585
0.000255108
0.000253916
0.000249624
0.000253916
0.000243902
0.000254393
0.000256538
0.000271797
0.000253439
0.000257254
0.000255585
0.000255346
0.000257015
0.000255108
0.000252008
0.000266075
0.000268459
0.000261784
0.000262976
0.000265837
0.000248671
0.000247717
0.000244379
0.000258446
0.000302076
0.000266075
0.000293255
0.000255108
0.000253916
0.000253916
0.000254393
0.000256777
0.000254393
0.000252485
0.000254393
0.000254154
0.000257492
0.000253439
0.000272274
0.000252485
0.000254393
0.000255585
0.000254393
0.000262022
0.000255585
0.000255346
0.000252247
0.000255585
0.000254631
0.000252247
0.000254393
0.000253916
0.000254154
0.000252962
0.000254154
0.000252008
0.000247478
0.000253439
0.000250101
0.000252962
0.000253201
0.000266314
0.000261068
0.000256538
0.000252008
0.000255108
0.000243902
0.000252962
0.000254393
0.000252724
0.000254393
0.000254154
0.000254631
0.000254631
0.000253916
0.000253677
0.000256777
0.000253916
0.000253201
0.000274420
0.001078606
0.001013041
0.000864267
0.000890493
0.000221491
0.001129627
0.000889540
0.000225544
0.000231743
0.000918865
0.000791311
0.000741243
0.000670671
0.000353098
0.000247478
0.000291586
0.000674486
0.000957489
0.000225067
0.000250340
0.000230074
0.000241995
0.000482559
0.000255346
0.000251532
0.000247717
0.000262022
0.000262022
0.000243425
0.000332832
0.000257254
0.000251055
0.000248909
0.000264883
0.000253201
0.000245810
0.000421524
0.000265837
0.000251293
0.000257730
0.000228882
0.000551701
0.000477076
0.000272512
0.000269890
0.000390053
0.000224113
0.001341581
0.000250816
0.000438213
0.000279665
0.000465393
0.000258207
0.000249863
0.000340939
0.001072884
0.000265121
0.000252724
0.000416279
0.000285149
0.000248432
0.000233412
0.001003981
0.000272989
0.000212669
0.000254631
0.000272274
0.000256777
0.000253916
0.000266075
0.000255823
0.000265360
0.000257254
0.000258446
0.000257254
0.000260830
0.000253201
0.000292063
0.000286579
0.000251770
0.000270605
0.000244856
0.000248194
0.000250101
0.000256300
0.000264645
0.000236750
0.000261545
0.000248671
0.000267267
0.000244141
0.000253916
0.000250101
0.000266075
0.000254631
0.000215292
0.000227928
0.000233173
0.000234604
0.000235796
0.000225067
0.000256062
0.000274181
0.000274420
0.000314236
0.000234365
0.000227451
0.000217676
0.000249386
0.000223398
0.000230789
0.000251770
0.000244856
0.000270367
0.000250101
0.000246286
0.000249624
0.000247002
0.000203609
0.000751019
0.000649452
0.000231743
0.000259638
0.000326395
0.000262260
0.000277519
0.000919104
0.000247955
0.000246286
0.000246048
0.000247002
0.000248909
0.000471592
0.000843763
0.001037598
0.000239372
0.000244856
0.000564098
0.001003504
0.000273705
0.000621557
0.001124382
0.001213551
0.000245810
0.000250340
0.000216484
0.000260115
0.000252724
0.000252247
0.000251532
0.000246286
0.000235796
0.000243187
0.000248432
0.000249386
0.000471830
0.000247002
0.000243425
0.000242710
0.000221252
0.000253916
0.000243187
0.000253916
0.000251532
0.000225306
0.000254869
0.000252247
0.000238180
0.000245571
0.000270128
0.000244617
0.000252247
0.000221014
0.000247240
0.000246763
0.000265598
0.000262737
0.000266314
0.000249624
0.000262022
0.000232697
0.000252724
0.000221491
0.000245333
0.000257730
0.000228167
0.000210285
0.000240326
0.000260115
0.000275373
0.000255346
0.000251293
0.000267744
0.000253677
0.000253677
0.000733852
0.000833035
0.000926495
0.000234604
0.000249386
0.000247478
0.000254154
0.000255585
0.000253201
0.000265360
0.000251055
0.000254154
0.000251532
0.000252008
0.000251532
0.000247002
0.000255823
0.000254154
0.000252485
0.000253677
0.000258207
0.000253201
0.000254631
0.000255585
0.000251055
0.000261068
0.000728130
0.000719309
0.000840187
0.000224829
0.000252962
0.000254154
0.000256062
0.000253677
0.000252962
0.000252485
0.000256777
0.000255585
0.000256538
0.000252247
0.000250816
0.000254154
0.000254154
0.000253439
0.000264645
0.000253916
0.000254154
0.000254869
0.000252962
0.000252962
0.000257730
0.000263453
0.000254869
0.000251770
0.000255108
0.000255346
0.000251293
0.000254154
0.000254631
0.000255108
0.000254393
0.000257254
0.000252485
0.000254393
0.000252962
0.000253201
0.000252247
0.000253916
0.000257015
0.000251770
0.000252724
0.000253677
0.000254393
0.000254154
0.000253677
0.000247240
0.000256300
0.000254393
0.000253201
0.000260115
0.000266314
0.000255108
0.000251770
0.000258923
0.000252485
0.000255346
0.000255346
0.000263214
0.000256300
0.000254393
0.000254154
0.000255585
0.000257015
0.000256300
0.000254154
0.000253916
0.000253439
0.000252724
0.000253916
0.000252724
0.000253439
0.000255585
0.000269890
0.000253201
0.000253677
0.000253916
0.000252247
0.000256538
0.000262737
0.000252247
0.000284195
0.000254631
0.000254393
0.000251055
0.000252962
0.000256538
0.000252962
0.000252247
0.000253439
0.000252247
0.000253439
0.000254631
0.000256062
0.000253201
0.000252485
0.000254631
0.000253201
0.000256062
0.000253916
0.000252485
0.000253439
0.000252962
0.000255108
0.000252485
0.000260115
0.000254154
0.000262976
0.000259161
0.000254393
0.000257969
0.000252724
0.000254869
0.000253201
0.000252962
0.000249624
0.000252724
0.000256538
0.000253916
0.000253916
0.000253916
0.000253916
0.000262976
0.000253439
0.000254393
0.000256538
0.000255823
0.000254393
0.000262737
0.000231266
0.000320911
0.000221014
0.000233889
0.000233650
0.000271082
0.000235081
0.000252485
0.000226974
0.000253916
0.000256538
0.000233650
0.000268698
0.000255585
0.000261307
0.000268459
0.000257969
0.000248671
0.000268936
0.000267744
0.000233650
0.000255346
0.000252247
0.000257254
0.000251532
0.000252485
0.000229359
0.000237703
0.000248909
0.000289202
0.000283718
0.000254631
0.000252008
0.000272274
0.000243902
0.000198126
0.000250578
0.000253677
0.000244617
0.000268459
0.000247002
0.000248194
0.000265360
0.000260115
0.000259638
0.000253677
0.000221968
0.000222445
0.000247240
0.000242949
0.000269651
0.000281334
0.000285149
0.000287294
0.000247002
0.000247240
0.000260592
0.000245571
0.000252724
0.000244617
0.000247002
0.000257730
0.000232220
0.000256062
0.000246048
0.000247717
0.000257492
0.000252008
0.000253439
0.000253916
0.000249147
0.000245333
0.000255108
0.000248432
0.000258207
0.000255108
0.000250816
0.000253916
0.000248432
0.000259638
0.000259876
0.000270367
0.000248909
0.000246048
0.000260592
0.000252724
0.000259161
0.000257254
0.000251055
0.000251770
0.000272512
0.000254631
0.000881672
0.000306845
0.000319958
0.000254154
0.000260115
0.000257015
0.000251293
0.000266552
0.000256300
0.000263214
0.000267982
0.000254154
0.000261307
0.000253677
0.000246525
0.000266552
0.000254393
0.000259638
0.000253201
0.000261068
0.000254154
0.000260115
0.000258684
0.000268936
0.000254631
0.000711441
0.000792265
0.001064539
0.001387119
0.000968218
0.000813246
0.000231028
0.000254631
0.000256538
0.000247478
0.000838995
0.000981569
0.001075983
0.000735283
0.000193357
0.000910759
0.001146078
0.001368284
0.000874043
0.000225782
0.000245810
0.000246286
0.000248909
0.000248194
0.000260830
0.000251055
0.000240088
0.000247717
0.000249863
0.000251293
0.000246525
0.000230551
0.000246763
0.000252724
0.000258446
0.000253201
0.000260592
0.000253201
0.000253201
0.000254393
0.000252962
0.000258446
0.000257254
0.000244856
0.000254393
0.000266075
0.000255346
0.000252247
0.000240326
0.000254154
0.000257730
0.000265598
0.000260115
0.000259161
0.000251055
0.000255823
0.000254154
0.000254393
0.000255823
0.000231028
0.000266552
0.000262260
0.000265837
0.000256062
0.000268936
0.000256538
0.000260353
0.000245571
0.000260592
0.000250340
0.000236034
0.000256538
0.000258923
0.000252247
0.000259638
0.000254869
0.000257969
0.000259876
0.000258446
0.000250101
0.000254154
0.000253439
0.000254869
0.000248909
0.000232220
0.000218630
0.000859737
0.000931263
0.000871420
0.000746489
0.000771761
0.000889540
0.000241280
0.000253201
0.000211239
0.000669241
0.000261545
0.000253201
0.000246525
0.000255585
0.000810862
0.000242233
0.000774384
0.000810385
0.000746727
0.000789404
0.000778198
0.000733852
0.000699759
0.000262499
0.000262737
0.000213146
0.000264168
0.000258446
0.000433683
0.000260592
0.000413656
0.000239849
0.000219822
0.000488043
0.000261307
0.000218153
0.000259638
0.000435352
0.000653267
0.000253916
0.000265837
0.000256538
0.000253916
0.000251055
0.000250101
0.000205517
0.000773668
0.000627279
0.000219345
0.000611782
0.000474215
0.000480890
0.000444651
0.000256062
0.000256538
0.000252962
0.000812769
0.000505209
0.000251770
0.000659466
0.000662804
0.000782251
0.000646591
0.000225306
0.000254393
0.000243902
0.000859022
0.000725985
0.001061678
0.000774860
0.000238895
0.000169754
0.000252247
0.000622272
0.000417471
0.000490904
0.000205755
0.000252008
0.000627756
0.000255823
0.000256777
0.000257015
0.000252247
0.000253201
0.000257254
0.000254631
0.000252247
0.000253201
0.000253916
0.000255823
0.000254154
0.000254154
0.001026630
0.000725508
0.000920534
0.000874043
0.000258923
0.000254154
0.000260115
0.000254631
0.000254869
0.000257015
0.000257254
0.000253916
0.000234365
0.000263453
0.000257730
0.000262022
0.000259638
0.000257730
0.000265121
0.000261784
0.000262022
0.000253677
0.000256062
0.000265837
0.000259161
0.000270367
0.000261307
0.000262260
0.000256062
0.000257730
0.000276327
0.000250816
0.000258446
0.000254154
0.000261784
0.000248432
0.000253916
0.000252724
0.000253677
0.000260353
0.000256300
0.000260592
0.000254154
0.000253201
0.000262022
0.000247478
0.000254393
0.000255346
0.000253916
0.000273943
0.000259638
0.000250816
0.000257730
0.000263214
0.000255108
0.000252962
0.000257254
0.000256062
0.000254393
0.000255108
0.000267029
0.000253677
0.000252962
0.000255585
0.000252962
0.000280142
0.000257254
0.000253916
0.000256538
0.000255108
0.000264883
0.000253439
0.000255823
0.000253201
0.000255823
0.000249386
0.000253439
0.000257492
0.000254154
0.000253439
0.000281572
0.000261307
0.000256062
0.000253916
0.000253916
0.000265121
0.000270367
0.000260592
0.000255823
0.000253201
0.000247717
0.000255346
0.000253439
0.000247478
0.000253201
0.000253916
0.000253677
0.000250340
0.000252724
0.000255346
0.000258446
0.000252724
0.000250816
0.000251293
0.000255346
0.000245333
0.000253439
0.000253439
0.000252485
0.000251293
0.000254154
0.000252485
0.000256062
0.000256538
0.000253677
0.000281096
0.000255346
0.000255346
0.000255823
0.000253916
0.000248194
0.000254631
0.000256777
0.000253201
0.000255346
0.000248194
0.000255108
0.000257254
0.000255346
0.000254631
0.000264645
0.000254154
0.000257254
0.000257015
0.000255585
0.000263214
0.000255585
0.000253439
0.000254631
0.000254393
0.000255585
0.000254631
0.000263453
0.000258207
0.000254869
0.000254393
0.000257015
0.000254393
0.000257254
0.000255585
0.000253916
0.000255346
0.000269175
0.000265360
0.000257969
0.000254869
0.000255823
0.000255823
0.000257969
0.000254154
0.000254869
0.000256062
0.000255108
0.000253916
0.000254393
0.000254631
0.000256300
0.000253916
0.000255346
0.000253439
0.000256538
0.000253439
0.000253677
0.000253439
0.000256062
0.000252247
0.000255823
0.000244617
0.000253439
0.000256777
0.000253439
0.000257254
0.000252247
0.000252008
0.000253439
0.000255823
0.000257730
0.000253201
0.000254393
0.000252962
0.000252962
0.000255108
0.000254393
0.000257254
0.000254154
0.000254154
0.000261545
0.000249147
0.000255585
0.000253916
0.000253677
0.000253916
0.000254631
0.000254631
0.000250816
0.000247002
0.000248909
0.000260830
0.000264883
0.000269413
0.000242710
0.000253439
0.000259399
0.000240088
0.000246048
0.000253677
0.000290632
0.000297785
0.000288486
0.000249624
0.000269413
0.000246763
0.000248671
0.000257015
0.000248909
0.000249386
0.000249147
0.000256062
0.000264883
0.000249147
0.000244617
0.000256538
0.000248671
0.000275373
0.000249386
0.000250816
0.000270844
0.000248432
0.000245094
0.000256062
0.000249386
0.000272036
0.000253677
0.000254869
0.000255823
0.000253916
0.000255108
0.000252485
0.000246525
0.000255585
0.000256538
0.000253201
0.000261307
0.000261784
0.000257969
0.000260353
0.000256062
0.000256300
0.000262260
0.000260592
0.000253439
0.000245094
0.000256300
0.000255585
0.000265121
0.000256300
0.000254393
0.000258923
0.000256538
0.000271559
0.000257015
0.000254869
0.000255108
0.000254154
0.000277281
0.000253916
0.000252485
0.000257492
0.000256538
0.000253677
0.000252962
0.000252962
0.000252962
0.000252962
0.000246286
0.000257254
0.000254393
0.000256777
0.000253439
0.000253677
0.000254154
0.000253677
0.000253916
0.000255585
0.000257730
0.000256777
0.000248671
0.000248671
0.000252008
0.000254393
0.000253916
0.000252247
0.000257730
0.000252962
0.000251532
0.000254869
0.000253439
0.000254393
0.000251532
0.000256777
0.000254154
0.000251055
0.000252962
0.000254393
0.000252962
0.000253916
0.000254393
0.000255346
0.000253677
0.000252247
0.000267506
0.000252962
0.000250578
0.000254154
0.000252485
0.000252247
0.000253916
0.000256538
0.000251293
0.000253677
0.000254154
0.000254631
0.000251770
0.000247955
0.000253677
0.000253916
0.000247955
0.000256538
0.000257015
0.000254154
0.000253439
0.000259638
0.000254393
0.000261545
0.000255108
0.000252724
0.000263691
0.000253201
0.000256538
0.000254869
0.000253916
0.000252485
0.000255108
0.000252485
0.000254393
0.000256777
0.000273705
0.000257254
0.000254393
0.000253916
0.000254869
0.000264645
0.000253201
0.000252724
0.000252962
0.000254393
0.000253201
0.000255346
0.000253439
0.000252247
0.000264168
0.000261068
0.000255823
0.000252962
0.000256538
0.000255346
0.000239372
0.000254869
0.000253201
0.000252247
0.000254154
0.000249863
0.000252485
0.000251770
0.000253201
0.000252008
0.000251532
0.000256538
0.000249863
0.000246286
0.000254631
0.000253439
0.000252247
0.000251532
0.000249386
0.000252962
0.000253439
0.000254869
0.000251055
0.000245333
0.000251532
0.000251055
0.000253916
0.000250816
0.000261068
0.000251770
0.000255346
0.000257969
0.000252485
0.000251770
0.000254631
0.000252247
0.000254154
0.000254154
0.000254154
0.000253439
0.000245571
0.000260830
0.000254631
0.000252724
0.000255346
0.000253677
0.000256538
0.000253439
0.000254154
0.000255585
0.000259638
0.000256300
0.000252724
0.000252247
0.000253439
0.000252962
0.000252962
0.000252247
0.000258207
0.000256300
0.000255108
0.000256300
0.000251770
0.000256062
0.000242472
0.000251770
0.000252724
0.000252247
0.000253439
0.000253677
0.000252485
0.000257730
0.000256538
0.000252485
0.000250340
0.000252485
0.000257492
0.000250578
0.000253439
0.000253201
0.000258446
0.000254631
0.000254154
0.000251293
0.000251770
0.000254154
0.000254154
0.000254154
0.000253201
0.000257969
0.000253677
0.000258684
0.000253201
0.000253677
0.000253201
0.000253677
0.000254869
0.000253201
0.000252247
0.000267267
0.000244617
0.000246286
0.000245571
0.000244141
0.000246048
0.000244856
0.000246048
0.000247955
0.000244141
0.000245333
0.000247478
0.000248671
0.000242710
0.000254154
0.000245571
0.000241995
0.000246286
0.000254393
0.000250340
0.000255346
0.000259399
0.000262737
0.000255108
0.000252724
0.000253677
0.000259876
0.000254393
0.000253439
0.000254154
0.000252008
0.000252962
0.000253439
0.000252962
0.000254631
0.000253201
0.000250340
0.000256300
0.000253916
0.000254154
0.000252247
0.000254393
0.000252247
0.000254154
0.000254393
0.000251532
0.000252962
0.000250816
0.000252008
0.000245571
0.000253916
0.000259638
0.000252724
0.000252485
0.000261545
0.000253677
0.000252008
0.000252724
0.000252485
0.000245333
0.000252008
0.000253677
0.000252724
0.000252962
0.000261307
0.000255108
0.000253439
0.000252962
0.000252485
0.000252008
0.000241995
0.000255585
0.000255346
0.000250816
0.000253439
0.000252724
0.000254154
0.000254393
0.000253916
0.000252724
0.000252962
0.000252485
0.000252724
0.000254631
0.000253201
0.000253916
0.000250578
0.000253677
0.000252008
0.000252485
0.000250816
0.000254154
0.000263691
0.000253677
0.000253201
0.000252247
0.000253201
0.000251055
0.000251293
0.000253201
0.000250340
0.000254154
0.000260353
0.000250578
0.000251293
0.000251770
0.000254154
0.000253677
0.000252962
0.000257730
0.000267506
0.000254631
0.000253916
0.000252247
0.000254393
0.000253916
0.000256538
0.000255108
0.000252962
0.000252962
0.000255108
0.000252247
0.000253439
0.000256062
0.000257015
0.000254869
0.000254154
0.000254154
0.000253201
0.000267982
0.000273466
0.000252247
0.000254869
0.000254631
0.000253439
0.000254393
0.000246763
0.000247240
0.000246286
0.000246763
0.000245094
0.000254631
0.000247002
0.000250578
0.000246286
0.000245571
0.000265360
0.000247717
0.000238419
0.000247240
0.000256538
0.000257730
0.000253677
0.000252247
0.000255823
0.000254869
0.000254631
0.000254393
0.000244141
0.000269651
0.000252485
0.000254393
0.000255346
0.000256062
0.000256300
0.000254631
0.000253916
0.000252962
0.000319958
0.000252247
0.000252008
0.000252962
0.000252247
0.000252247
0.000255108
0.000253201
0.000252247
0.000253677
0.000330210
0.000252724
0.000256062
0.000253439
0.000253201
0.000255585
0.000253916
0.000256062
0.000253916
0.000257015
0.000255823
0.000257492
0.000256538
0.000253439
0.000259876
0.000265360
0.000264168
0.000255585
0.000263214
0.000258446
0.000249624
0.000250578
0.000251293
0.000285387
0.000275373
0.000303745
0.000294209
0.000253677
0.000260115
0.000254393
0.000260353
0.000252962
0.000253916
0.000253916
0.000256538
0.000253201
0.000246286
0.000254631
0.000254393
0.000252724
0.000253677
0.000253677
0.000252962
0.000262737
0.000257254
0.000252247
0.000253439
0.000253439
0.000250816
0.000252485
0.000251770
0.000251770
0.000250578
0.000254869
0.000260830
0.000258684
0.000251770
0.000250816
0.000254631
0.000256777
0.000254869
0.000247002
0.000246286
0.000252962
0.000251532
0.000241995
0.000252962
0.000250578
0.000251055
0.000250101
0.000250340
0.000262022
0.000252247
0.000249624
0.000244617
0.000249147
0.000238657
0.000248432
0.000248194
0.000247478
0.000258923
0.000263214
0.000245810
0.000250340
0.000247717
0.000250340
0.000245094
0.000248194
0.000249147
0.000249147
0.000250340
0.000245810
0.000249147
0.000248194
0.000214100
0.000248432
0.000236273
0.000236034
0.000237942
0.000240326
0.000237703
0.000238419
0.000250101
0.000247717
0.000231266
0.000244617
0.000247955
0.000267744
0.000247240
0.000245094
0.000246525
0.000247478
0.000246048
0.000248194
0.000237226
0.000258446
0.000251055
0.000248432
0.000250101
0.000250340
0.000250340
0.000261545
0.000253439
0.000235319
0.000244379
0.000254393
0.000240088
0.000241518
0.000241995
0.000232458
0.000247240
0.000239611
0.000241041
0.000241041
0.000254154
0.000257254
0.000239849
0.000240088
0.000263929
0.000238657
0.000231266
0.000237465
0.000245810
0.000238657
0.000241756
0.000251293
0.000241041
0.000239134
0.000248432
0.000266552
0.000232935
0.000261545
0.000253201
0.000262976
0.000251055
0.000233650
0.000253439
0.000249624
0.000241518
0.000230789
0.000242233
0.000239849
0.000244379
0.000252485
0.000245333
0.000243902
0.000251055
0.000248671
0.000252962
0.000245094
0.000245094
0.000254154
0.000246286
0.000256300
0.000241756
0.000243664
0.000245571
0.000263453
0.000253677
0.000247002
0.000246763
0.000251532
0.000253439
0.000252485
0.000244856
0.000252724
0.000252724
0.000292301
0.000254154
0.000244379
0.000250578
0.000243187
0.000253201
0.000252962
0.000293493
0.000250101
0.000250101
0.000220299
0.000252724
0.000254631
0.000254631
0.000250578
0.000248194
0.000258207
0.000247717
0.000249863
0.000256300
0.000263214
0.000256062
0.000246286
0.000252724
0.000252724
0.000237465
0.000288725
0.000249624
0.000248671
0.000247478
0.000245810
0.000248194
0.000244617
0.000248432
0.000248909
0.000250578
0.000289440
0.000290632
0.000297070
0.000289679
0.000251055
0.000250340
0.000249624
0.000250101
0.000249624
0.000249624
0.000252247
0.000250340
0.000248671
0.000252247
0.000252962
0.000251055
0.000290155
0.000236034
0.000249624
0.000253677
0.000241756
0.000249624
0.000252724
0.000249624
0.000249624
0.000245810
0.000242472
0.000252962
0.000259161
0.000249147
0.000246763
0.000251055
0.000247002
0.000252008
0.000253916
0.000248909
0.000241995
0.000246286
0.000251532
0.000245810
0.000256538
0.000250816
0.000253439
0.000245333
0.000245810
0.000246525
0.000254631
0.000241280
0.000255823
0.000236750
0.000255823
0.000250340
0.000294685
0.000252962
0.000251055
0.000252962
0.000243425
0.000244856
0.000250578
0.000250816
0.000252247
0.000249147
0.000250816
0.000251532
0.000249386
0.000260830
0.000244617
0.000248909
0.000241280
0.000245571
0.000259161
0.000255346
0.000243664
0.000249863
0.000253677
0.000243664
0.000241995
0.000234604
0.000248432
0.000244141
0.000241995
0.000248432
0.000246525
0.000256538
0.000244379
0.000242472
0.000244379
0.000245571
0.000233889
0.000246286
0.000242949
0.000245810
0.000245571
0.000241756
0.000243902
0.000245333
0.000241518
0.000243902
0.000250101
0.000243187
0.000244856
0.000246525
0.000241995
0.000246048
0.000241995
0.000244617
0.000245094
0.000244617
0.000247478
0.000239611
0.000246763
0.000245094
0.000246763
0.000246763
0.000258446
0.000245810
0.000252485
0.000244856
0.000260592
0.000242233
0.000249147
0.000246286
0.000244617
0.000245810
0.000244856
0.000255346
0.000245810
0.000245094
0.000250101
0.000247955
0.000252485
0.000252247
0.000248671
0.000249624
0.000246048
0.000250578
0.000250101
0.000247955
0.000241041
0.000245571
0.000242710
0.000244856
0.000244856
0.000244379
0.000245571
0.000244617
0.000243664
0.000253916
0.000252008
0.000248671
0.000224352
0.000252247
0.000248194
0.000255108
0.000250578
0.000246048
0.000253439
0.000251532
0.000250816
0.000247478
0.000248432
0.000255585
0.000253439
0.000245810
0.000293255
0.000293732
0.000253916
0.000250816
0.000253201
0.000243902
0.000292301
0.000254393
0.000293255
0.000244141
