0.000242710
0.000287533
0.000276804
0.000263691
0.000275612
0.000276566
0.000278234
0.000276566
0.000278950
0.000275850
0.000276089
0.000277042
0.000267982
0.000276327
0.000343323
0.000275135
0.000273228
0.000309944
0.000272751
0.000275135
0.000273228
0.000257492
0.000273705
0.000276089
0.000276804
0.000277519
0.000277996
0.000273705
0.000276327
0.000273705
0.000289440
0.000277519
0.000274897
0.000357151
0.000294924
0.000277281
0.000276089
0.000280380
0.000274658
0.000278234
0.000276804
0.000275135
0.000277281
0.000275373
0.000275135
0.000277758
0.000276089
0.000276089
0.000274420
0.000275850
0.000348568
0.000275373
0.000275850
0.000276566
0.000277996
0.000279188
0.000275373
0.000274897
0.000274658
0.000273705
0.000276804
0.000275373
0.000265837
0.000267267
0.000271559
0.000281572
0.000294209
0.000275373
0.000264645
0.000334501
0.000274658
0.000278711
0.000276089
0.000277758
0.000274658
0.000275135
0.000278950
0.000284672
0.000276804
0.000278234
0.000277042
0.000276804
0.000303745
0.000276089
0.000276089
0.000343561
0.000279665
0.000279903
0.000283718
0.000277758
0.000283003
0.000278950
0.000277758
0.000278234
0.000277758
0.000279188
0.000311852
0.000274658
0.000294447
0.000278234
0.000276804
0.000272751
0.000273466
0.000272989
0.000273943
0.000274420
0.000287771
0.000273705
0.000273466
0.000276804
0.000274420
0.000273943
0.000272989
0.000274181
0.000276089
0.000263214
0.000276327
0.000273228
0.000273228
0.000274181
0.000270844
0.000272751
0.000274658
0.000274897
0.000277758
0.000273943
0.000266790
0.000268459
0.000264883
0.000271797
0.000288486
0.000275373
0.000270844
0.000273705
0.000275612
0.000272751
0.000273228
0.000273943
0.000278234
0.000279903
0.000272274
0.000274658
0.000272036
0.000271797
0.000269413
0.000274420
0.000262499
0.000271082
0.000275612
0.000274181
0.000274658
0.000275612
0.000278234
0.000275135
0.000275612
0.000275612
0.000276327
0.000277996
0.000273466
0.000277996
0.000276089
0.000275612
0.000276566
0.000277519
0.000278473
0.000274420
0.000278950
0.000273705
0.000273943
0.000272036
0.000273228
0.000272512
0.000271082
0.000269890
0.000272989
0.000276566
0.000300884
0.000269413
0.000274181
0.000277758
0.000273705
0.000270367
0.000263929
0.000273466
0.000270367
0.000272512
0.000274181
0.000272274
0.000273705
0.000273228
0.000273943
0.000262499
0.000266790
0.000266075
0.000275612
0.000272512
0.000272751
0.000274658
0.000274181
0.000277281
0.000262499
0.000272036
0.000272989
0.000274658
0.000271082
0.000271559
0.000270605
0.000271797
0.000271797
0.000265837
0.000275373
0.000274658
0.000275135
0.000283480
0.000285149
0.000272036
0.000273943
0.000274181
0.000271082
0.000272751
0.000274897
0.000273705
0.000273943
0.000273228
0.000274658
0.000274897
0.000273705
0.000272274
0.000275373
0.000273705
0.000274420
0.000270367
0.000272989
0.000271320
0.000272512
0.000273705
0.000259399
0.000272036
0.000271797
0.000274181
0.000273705
0.000271797
0.000272274
0.000275373
0.000273228
0.000276089
0.000272274
0.000289202
0.000272751
0.000270605
0.000271797
0.000273466
0.000272751
0.000270367
0.000271320
0.000272512
0.000269890
0.000265121
0.000283003
0.000272989
0.000270844
0.000267744
0.000271797
0.000271320
0.000272751
0.000273705
0.000272989
0.000274658
0.000272989
0.000276327
0.000278473
0.000272036
0.000271082
0.000272512
0.000274420
0.000272036
0.000273228
0.000274658
0.000274420
0.000272989
0.000293016
0.000275135
0.000272512
0.000274181
0.000274658
0.000272989
0.000267982
0.000272989
0.000272274
0.000276566
0.000274658
0.000274420
0.000273705
0.000276327
0.000274420
0.000274658
0.000287056
0.000285387
0.000272989
0.000272274
0.000272751
0.000270605
0.000261068
0.000269890
0.000272274
0.000274897
0.000272989
0.000270128
0.000267744
0.000270605
0.000268936
0.000270367
0.000272989
0.000285625
0.000284195
0.000272036
0.000272512
0.000285149
0.000267982
0.000257015
0.000272989
0.000273466
0.000273466
0.000262976
0.000264883
0.000267506
0.000274658
0.000279188
0.000272036
0.000270128
0.000285387
0.000287771
0.000273943
0.000272274
0.000267744
0.000268459
0.000271320
0.000267506
0.000271082
0.000272751
0.000314713
0.000267982
0.000274420
0.000272989
0.000265837
0.000273466
0.000273466
0.000284910
0.000272989
0.000273228
0.000276089
0.000273228
0.000262499
0.000274181
0.000273466
0.000274658
0.000274420
0.000276327
0.000273943
0.000267506
0.000280142
0.000276327
0.000272512
0.000271797
0.000286102
0.000272751
0.000266075
0.000273943
0.000275373
0.000272036
0.000276804
0.000272274
0.000271559
0.000266075
0.000273705
0.000274658
0.000273466
0.000274658
0.000271797
0.000274897
0.000274181
0.000291586
0.000279665
0.000274658
0.000273466
0.000272751
0.000274658
0.000275850
0.000272274
0.000259638
0.000265360
0.000278473
0.000275612
0.000272036
0.000276327
0.000278950
0.000273705
0.000275612
0.000266314
0.000276327
0.000324011
0.000270605
0.000275373
0.000274897
0.000273705
0.000274658
0.000274658
0.000291348
0.000271082
0.000274897
0.000272512
0.000273228
0.000273228
0.000283480
0.000281334
0.000288725
0.000288010
0.000284910
0.000288725
0.000287771
0.000287294
0.000285387
0.000287294
0.000336885
0.000289440
0.000285149
0.000288486
0.000259399
0.000288725
0.000284195
0.000286102
0.000286102
0.000286102
0.000356913
0.000286818
0.000283718
0.000287533
0.000289202
0.000289917
0.000287533
0.000288963
0.000286579
0.000285387
0.000287771
0.000288010
0.000289202
0.000219822
0.000237703
0.000269175
0.000288486
0.000285387
0.000288963
0.000285387
0.000283957
0.000291109
0.000286341
0.000283957
0.000295877
0.000295877
0.000287294
0.000286579
0.000286102
0.000286818
0.000281811
0.000279665
0.000285625
0.000286818
0.000286102
0.000283241
0.000290394
0.000286102
0.000286818
0.000292301
0.000293970
0.000288486
0.000288963
0.000287056
0.000291109
0.000289679
0.000290632
0.000289917
0.000291586
0.000262976
0.000278234
0.000268459
0.000271320
0.000292063
0.000286102
0.000290632
0.000286579
0.000288010
0.000284195
0.000288486
0.000284910
0.000284910
0.000288248
0.000285625
0.000286818
0.000287771
0.000283480
0.000278711
0.000282764
0.000284195
0.000284433
0.000284672
0.000286579
0.000264883
0.000286579
0.000285864
0.000286579
0.000284195
0.000261068
0.000262976
0.000284910
0.000285625
0.000285387
0.000285387
0.000292063
0.000288963
0.000285149
0.000279188
0.000286341
0.000289440
0.000286818
0.000281811
0.000288963
0.000266075
0.000285387
0.000288963
0.000285149
0.000285149
0.000284672
0.000289440
0.000288248
0.000269175
0.000287771
0.000286341
0.000285149
0.000268459
0.000284672
0.000326395
0.000309944
0.000271082
0.000292778
0.000284195
0.000285625
0.000287771
0.000288963
0.000288725
0.000288010
0.000287771
0.000288963
0.000284910
0.000288963
0.000286341
0.000287771
0.000283718
0.000288486
0.000284433
0.000285625
0.000283957
0.000287294
0.000286818
0.000286818
0.000287056
0.000289202
0.000287294
0.000285625
0.000285387
0.000287294
0.000284672
0.000284195
0.000286579
0.000280857
0.000294685
0.000286102
0.000285149
0.000290155
0.000264406
0.000285625
0.000288010
0.000287056
0.000285149
0.000283480
0.000280142
0.000286579
0.000285149
0.000287294
0.000282764
0.000289679
0.000284672
0.000283718
0.000289917
0.000287294
0.000283003
0.000288486
0.000286579
0.000287533
0.000282288
0.000286102
0.000286579
0.000281811
0.000293016
0.000288486
0.000289202
0.000291586
0.000289917
0.000291824
0.000291109
0.000286579
0.000291109
0.000287056
0.000290632
0.000283003
0.000286102
0.000288725
0.000289440
0.000283957
0.000291586
0.000285149
0.000286341
0.000284433
0.000282526
0.000292063
0.000285387
0.000287294
0.000288010
0.000288248
0.000282764
0.000288010
0.000284672
0.000287294
0.000288725
0.000289917
0.000285864
0.000289440
0.000289440
0.000294209
0.000289202
0.000289440
0.000288486
0.000286341
0.000286102
0.000292301
0.000272274
0.000283718
0.000288010
0.000282049
0.000291824
0.000287771
0.000285625
0.000286818
0.000283480
0.000286818
0.000285625
0.000280857
0.000289202
0.000284433
0.000282764
0.000285387
0.000286341
0.000284672
0.000287771
0.000288248
0.000287056
0.000292540
0.000286818
0.000289202
0.000292540
0.000284910
0.000291348
0.000287056
0.000286341
0.000288010
0.000284672
0.000286341
0.000289679
0.000283003
0.000288963
0.000288010
0.000287294
0.000288963
0.000288010
0.000287294
0.000288010
0.000287771
0.000286341
0.000289679
0.000289917
0.000284433
0.000283957
0.000286818
0.000285625
0.000286102
0.000286818
0.000291586
0.000287771
0.000291824
0.000291348
0.000286102
0.000293255
0.000291586
0.000287056
0.000286579
0.000285625
0.000286818
0.000288486
0.000284195
0.000288963
0.000286818
0.000289440
0.000285149
0.000281096
0.000286341
0.000289440
0.000289440
0.000287533
0.000284433
0.000289917
0.000288725
0.000288725
0.000283003
0.000287771
0.000275850
0.000288248
0.000289440
0.000287771
0.000288963
0.000287294
0.000285625
0.000288010
0.000290632
0.000283003
0.000285625
0.000284433
0.000290871
0.000276327
0.000286818
0.000290394
0.000283718
0.000288725
0.000284910
0.000285864
0.000292540
0.000283241
0.000289202
0.000261545
0.000284433
0.000284433
0.000282049
0.000284672
0.000285149
0.000286341
0.000285387
0.000282764
0.000284672
0.000279903
0.000295877
0.000285387
0.000282526
0.000282764
0.000287533
0.000281572
0.000283957
0.000286579
0.000283480
0.000286818
0.000286818
0.000284672
0.000284433
0.000285387
0.000283241
0.000286341
0.000281572
0.000279188
0.000279903
0.000295162
0.000284672
0.000285387
0.000285387
0.000285625
0.000289917
0.000281811
0.000289440
0.000267267
0.000287056
0.000280619
0.000290394
0.000283718
0.000292778
0.000249624
0.000295877
0.000282526
0.000282764
0.000283241
0.000286341
0.000282526
0.000284195
0.000282764
0.000284195
0.000283241
0.000283957
0.000283480
0.000287294
0.000286579
0.000288486
0.000284910
0.000284672
0.000284672
0.000286102
0.000282049
0.000285864
0.000280142
0.000289202
0.000284672
0.000288248
0.000285864
0.000288486
0.000285625
0.000279665
0.000276566
0.000265360
0.000268221
0.000280380
0.000279188
0.000280619
0.000289917
0.000293016
0.000297308
0.000299931
0.000288248
0.000290394
0.000273943
0.000288963
0.000282049
0.000284672
0.000283003
0.000285387
0.000282764
0.000274420
0.000281572
0.000286579
0.000286579
0.000286102
0.000290394
0.000282288
0.000280380
0.000287294
0.000283957
0.000247955
0.000229597
0.000288725
0.000284672
0.000283241
0.000265598
0.000284910
0.000282288
0.000285387
0.000284195
0.000264406
0.000284195
0.000284433
0.000283718
0.000283957
0.000266790
0.000286579
0.000285149
0.000284195
0.000285625
0.000273943
0.000281334
0.000286579
0.000284672
0.000284910
0.000267267
0.000284910
0.000286341
0.000288963
0.000284195
0.000288248
0.000283718
0.000288963
0.000286818
0.000287294
0.000282764
0.000283480
0.000286102
0.000283957
0.000287294
0.000284910
0.000285864
0.000284433
0.000288486
0.000284433
0.000285625
0.000285149
0.000287533
0.000282764
0.000286818
0.000284672
0.000283718
0.000286102
0.000287533
0.000284195
0.000282526
0.000286341
0.000285149
0.000257969
0.000299931
0.000293493
0.000285625
0.000283480
0.000288248
0.000283003
0.000288963
0.000289202
0.000283957
0.000283957
0.000287056
0.000280619
0.000276804
0.000282049
0.000287771
0.000283718
0.000283003
0.000284195
0.000287771
0.000283241
0.000286579
0.000270128
0.000285864
0.000288963
0.000287771
0.000284433
0.000284672
0.000285864
0.000283003
0.000290155
0.000287056
0.000295639
0.000288963
0.000284910
0.000282526
0.000286102
0.000285864
0.000285387
0.000288486
0.000284433
0.000282288
0.000281096
0.000283241
0.000286102
0.000285864
0.000283003
0.000283003
0.000283241
0.000288725
0.000284195
0.000285864
0.000283718
0.000283718
0.000286341
0.000284672
0.000285387
0.000283241
0.000282764
0.000286818
0.000289917
0.000292540
0.000285149
0.000288010
0.000285149
0.000279427
0.000287533
0.000289440
0.000283718
0.000285149
0.000286579
0.000286818
0.000282049
0.000284910
0.000290155
0.000287056
0.000282764
0.000283957
0.000284433
0.000285625
0.000268698
0.000290155
0.000284910
0.000282288
0.000288486
0.000280619
0.000286818
0.000285864
0.000288486
0.000289679
0.000286579
0.000284672
0.000288486
0.000284910
0.000288010
0.000284910
0.000287771
0.000285387
0.000285149
0.000289917
0.000284910
0.000286579
0.000286818
0.000288963
0.000283957
0.000288486
0.000266075
0.000286818
0.000289202
0.000286579
0.000287056
0.000293016
0.000285149
0.000286102
0.000279665
0.000292778
0.000287533
0.000288248
0.000268936
0.000288248
0.000288248
0.000289679
0.000283241
0.000287771
0.000257730
0.000286102
0.000281334
0.000288248
0.000284195
0.000275850
0.000284672
0.000281334
0.000284433
0.000283241
0.000265837
0.000286579
0.000288010
0.000275135
0.000285625
0.000277996
0.000285625
0.000286341
0.000283957
0.000283003
0.000283480
0.000284433
0.000284910
0.000290632
0.000286818
0.000281572
0.000291348
0.000286818
0.000282764
0.000286102
0.000290632
0.000284433
0.000284672
0.000276804
0.000269651
0.000287533
0.000287056
0.000284433
0.000286341
0.000283480
0.000283241
0.000281334
0.000283957
0.000286341
0.000291586
0.000287056
0.000282288
0.000285864
0.000264883
0.000287771
0.000281334
0.000285864
0.000283957
0.000257015
0.000288248
0.000282526
0.000286341
0.000285387
0.000284910
0.000286579
0.000287294
0.000282288
0.000284195
0.000285864
0.000286102
0.000284195
0.000283241
0.000284433
0.000282764
0.000264168
0.000283480
0.000291109
0.000287056
0.000281334
0.000271320
0.000266552
0.000284433
0.000283003
0.000286818
0.000282526
0.000276804
0.000284195
0.000284195
0.000286579
0.000283003
0.000276089
0.000289679
0.000286341
0.000283003
0.000287533
0.000263929
0.000284195
0.000282288
0.000283718
0.000285387
0.000277996
0.000286102
0.000279188
0.000282764
0.000283241
0.000267029
0.000282049
0.000284910
0.000285387
0.000286818
0.000282764
0.000287771
0.000284433
0.000283241
0.000282049
0.000281572
0.000283957
0.000285864
0.000282526
0.000283480
0.000289440
0.000286102
0.000286102
0.000281811
0.000249863
0.000282288
0.000285149
0.000285387
0.000281096
0.000285864
0.000286341
0.000284195
0.000282526
0.000284910
0.000282288
0.000283480
0.000283241
0.000280857
0.000282049
0.000283480
0.000283480
0.000280619
0.000288725
0.000285149
0.000286579
0.000287771
0.000280619
0.000276566
0.000283241
0.000287533
0.000283718
0.000277758
0.000283480
0.000263214
0.000279188
0.000279665
0.000277042
0.000278950
0.000279903
0.000282764
0.000281811
0.000283003
0.000280142
0.000272274
0.000274420
0.000275612
0.000275612
0.000266552
0.000255346
0.000264406
0.000284195
0.000269890
0.000283003
0.000275612
0.000310421
0.000279427
0.000275373
0.000260830
0.000278234
0.000278234
0.000281334
0.000278234
0.000279427
0.000274420
0.000277519
0.000273466
0.000276327
0.000274181
0.000278711
0.000282526
0.000280619
0.000273228
0.000277519
0.000277996
0.000277996
0.000279427
0.000275850
0.000277281
0.000277519
0.000278473
0.000271320
0.000277996
0.000275850
0.000271320
0.000278473
0.000278473
0.000281334
0.000270367
0.000276566
0.000281334
0.000278950
0.000291586
0.000280857
0.000261545
0.000279903
0.000283003
0.000279903
0.000261545
0.000289679
0.000270367
0.000272512
0.000276327
0.000279665
0.000283003
0.000276327
0.000280142
0.000275612
0.000280619
0.000286102
0.000280619
0.000279665
0.000277758
0.000289679
0.000281096
0.000279427
0.000279427
0.000282049
0.000278711
0.000266075
0.000276804
0.000272512
0.000284433
0.000277758
0.000258207
0.000286341
0.000274181
0.000280142
0.000273228
0.000272989
0.000283241
0.000284195
0.000282526
0.000280142
0.000273705
0.000280142
0.000277519
0.000277281
0.000265360
0.000266552
0.000262976
0.000277519
0.000271320
0.000277996
0.000265360
0.000284433
0.000301600
0.000301361
0.000307322
0.000299692
0.000286102
0.000287771
0.000283003
0.000282526
0.000280619
0.000280857
0.000278950
0.000279665
0.000262976
0.000284433
0.000282764
0.000280142
0.000279903
0.000284672
0.000280380
0.000282049
0.000279665
0.000282764
0.000268459
0.000276566
0.000286102
0.000286102
0.000286341
0.000282049
0.000283241
0.000278950
0.000281572
0.000280857
0.000290155
0.000278711
0.000278711
0.000284910
0.000283957
0.000281334
0.000279903
0.000281811
0.000278950
0.000283003
0.000325203
0.000280857
0.000283003
0.000283718
0.000280619
0.000272274
0.000282288
0.000281096
0.000279903
0.000280619
0.000262499
0.000282288
0.000282526
0.000286341
0.000282526
0.000265598
0.000280619
0.000280619
0.000279903
0.000282526
0.000266552
0.000283957
0.000283718
0.000280857
0.000283241
0.000275373
0.000280142
0.000283241
0.000279665
0.000285149
0.000278473
0.000284195
0.000281334
0.000280619
0.000284195
0.000290155
0.000284910
0.000284672
0.000279903
0.000288963
0.000282049
0.000281096
0.000285864
0.000283480
0.000260353
0.000278711
0.000285625
0.000290632
0.000283957
0.000283241
0.000279427
0.000282526
0.000285625
0.000258923
0.000284910
0.000282049
0.000282526
0.000283241
0.000260830
0.000281334
0.000282049
0.000281334
0.000281334
0.000281096
0.000282764
0.000278711
0.000279903
0.000283241
0.000255108
0.000283241
0.000281811
0.000281096
0.000282526
0.000282764
0.000279903
0.000281334
0.000280619
0.000283480
0.000271320
0.000283003
0.000285149
0.000282288
0.000281334
0.000290155
0.000285864
0.000289679
0.000280380
0.000281572
0.000279665
0.000283003
0.000279665
0.000281096
0.000281572
0.000283480
0.000282526
0.000282526
0.000279665
0.000288010
0.000279903
0.000280142
0.000278711
0.000278234
0.000266790
0.000267029
0.000277042
0.000282764
0.000277281
0.000283003
0.000282764
0.000284433
0.000282049
0.000280619
0.000286102
0.000285149
0.000284672
0.000282764
0.000280380
0.000283480
0.000284195
0.000281334
0.000282764
0.000278234
0.000280619
0.000279665
0.000281811
0.000281811
0.000280619
0.000280142
0.000281096
0.000280380
0.000281334
0.000282526
0.000286579
0.000275612
0.000282526
0.000281096
0.000278473
0.000279427
0.000282764
0.000280857
0.000283957
0.000277996
0.000278711
0.000281334
0.000283718
0.000286102
0.000260353
0.000280619
0.000279665
0.000281334
0.000278950
0.000281334
0.000280619
0.000282288
0.000281096
0.000283480
0.000262737
0.000286102
0.000281334
0.000277996
0.000283241
0.000262976
0.000279903
0.000278950
0.000279427
0.000282526
0.000276089
0.000283003
0.000282288
0.000281811
0.000279903
0.000287533
0.000282764
0.000282526
0.000285149
0.000286102
0.000279427
0.000283241
0.000279427
0.000283003
0.000279427
0.000277281
0.000283003
0.000282288
0.000283241
0.000283718
0.000281572
0.000280857
0.000275135
0.000280142
0.000285149
0.000281334
0.000280619
0.000240326
0.000281572
0.000281334
0.000281572
0.000281334
0.000279188
0.000283241
0.000280619
0.000280142
0.000284910
0.000272989
0.000283241
0.000281572
0.000281334
0.000279903
0.000281572
0.000282764
0.000284433
0.000285625
0.000285149
0.000282049
0.000282288
0.000282764
0.000281096
0.000279665
0.000281811
0.000260353
0.000269651
0.000282288
0.000282764
0.000284433
0.000284672
0.000270605
0.000286341
0.000283480
0.000283957
0.000282288
0.000274181
0.000281334
0.000282288
0.000282764
0.000287533
0.000283480
0.000280619
0.000286818
0.000279427
0.000281572
0.000279903
0.000278711
0.000272036
0.000280380
0.000283003
0.000281096
0.000284433
0.000285864
0.000280619
0.000284672
0.000279665
0.000282288
0.000285149
0.000264883
0.000283957
0.000281572
0.000282049
0.000278473
0.000279903
0.000281096
0.000278950
0.000285864
0.000282526
0.000280857
0.000283957
0.000278711
0.000285387
0.000280857
0.000284433
0.000280619
0.000282288
0.000283957
0.000281572
0.000295877
0.000282288
0.000288010
0.000283003
0.000285149
0.000283480
0.000281572
0.000281334
0.000283480
0.000281334
0.000282764
0.000284195
0.000287056
0.000278234
0.000279427
0.000285149
0.000281572
0.000285149
0.000284433
0.000284672
0.000286579
0.000288248
0.000285387
0.000283957
0.000280380
0.000285387
0.000283003
0.000285149
0.000280619
0.000288248
0.000285625
0.000288010
0.000284672
0.000284672
0.000284672
0.000283957
0.000280857
0.000284195
0.000284195
0.000282764
0.000280380
0.000286579
0.000283003
0.000285387
0.000288963
0.000278711
0.000283718
0.000281096
0.000286579
0.000254869
0.000284195
0.000287771
0.000280857
0.000281572
0.000262737
0.000283003
0.000280142
0.000282288
0.000271559
0.000283718
0.000285864
0.000278950
0.000278711
0.000284672
0.000275135
0.000283241
0.000282049
0.000284433
0.000280142
0.000262499
0.000284195
0.000281572
0.000281572
0.000285149
0.000282288
0.000284195
0.000280619
0.000284910
0.000283957
0.000283480
0.000283480
0.000260115
0.000284910
0.000281096
0.000282526
0.000283003
0.000251532
0.000280857
0.000280857
0.000285149
0.000281811
0.000274181
0.000282764
0.000284910
0.000275612
0.000287294
0.000302553
0.000281811
0.000283718
0.000288248
0.000286341
0.000287771
0.000283003
0.000288010
0.000283241
0.000285149
0.000282288
0.000284910
0.000285864
0.000288010
0.000283957
0.000290394
0.000285625
0.000287056
0.000282288
0.000278234
0.000279665
0.000284433
0.000280857
0.000283003
0.000283480
0.000280142
0.000281572
0.000284910
0.000275135
0.000279188
0.000281096
0.000283003
0.000277042
0.000272036
0.000282526
0.000285625
0.000284195
0.000290632
0.000290394
0.000284910
0.000278234
0.000284433
0.000282764
0.000252008
0.000283480
0.000258923
0.000265121
0.000264168
0.000271797
0.000276089
0.000277281
0.000271797
0.000298500
0.000301600
0.000319719
0.000297308
0.000286102
0.000283003
0.000277996
0.000282288
0.000283241
0.000282288
0.000283957
0.000279427
0.000280857
0.000280857
0.000283003
0.000281334
0.000278950
0.000281811
0.000282288
0.000279427
0.000282764
0.000285864
0.000284433
0.000285149
0.000278711
0.000282288
0.000278950
0.000286341
0.000282764
0.000284195
0.000276566
0.000286102
0.000284433
0.000283957
0.000280857
0.000281811
0.000279427
0.000283480
0.000281572
0.000284910
0.000279903
0.000282526
0.000281811
0.000283957
0.000283480
0.000283003
0.000285387
0.000282764
0.000282526
0.000264406
0.000281572
0.000282764
0.000284195
0.000288725
0.000261545
0.000283003
0.000283241
0.000283003
0.000284433
0.000279665
0.000283957
0.000283241
0.000280380
0.000267506
0.000286102
0.000278950
0.000281334
0.000272989
0.000280142
0.000281572
0.000274181
0.000284195
0.000284433
0.000278711
0.000282764
0.000284195
0.000278950
0.000280857
0.000285387
0.000277996
0.000282526
0.000283718
0.000283480
0.000277042
0.000283957
0.000281811
0.000283718
0.000261545
0.000282288
0.000280142
0.000284672
0.000284433
0.000272274
0.000282526
0.000279427
0.000283241
0.000280857
0.000264406
0.000281811
0.000281811
0.000283003
0.000284910
0.000283241
0.000289440
0.000282764
0.000282288
0.000281334
0.000284433
0.000281096
0.000281334
0.000281334
0.000278711
0.000280857
0.000284195
0.000286579
0.000278711
0.000282049
0.000280380
0.000280857
0.000281334
0.000283241
0.000284910
0.000285864
0.000283718
0.000286818
0.000280142
0.000283718
0.000284672
0.000287533
0.000285625
0.000283480
0.000283480
0.000283241
0.000285625
0.000282526
0.000284672
0.000282049
0.000281572
0.000282049
0.000279903
0.000284672
0.000288963
0.000283957
0.000283718
0.000284433
0.000284433
0.000259161
0.000288725
0.000284195
0.000268698
0.000275850
0.000284672
0.000284672
0.000283480
0.000263453
0.000277519
0.000279903
0.000281096
0.000288010
0.000282526
0.000284433
0.000286579
0.000273943
0.000282764
0.000278711
0.000283480
0.000283480
0.000269413
0.000283003
0.000280857
0.000283957
0.000286102
0.000286102
0.000291109
0.000286341
0.000284433
0.000288725
0.000286579
0.000284672
0.000287056
0.000286341
0.000282526
0.000284672
0.000286102
0.000284433
0.000274658
0.000282526
0.000280619
0.000284910
0.000283957
0.000287056
0.000280142
0.000283003
0.000285149
0.000285864
0.000280380
0.000282288
0.000283480
0.000284195
0.000281572
0.000282288
0.000281096
0.000283241
0.000284672
0.000283241
0.000264406
0.000284433
0.000285387
0.000279188
0.000281334
0.000281096
0.000281334
0.000281096
0.000261307
0.000283480
0.000281334
0.000278234
0.000280380
0.000262260
0.000284195
0.000278950
0.000280142
0.000284433
0.000282764
0.000284910
0.000282288
0.000287771
0.000282764
0.000280619
0.000283003
0.000283480
0.000277281
0.000283241
0.000284910
0.000280857
0.000278950
0.000285864
0.000281096
0.000274658
0.000282049
0.000282764
0.000289440
0.000280619
0.000281334
0.000280619
0.000284433
0.000281811
0.000614166
0.000286102
0.000284195
0.000282764
0.000283480
0.000283480
0.000252724
0.000278950
0.000282049
0.000281811
0.000283003
0.000282764
0.000279427
0.000282764
0.000280857
0.000281096
0.000270605
0.000284433
0.000281334
0.000282526
0.000281572
0.000281334
0.000281334
0.000283003
0.000281096
0.000282764
0.000286818
0.000286341
0.000289202
0.000281811
0.000263691
0.000277758
0.000283718
0.000283241
0.000286102
0.000281096
0.000280857
0.000279665
0.000284195
0.000277996
0.000282288
0.000278950
0.000281811
0.000284433
0.000279665
0.000285387
0.000281334
0.000280380
0.000280142
0.000279903
0.000281334
0.000277996
0.000278234
0.000277996
0.000281334
0.000279188
0.000277281
0.000283718
0.000280380
0.000283718
0.000281572
0.000276804
0.000281334
0.000278950
0.000284910
0.000280619
0.000262499
0.000282764
0.000282288
0.000281334
0.000282526
0.000264883
0.000280142
0.000282764
0.000280619
0.000283957
0.000257015
0.000283957
0.000281811
0.000280619
0.000281572
0.000262737
0.000282764
0.000285387
0.000278950
0.000286102
0.000289440
0.000277996
0.000280142
0.000280619
0.000286102
0.000270367
0.000283957
0.000285149
0.000285625
0.000284672
0.000267506
0.000285625
0.000283957
0.000277519
0.000283718
0.000281572
0.000278234
0.000281572
0.000281572
0.000282764
0.000290871
0.000284195
0.000284672
0.000262260
0.000283718
0.000282526
0.000283718
0.000284910
0.000287533
0.000283241
0.000284672
0.000282288
0.000281096
0.000280142
0.000283718
0.000282288
0.000283957
0.000284195
0.000284910
0.000283241
0.000284672
0.000294924
0.000284672
0.000284910
0.000285864
0.000282526
0.000277996
0.000283480
0.000284910
0.000278473
0.000284195
0.000277758
0.000281572
0.000283718
0.000281334
0.000281572
0.000281811
0.000280857
0.000283718
0.000284195
0.000283003
0.000280142
0.000283718
0.000281096
0.000282288
0.000281572
0.000283480
0.000281096
0.000277758
0.000279903
0.000287771
0.000276804
0.000282049
0.000278950
0.000280857
0.000283241
0.000274658
0.000285625
0.000281096
0.000278234
0.000286579
0.000262499
0.000286818
0.000279188
0.000279903
0.000279665
0.000270128
0.000280380
0.000279665
0.000280142
0.000281572
0.000260353
0.000281572
0.000281811
0.000281572
0.000278950
0.000275612
0.000280857
0.000279665
0.000284195
0.000280857
0.000274897
0.000290871
0.000282526
0.000280619
0.000280619
0.000270128
0.000279665
0.000280380
0.000281572
0.000288725
0.000258923
0.000279665
0.000279665
0.000279427
0.000280619
0.000275612
0.000281096
0.000279903
0.000280857
0.000282764
0.000293255
0.000279188
0.000263214
0.000262260
0.000262976
0.000265598
0.000274420
0.000278711
0.000266552
0.000290871
0.000308514
0.000298977
0.000300407
0.000280380
0.000281334
0.000275850
0.000289202
0.000282288
0.000278711
0.000287771
0.000272274
0.000281096
0.000281811
0.000281572
0.000283718
0.000292063
0.000278950
0.000282288
0.000281096
0.000282764
0.000293970
0.000279665
0.000277519
0.000282764
0.000283480
0.000271082
0.000286102
0.000277519
0.000282049
0.000281572
0.000285864
0.000282288
0.000285625
0.000280380
0.000280619
0.000285864
0.000280857
0.000282288
0.000279427
0.000283241
0.000266790
0.000278950
0.000284910
0.000286818
0.000282764
0.000279427
0.000271082
0.000275850
0.000278711
0.000281811
0.000278950
0.000281096
0.000275612
0.000280619
0.000285864
0.000283718
0.000281334
0.000279188
0.000282288
0.000282526
0.000282288
0.000279427
0.000282288
0.000282288
0.000284195
0.000278711
0.000280142
0.000279903
0.000279427
0.000285625
0.000281572
0.000280619
0.000281096
0.000280380
0.000282049
0.000282049
0.000278234
0.000284910
0.000290394
0.000282288
0.000281572
0.000279427
0.000280619
0.000272989
0.000280380
0.000281572
0.000272036
0.000277042
0.000285149
0.000283718
0.000277281
0.000278950
0.000280619
0.000289917
0.000280380
0.000288248
0.000280142
0.000283957
0.000272274
0.000290155
0.000282049
0.000280857
0.000281572
0.000289917
0.000283003
0.000279427
0.000280857
0.000284672
0.000283003
0.000279188
0.000281334
0.000281811
0.000280380
0.000280380
0.000282288
0.000280619
0.000280619
0.000280857
0.000281096
0.000280857
0.000279665
0.000286579
0.000280619
0.000283718
0.000280857
0.000281811
0.000280142
0.000275373
0.000282764
0.000283718
0.000280142
0.000283003
0.000280380
0.000280857
0.000280380
0.000282526
0.000300646
0.000279427
0.000283003
0.000279188
0.000279903
0.000280142
0.000279665
0.000282526
0.000283480
0.000278950
0.000278711
0.000282049
0.000281096
0.000262499
0.000281334
0.000283003
0.000281572
0.000279903
0.000277996
0.000280619
0.000279903
0.000278234
0.000281811
0.000285625
0.000280619
0.000281572
0.000256777
0.000277519
0.000284433
0.000279903
0.000282526
0.000270844
0.000284672
0.000281096
0.000263453
0.000278473
0.000278711
0.000281811
0.000284672
0.000278473
0.000281096
0.000282288
0.000283957
0.000280380
0.000281334
0.000281572
0.000280857
0.000280142
0.000280142
0.000278234
0.000280142
0.000281572
0.000280619
0.000290155
0.000281334
0.000279665
0.000279188
0.000281334
0.000280857
0.000284195
0.000282764
0.000281572
0.000275373
0.000279188
0.000281096
0.000280380
0.000278950
0.000280619
0.000281096
0.000278950
0.000274658
0.000277281
0.000279665
0.000279427
0.000278950
0.000274658
0.000277996
0.000277042
0.000254869
0.000271082
0.000277996
0.000273466
0.000273466
0.000290155
0.000274181
0.000271082
0.000271082
0.000272989
0.000272512
0.000273943
0.000273228
0.000271797
0.000271559
0.000273466
0.000268698
0.000272751
0.000272274
0.000273466
0.000272036
0.000269890
0.000273228
0.000277281
0.000272989
0.000272036
0.000271559
0.000272751
0.000271320
0.000273466
0.000270128
0.000270128
0.000272989
0.000271320
0.000273466
0.000279427
0.000261545
0.000275135
0.000274181
0.000273228
0.000272989
0.000251532
0.000277758
0.000277042
0.000282288
0.000275612
0.000263929
0.000277281
0.000275612
0.000277042
0.000281334
0.000275850
0.000277519
0.000274181
0.000269175
0.000271797
0.000282049
0.000272751
0.000277519
0.000269413
0.000278950
0.000277996
0.000268936
0.000271559
0.000279188
0.000277281
0.000272274
0.000278711
0.000275850
0.000277996
0.000272274
0.000273228
0.000276804
0.000281811
0.000277758
0.000278234
0.000272512
0.000279188
0.000270367
0.000270605
0.000280142
0.000275373
0.000272989
0.000269413
0.000282049
0.000270605
0.000285625
0.000280857
0.000283241
0.000277758
0.000280857
0.000276089
0.000282764
0.000283480
0.000277519
0.000283718
0.000289917
0.000280142
0.000282526
0.000278950
0.000284195
0.000265598
0.000280857
0.000282049
0.000278234
0.000281811
0.000279665
0.000280619
0.000282526
0.000279427
0.000279188
0.000278234
0.000280619
0.000277758
0.000282526
0.000280857
0.000283957
0.000280380
0.000276327
0.000277758
0.000278473
0.000282049
0.000280857
0.000274897
0.000278950
0.000284672
0.000284910
0.000283241
0.000266314
0.000278950
0.000283241
0.000280380
0.000283241
0.000275373
0.000280857
0.000280142
0.000268459
0.000282288
0.000280380
0.000277519
0.000280857
0.000280857
0.000278950
0.000288010
0.000283241
0.000280380
0.000281096
0.000281096
0.000276566
0.000280619
0.000281096
0.000285387
0.000285387
0.000273228
0.000277996
0.000271797
0.000282049
0.000283241
0.000277519
0.000282526
0.000281811
0.000280857
0.000280619
0.000261068
0.000280857
0.000280380
0.000280619
0.000280142
0.000272989
0.000279427
0.000282764
0.000282526
0.000280380
0.000264168
0.000282526
0.000277281
0.000271320
0.000282049
0.000272274
0.000278711
0.000278473
0.000281096
0.000279188
0.000260353
0.000283003
0.000284672
0.000279665
0.000283480
0.000253201
0.000280857
0.000277519
0.000282764
0.000281334
0.000253916
0.000281096
0.000279188
0.000285387
0.000283003
0.000277996
0.000281811
0.000280142
0.000281096
0.000283957
0.000260830
0.000284433
0.000285149
0.000279665
0.000281096
0.000275612
0.000278473
0.000278950
0.000279665
0.000281334
0.000267267
0.000281096
0.000285387
0.000277996
0.000282049
0.000261545
0.000279665
0.000278711
0.000280619
0.000280619
0.000280380
0.000278473
0.000279903
0.000281334
0.000281811
0.000278711
0.000280380
0.000279903
0.000283241
0.000283957
0.000260830
0.000282526
0.000278711
0.000283718
0.000282764
0.000263691
0.000279427
0.000280142
0.000282526
0.000275373
0.000252008
0.000279427
0.000277281
0.000274897
0.000277042
0.000288248
0.000299931
0.000299931
0.000322580
0.000297308
0.000285149
0.000278950
0.000279665
0.000281096
0.000280619
0.000292540
0.000283480
0.000279427
0.000278473
0.000278950
0.000284910
0.000272989
0.000282764
0.000283241
0.000280619
0.000282764
0.000279188
0.000282526
0.000278473
0.000281572
0.000281334
0.000292301
0.000282288
0.000283957
0.000278234
0.000289679
0.000282288
0.000280142
0.000278473
0.000283718
0.000282288
0.000281811
0.000279903
0.000280142
0.000281811
0.000282764
0.000282288
0.000277281
0.000283241
0.000281096
0.000281096
0.000278234
0.000280857
0.000282526
0.000282764
0.000288010
0.000280142
0.000279427
0.000280142
0.000280380
0.000288486
0.000273228
0.000286818
0.000280857
0.000281334
0.000257015
0.000280380
0.000279665
0.000281096
0.000283718
0.000268698
0.000256300
0.000269890
0.000280857
0.000281811
0.000278473
0.000278473
0.000281572
0.000283003
0.000278950
0.000275850
0.000278711
0.000279903
0.000281334
0.000280619
0.000278473
0.000275850
0.000280380
0.000279903
0.000282049
0.000277519
0.000281334
0.000283003
0.000282764
0.000282049
0.000275850
0.000281334
0.000278234
0.000282288
0.000278473
0.000281572
0.000272751
0.000277281
0.000279903
0.000279188
0.000292301
0.000279188
0.000282526
0.000278950
0.000279665
0.000290871
0.000286341
0.000275612
0.000280619
0.000280619
0.000287771
0.000277519
0.000282049
0.000283241
0.000283241
0.000289917
0.000278950
0.000284433
0.000285149
0.000277042
0.000280142
0.000279427
0.000281811
0.000280857
0.000282049
0.000284195
0.000281572
0.000278950
0.000281811
0.000277281
0.000290394
0.000281572
0.000275850
0.000279903
0.000280142
0.000281811
0.000281811
0.000282764
0.000278950
0.000279903
0.000278473
0.000280857
0.000283480
0.000279188
0.000280857
0.000278950
0.000283957
0.000285625
0.000278950
0.000281096
0.000262022
0.000280380
0.000281096
0.000281096
0.000278711
0.000254631
0.000282526
0.000278711
0.000280619
0.000279903
0.000281811
0.000282049
0.000279188
0.000282288
0.000283241
0.000280857
0.000280857
0.000279188
0.000279427
0.000279665
0.000283241
0.000281811
0.000278950
0.000279188
0.000283957
0.000280857
0.000281811
0.000272751
0.000281572
0.000280142
0.000279903
0.000277996
0.000282049
0.000279188
0.000270605
0.000260353
0.000284195
0.000282764
0.000282049
0.000281811
0.000264645
0.000281096
0.000280857
0.000282049
0.000283957
0.000268936
0.000262737
0.000266790
0.000283718
0.000280619
0.000278234
0.000278950
0.000282288
0.000281334
0.000286579
0.000281811
0.000279665
0.000285149
0.000286341
0.000279427
0.000271559
0.000279903
0.000280619
0.000282049
0.000277042
0.000283480
0.000281096
0.000279427
0.000280380
0.000278950
0.000288248
0.000279903
0.000282764
0.000281572
0.000284672
0.000287533
0.000281572
0.000281096
0.000284195
0.000278950
0.000279188
0.000279188
0.000274181
0.000278473
0.000287771
0.000268936
0.000280619
0.000284433
0.000283003
0.000284672
0.000283957
0.000279427
0.000283957
0.000261307
0.000281334
0.000279665
0.000287056
0.000278950
0.000281334
0.000280380
0.000281096
0.000281096
0.000281096
0.000275850
0.000278950
0.000275373
0.000279665
0.000280142
0.000282764
0.000280619
0.000283480
0.000283718
0.000280380
0.000284195
0.000283003
0.000288486
0.000286341
0.000287056
0.000282526
0.000285387
0.000277281
0.000280619
0.000284195
0.000281572
0.000281572
0.000277519
0.000283718
0.000281811
0.000282049
0.000281096
0.000274181
0.000289440
0.000280619
0.000282049
0.000279427
0.000284672
0.000281572
0.000279427
0.000281096
0.000280619
0.000288486
0.000282764
0.000282526
0.000262976
0.000282288
0.000285387
0.000281334
0.000282764
0.000281096
0.000283003
0.000281096
0.000279188
0.000285149
0.000280619
0.000283480
0.000284910
0.000281096
0.000282526
0.000285864
0.000282288
0.000282764
0.000281334
0.000285387
0.000285387
0.000283480
0.000283003
0.000282764
0.000284910
0.000278473
