0.011545658
0.000910521
0.000952721
0.000841379
0.000814438
0.000970364
0.000957012
0.000985622
0.000962973
0.000965357
0.000837803
0.000961542
0.000828028
0.000828266
0.000975847
0.000969172
0.000841618
0.000982523
0.000848532
0.000959873
0.000825644
0.000839949
0.000827789
0.000971317
0.000964880
0.000821590
0.000975847
0.000974894
0.000816107
0.000825882
0.000862122
0.000808001
0.000965118
0.000808954
0.000835180
0.000961781
0.000962734
0.000847340
0.000840902
0.000988007
0.000824928
0.000991821
0.000973225
0.000827551
0.000960112
0.000978231
0.000851870
0.000838995
0.000846863
0.000994205
0.000962496
0.000976562
0.000842094
0.000963449
0.000983477
0.000838995
0.000822783
0.000975370
0.001014471
0.000980139
0.000839472
0.000862598
0.000979900
0.000847816
0.000853062
0.000964165
0.000958204
0.000817776
0.000967979
0.000826597
0.000839233
0.000978470
0.000976086
0.000967503
0.000843048
0.000967979
0.000842571
0.000842094
0.000831842
0.000829697
0.000961781
0.000999928
0.000798464
0.000966072
0.000814199
0.000836849
0.000795603
0.000844955
0.000979662
0.000831604
0.000976086
0.000963211
0.000962257
0.000829935
0.001014948
0.000848055
0.000962496
0.000979424
0.000823736
0.000983477
0.000830889
0.000810623
0.000793219
0.000801802
0.000803709
0.000790834
0.000806808
0.000793219
0.000792027
0.000812769
0.000786543
0.000778913
0.000775576
0.000808001
0.000798464
0.000782967
0.000793219
0.000792980
0.000806093
0.000795841
0.000807285
0.000792265
0.000807285
0.000798464
0.000794888
0.000791073
0.000814199
0.000803709
0.000775337
0.000794172
0.000799179
0.000769615
0.000792742
0.000791073
0.000800133
0.000795364
0.000808001
0.000792742
0.000790119
0.000802994
0.000788212
0.000805140
0.000795841
0.000787973
0.000781298
0.000806332
0.000835419
0.000803709
0.000792265
0.000783920
0.000824451
0.000790596
0.000787497
0.000807285
0.000806808
0.000811815
0.000800133
0.000794411
0.000815868
0.000786781
0.000788927
0.000809431
0.000795841
0.000805140
0.000803471
0.000792503
0.000820160
0.000785828
0.000787258
0.000813484
0.000804186
0.000809669
0.000792980
0.000793934
0.000790596
0.000806570
0.000790834
0.000780344
0.000796318
0.000824451
0.000789642
0.000804424
0.000806332
0.000807762
0.000803947
0.000798702
0.000789881
0.000795126
0.000805378
0.000807285
0.000795126
0.000788927
0.000792503
0.000802994
0.000792980
0.000777721
0.001004219
0.000905991
0.000919104
0.000916243
0.000911713
0.000785828
0.000790119
0.000808954
0.000789165
0.000810146
0.000785589
0.000794888
0.000791788
0.000802279
0.000762701
0.000774860
0.000882864
0.000809431
0.000803947
0.000786066
0.000810146
0.000783443
0.000788450
0.000943661
0.000800848
0.000787020
0.000804901
0.000782728
0.000798225
0.000794172
0.000805616
0.000790119
0.000783443
0.000808239
0.000792742
0.000793934
0.000790834
0.000785112
0.000794649
0.000792980
0.000794888
0.000779390
0.000797033
0.000790596
0.000794172
0.000790834
0.000794888
0.000807285
0.000790119
0.000795603
0.000806570
0.000792265
0.000798702
0.000792027
0.000797987
0.000792980
0.000791311
0.000783205
0.000799894
0.000780821
0.000783205
0.000799656
0.000802755
0.000791788
0.000796795
0.000806808
0.000807047
0.000786543
0.000809431
0.000795126
0.000793934
0.000793695
0.000788927
0.000807524
0.000797749
0.000805378
0.000797749
0.000797510
0.000808477
0.000790358
0.000792742
0.000804901
0.000809908
0.000785112
0.000788927
0.000786066
0.000802040
0.000811815
0.000810385
0.000801563
0.000790358
0.000797510
0.000808954
0.000809908
0.000805616
0.000803471
0.000809431
0.000801325
0.000802755
0.000799417
0.000805616
0.000790119
0.000792980
0.000811815
0.000805855
0.000794888
0.000835419
0.000818491
0.000797033
0.000792503
0.000786781
0.000792265
0.000818014
0.000812769
0.000797987
0.000803947
0.000793934
0.000793457
0.000794649
0.000792027
0.000806808
0.000795603
0.000795841
0.000794649
0.000794411
0.000774145
0.000794649
0.000796080
0.000802755
0.000792265
0.000788927
0.000788927
0.000797510
0.000797033
0.000820637
0.000798464
0.000808239
0.000787973
0.000806570
0.000813723
0.000779152
0.000806570
0.000806332
0.000805140
0.000808954
0.000775337
0.000807524
0.000811338
0.000799894
0.000865698
0.000779390
0.000795603
0.000808477
0.000808239
0.000794411
0.000790119
0.000816107
0.000795841
0.000813484
0.000835180
0.000786781
0.000787735
0.000815630
0.000797749
0.000826597
0.000794888
0.000795364
0.000793219
0.000814915
0.000810623
0.000807285
0.000810623
0.000807524
0.000785828
0.000794411
0.001023054
0.000796556
0.000801325
0.000788689
0.000812292
0.000876904
0.000813723
0.000808001
0.000788450
0.000806570
0.000823259
0.000804424
0.000810862
0.000781775
0.000815630
0.000793457
0.000784874
0.000798225
0.000781536
0.000821114
0.000796795
0.000799179
0.000791073
0.000796795
0.000828981
0.000803947
0.000792503
0.000807524
0.000791788
0.000795126
0.000771761
0.000794888
0.000798702
0.000777245
0.000797510
0.000783205
0.000816345
0.000801325
0.000796795
0.000797987
0.000777006
0.000794888
0.000789404
0.000786304
0.000797033
0.000774384
0.000792265
0.000796080
0.000804663
0.000811338
0.000785351
0.000798702
0.000804663
0.000809193
0.000797272
0.000776052
0.000796080
0.000790596
0.000803947
0.000790358
0.000780344
0.000792265
0.000791073
0.000793219
0.000784874
0.000785351
0.000812054
0.000793695
0.000791311
0.000806332
0.000790358
0.000794411
0.000789642
0.000811338
0.000809908
0.000788689
0.000785351
0.000790834
0.000806808
0.000802279
0.000791550
0.000807047
0.000788689
0.000809669
0.000794888
0.000771523
0.000799417
0.000793695
0.000813484
0.000822067
0.000814199
0.000787735
0.000790596
0.000807762
0.000795126
0.000793457
0.000779152
0.000777960
0.000797510
0.000805855
0.000810623
0.000790834
0.000808954
0.000810862
0.000797987
0.000801325
0.000786543
0.000790358
0.000805378
0.000795364
0.000798225
0.000809908
0.000794888
0.000811815
0.000796318
0.000793695
0.000811577
0.000794649
0.000797510
0.000802517
0.000799417
0.000805378
0.000809193
0.000791788
0.000811815
0.000787020
0.000794888
0.000792265
0.000794172
0.000808716
0.000796556
0.000808477
0.000798702
0.000818968
0.000794172
0.000819683
0.000788212
0.000796795
0.000794888
0.000795841
0.000785112
0.000814915
0.000813484
0.000805140
0.000795364
0.000813246
0.000786781
0.000797033
0.000796556
0.000811577
0.000809431
0.000801086
0.000794411
0.000794649
0.000791550
0.000808001
0.000795364
0.000810146
0.000799417
0.000796318
0.000810146
0.000801802
0.000824451
0.000804901
0.000813007
0.000795364
0.000795126
0.000788212
0.000790358
0.000806808
0.000795364
0.000807285
0.000794172
0.000777483
0.000792027
0.000814676
0.000795364
0.000787497
0.000793457
0.000792503
0.000793934
0.000789404
0.000790596
0.000814199
0.000803471
0.000789881
0.000803471
0.000789881
0.000792265
0.000794649
0.000794411
0.000788927
0.000793457
0.000788927
0.000793219
0.000772238
0.000784397
0.000776768
0.000794888
0.000806808
0.000790596
0.000806570
0.000794888
0.000812292
0.000794172
0.000787735
0.000795841
0.000803709
0.000787020
0.000787020
0.000795364
0.000793219
0.000822067
0.000786066
0.000803471
0.000779629
0.000789165
0.000793219
0.000799179
0.000777960
0.000794888
0.000796080
0.000810385
0.000784874
0.000780106
0.000800610
0.000791073
0.000807047
0.000796080
0.000783682
0.000795364
0.000791311
0.000793934
0.000794649
0.000788927
0.000792027
0.000795603
0.000810385
0.000803471
0.000772953
0.000800610
0.000789881
0.000805855
0.000785351
0.000774860
0.000786781
0.000791788
0.000787258
0.000781775
0.000780582
0.000785351
0.000796318
0.000808954
0.000795841
0.000808716
0.000836611
0.000800610
0.000798225
0.000808239
0.000787497
0.000797272
0.000806093
0.000794888
0.000833273
0.000797272
0.000826120
0.000802994
0.000799417
0.000797033
0.000772238
0.000794888
0.000787973
0.000783205
0.000794411
0.000780106
0.000791550
0.000786543
0.000790119
0.000794172
0.000795364
0.000793457
0.000804424
0.000792503
0.000780582
0.000778675
0.000796795
0.000782967
0.000794649
0.000788689
0.000792503
0.000807762
0.000785828
0.000785828
0.000811100
0.000812769
0.000789642
0.000778913
0.000791311
0.000790358
0.000792027
0.000789642
0.000792742
0.000796080
0.000795603
0.000772476
0.000806570
0.000792265
0.000777483
0.000780582
0.000795364
0.000798225
0.000783682
0.000791073
0.000794172
0.000810862
0.000780821
0.000789165
0.000788689
0.000811100
0.000790119
0.000797033
0.000790834
0.000796556
0.000791073
0.000795364
0.000796556
0.000792742
0.000795603
0.000811815
0.000793934
0.000782251
0.000804663
0.000814676
0.000808477
0.000812292
0.000803471
0.000798941
0.000791550
0.000804424
0.000790119
0.000808716
0.000787497
0.000808477
0.000813007
0.000790119
0.000807762
0.000793457
0.000806332
0.000804424
0.000793219
0.000812531
0.000795603
0.000808001
0.000787973
0.000786543
0.000795126
0.000809431
0.000807524
0.000805855
0.000794888
0.000794411
0.000807285
0.000792742
0.000791073
0.000827312
0.000809431
0.000791550
0.000808954
0.000810146
0.000809908
0.000808001
0.000805140
0.000805855
0.000803471
0.000792265
0.000790834
0.000793219
0.000786066
0.000818968
0.000806093
0.000793934
0.000778437
0.000798464
0.000789404
0.000810623
0.000785351
0.000790358
0.000795364
0.000808716
0.000810146
0.000812531
0.000794649
0.000807762
0.000796556
0.000810623
0.000808001
0.000818253
0.000791073
0.000793219
0.000797987
0.000809908
0.000807524
0.000805378
0.000789881
0.000789642
0.000790596
0.000799894
0.000775814
0.000806332
0.000810623
0.000810146
0.000779629
0.000787735
0.000790596
0.000819206
0.000803232
0.000810623
0.000799656
0.000810385
0.000810146
0.000796556
0.000813246
0.000811815
0.000805378
0.000806808
0.000806570
0.000797272
0.000816584
0.000807762
0.000796795
0.000784397
0.000791073
0.000808716
0.000791311
0.000774860
0.000795126
0.000787497
0.000778675
0.000787973
0.000812054
0.000809431
0.000792265
0.000789642
0.000783682
0.000795603
0.000794649
0.000790358
0.000789881
0.000789404
0.000789642
0.000812054
0.000809908
0.000805378
0.000805616
0.000793219
0.000797272
0.000801802
0.000793219
0.000812054
0.000816584
0.000791311
0.000784397
0.000805616
0.000789881
0.000806332
0.000806808
0.000793695
0.000804424
0.000806808
0.000793219
0.000802517
0.000808001
0.000808477
0.000804901
0.000782013
0.000789642
0.000810385
0.000810623
0.000806093
0.000783920
0.000812054
0.000791550
0.000805616
0.000808001
0.000803471
0.000807762
0.000808001
0.000806570
0.000809193
0.000793695
0.000807524
0.000792265
0.000793934
0.000807524
0.000802755
0.000804424
0.000783205
0.000795126
0.000807762
0.000809669
0.000803947
0.000792503
0.000787973
0.000804901
0.000806570
0.000804424
0.000805616
0.000787973
0.000803232
0.000806808
0.000794649
0.000804901
0.000797272
0.000796318
0.000793695
0.000796080
0.000807047
0.000794649
0.000785112
0.000808716
0.000798702
0.000793934
0.000809908
0.000808239
0.000812054
0.000806570
0.000790834
0.000808954
0.000792027
0.000804901
0.000786781
0.000810385
0.000809669
0.000805140
0.000809908
0.000799417
0.000792503
0.000833988
0.000792503
0.000811338
0.000809193
0.000790596
0.000807524
0.000783920
0.000795603
0.000813961
0.000794411
0.000810623
0.000778913
0.000792265
0.000781298
0.000795841
0.000809431
0.000795126
0.000793934
0.000792503
0.000788212
0.000805378
0.000792742
0.000796080
0.000794172
0.000806093
0.000805378
0.000805140
0.000807285
0.000789881
0.000823021
0.000792980
0.000801325
0.000793695
0.000795364
0.000788927
0.000813484
0.000795126
0.000794888
0.000808954
0.000795841
0.000804663
0.000798464
0.000810385
0.000810862
0.000809908
0.000783920
0.000792503
0.000794649
0.000812292
0.000783682
0.000796080
0.000805140
0.000808477
0.000803471
0.000793219
0.000789165
0.000810146
0.000787258
0.000798464
0.000794411
0.000808716
0.000791311
0.000774860
0.000797033
0.000791788
0.000779390
0.000782013
0.000794649
0.000792027
0.000793695
0.000786543
0.000799417
0.000792980
0.000790358
0.000791788
0.000799179
0.000811100
0.000785828
0.000800371
0.000809431
0.000802755
0.000790834
0.000779867
0.000787020
0.000786066
0.000810385
0.000808477
0.000790834
0.000789404
0.000808239
0.000794649
0.000793695
0.000815392
0.000804663
0.000789881
0.000794649
0.000804186
0.000819206
0.000796318
0.000807762
0.000793457
0.000811815
0.000810385
0.000811100
0.000799417
0.000804186
0.000794172
0.000795841
0.000807285
0.000788927
0.000813246
0.000796080
0.000799179
0.000789881
0.000805616
0.000784874
0.000811100
0.000806570
0.000808001
0.000808954
0.000801802
0.000792027
0.000806808
0.000812531
0.000806808
0.000794411
0.000807285
0.000832081
0.000791788
0.000803947
0.000787973
0.000797987
0.000795364
0.000813723
0.000813723
0.000785112
0.000794172
0.000792742
0.000800848
0.000791788
0.000779629
0.000795603
0.000791788
0.000793457
0.000792980
0.000800848
0.000792265
0.000810385
0.000810623
0.000790358
0.000794649
0.000796318
0.000791550
0.000794411
0.000795841
0.000773668
0.000795126
0.000792980
0.000796556
0.000809669
0.000788450
0.000797272
0.000789404
0.000789165
0.000797510
0.000788212
0.000808001
0.000797033
0.000806808
0.000808716
0.000793219
0.000807762
0.000791311
0.000808239
0.000792265
0.000783920
0.000791550
0.000792503
0.000793695
0.000790596
0.000802755
0.000837326
0.000820875
0.000825644
0.000818968
0.000790358
0.000800133
0.000812054
0.000799417
0.000823736
0.000815153
0.000810623
0.000807285
0.000824690
0.000817776
0.000785828
0.000790119
0.000793934
0.000792980
0.000796556
0.000786066
0.000809669
0.000815392
0.000805616
0.000812292
0.000774860
0.000802994
0.000790596
0.000805140
0.000809193
0.000778198
0.000789881
0.000790119
0.000804663
0.000806570
0.000786066
0.000790834
0.000796318
0.000800848
0.000791788
0.000777245
0.000797510
0.000795841
0.000796318
0.000796556
0.000807524
0.000806332
0.000792742
0.000807524
0.000796556
0.000778198
0.000826597
0.000795364
0.000796795
0.000793457
0.000782490
0.000791550
0.000792980
0.000792503
0.000789165
0.000779390
0.000802517
0.000802517
0.000808477
0.000792742
0.000779152
0.000793695
0.000792027
0.000789404
0.000793219
0.000772476
0.000806808
0.000793934
0.000785351
0.000773430
0.000773668
0.000779867
0.000793457
0.000802279
0.000796795
0.000787973
0.000809669
0.000792742
0.000794411
0.000799656
0.000789404
0.000808001
0.000791311
0.000810385
0.000790358
0.000792265
0.000799656
0.000781059
0.000780821
0.000793457
0.000796795
0.000790358
0.000807762
0.000785828
0.000795126
0.000792980
0.000804424
0.000787020
0.000778437
0.000797272
0.000806570
0.000813007
0.000792265
0.000818491
0.000788927
0.000802040
0.000797987
0.000793457
0.000783443
0.000810623
0.000794888
0.000795841
0.000792265
0.000789165
0.000789881
0.000814676
0.000788689
0.000792742
0.000792265
0.000788212
0.000790119
0.000790119
0.000797272
0.000799894
0.000792980
0.000788212
0.000804901
0.000778198
0.000801802
0.000787973
0.000801802
0.000788689
0.000793219
0.000793457
0.000796080
0.000802517
0.000790596
0.000789165
0.000788212
0.000792027
0.000790834
0.000807285
0.000778437
0.000784636
0.000785351
0.000787735
0.000773907
0.000778437
0.000783920
0.000783205
0.000782490
0.000776529
0.000783682
0.000783205
0.000796080
0.000783205
0.000773907
0.000772476
0.000773668
0.000782490
0.000786304
0.000772238
0.000776052
0.000774860
0.000776052
0.000802040
0.000797033
0.000765324
0.000784636
0.000786304
0.000783205
0.000782490
0.000770330
0.000802517
0.000781536
0.000790596
0.000801086
0.000784159
0.000768900
0.000771999
0.000783682
0.000785589
0.000777721
0.000799894
0.000786304
0.000783443
0.000778198
0.000798225
0.000777483
0.000802755
0.000784874
0.000784159
0.000776052
0.000789404
0.000773668
0.000791311
0.000787735
0.000781059
0.000801325
0.000804186
0.000804424
0.000798702
0.000808001
0.000801802
0.000809669
0.000790834
0.000790834
0.000807762
0.000809431
0.000791311
0.000811100
0.000820160
0.000788212
0.000788212
0.000806808
0.000805378
0.000787973
0.000793695
0.000793219
0.000817537
0.000792027
0.000807762
0.000790358
0.000804186
0.000794649
0.000791073
0.000794649
0.000800371
0.000806808
0.000806093
0.000791073
0.000810862
0.000795364
0.000806332
0.000797033
0.000794888
0.000792742
0.000805140
0.000797749
0.000790119
0.000810385
0.000776768
0.000786781
0.000785112
0.000805140
0.000793457
0.000808716
0.000786781
0.000801802
0.000792980
0.000791311
0.000808954
0.000808001
0.000812769
0.000789881
0.000808001
0.000791073
0.000807762
0.000814199
0.000810385
0.000799417
0.000841379
0.000813007
0.000798464
0.000808477
0.000791073
0.000797749
0.000792027
0.000791550
0.000809193
0.000793695
0.000808716
0.000790596
0.000811100
0.000794172
0.000807047
0.000783920
0.000819206
0.000791311
0.000804424
0.000808477
0.000808001
0.000786304
0.000792503
0.000811577
0.000788212
0.000794888
0.000803709
0.000811815
0.000800371
0.000795841
0.000797510
0.000810623
0.000795126
0.000798464
0.000792980
0.000807762
0.000790119
0.000806808
0.000795126
0.000808239
0.000810862
0.000800133
0.000806093
0.000812054
0.000794649
0.000796318
0.000806570
0.000794888
0.000797510
0.000807285
0.000804901
0.000781536
0.000803947
0.000825405
0.000805855
0.000795126
0.000814676
0.000792265
0.000810623
0.000801086
0.000794172
0.000797987
0.000808477
0.000802040
0.000796318
0.000808001
0.000798464
0.000800848
0.000796795
0.000809431
0.000810146
0.000823259
0.000803709
0.000795364
0.000789404
0.000797749
0.000809908
0.000805140
0.000795841
0.000784874
0.000775576
0.000798941
0.000797987
0.000808477
0.000800133
0.000794649
0.000789404
0.000794649
0.000812054
0.000790358
0.000796080
0.000812054
0.000802517
0.000810623
0.000809908
0.000805378
0.000809669
0.000787258
0.000796318
0.000789404
0.000808001
0.000794888
0.000790834
0.000795126
0.000789642
0.000805140
0.000792503
0.000784874
0.000800610
0.000792742
0.000808001
0.000776768
0.000793457
0.000781298
0.000816584
0.000798702
0.000791073
0.000798702
0.000785828
0.000785112
0.000811100
0.000792503
0.000798464
0.000795841
0.000791788
0.000796318
0.000792742
0.000782013
0.000808001
0.000810623
0.000812531
0.000781298
0.000809193
0.000814915
0.000794411
0.000809908
0.000794172
0.000791550
0.000804663
0.000810146
0.000793934
0.000808477
0.000791311
0.000789404
0.000806570
0.000796080
0.000811577
0.000812769
0.000796318
0.000795841
0.000798464
0.000800133
0.000796080
0.000813007
0.000796318
0.000799417
0.000792980
0.000803947
0.000789165
0.000809193
0.000834465
0.000808001
0.000796556
0.000814199
0.000794888
0.000796080
0.000796556
0.000809193
0.000809431
0.000786304
0.000806808
0.000794888
0.000808239
0.000809431
0.000803709
0.000795126
0.000810862
0.000807047
0.000807047
0.000805616
0.000812292
0.000812769
0.000812292
0.000815868
0.000819206
0.000812292
0.000796795
0.000793219
0.000791788
0.000820637
0.000808239
0.000811815
0.000806332
0.000807762
0.000797272
0.000804424
0.000805616
0.000794411
0.000808716
0.000806093
0.000792980
0.000828028
0.000841856
0.000821114
0.000818968
0.000801325
0.000801802
0.000797987
0.000794888
0.000821829
0.000806093
0.000808716
0.000823736
0.000823498
0.000834227
0.000818729
0.000815630
0.000814676
0.000817776
0.000797033
0.000797033
0.000796318
0.000805140
0.000813484
0.000809193
0.000811338
0.000795603
0.000785112
0.000793695
0.000804186
0.000806332
0.000806093
0.000808954
0.000794888
0.000821352
0.000814915
0.000809669
0.000794649
0.000813961
0.000811815
0.000808001
0.000790119
0.000811577
0.000798225
0.000812531
0.000820160
0.000801802
0.000817299
0.000798225
0.000809193
0.000800610
0.000795603
0.000814438
0.000807524
0.000814438
0.000797272
0.000807762
0.000811577
0.000810146
0.000811100
0.000800848
0.000815630
0.000795841
0.000799656
0.000809193
0.000800848
0.000797272
0.000813484
0.000808954
0.000814199
0.000811815
0.000812531
0.000812292
0.000793934
0.000809431
0.000792265
0.000815868
0.000813007
0.000800133
0.000797033
0.000799179
0.000798941
0.000812054
0.000800610
0.000800848
0.000798225
0.000792265
0.000814676
0.000795841
0.000771046
0.000796556
0.000812531
0.000808716
0.000809669
0.000815153
0.000796556
0.000807524
0.000809193
0.000807285
0.000778437
0.000808239
0.000807762
0.000810146
0.000797510
0.000796556
0.000795126
0.000814199
0.000814199
0.000814199
0.000786066
0.000810862
0.000810146
0.000811100
0.000810385
0.000806332
0.000793934
0.000812769
0.000792027
0.000813246
0.000798702
0.000808954
0.000798225
0.000807285
0.000810146
0.000809669
0.000797510
0.000808239
0.000826836
0.000810146
0.000826120
0.000811338
0.000794649
0.000812531
0.000797987
0.000812292
0.000795126
0.000812054
0.000800371
0.000799179
0.000812054
0.000790358
0.000785589
0.000799656
0.000813007
0.000795364
0.000814676
0.000808239
0.000813961
0.000796080
0.000798464
0.000781059
0.000799179
0.000797033
0.000813723
0.000786304
0.000809669
0.000793695
0.000810862
0.000802755
0.000811577
0.000805378
0.000799894
0.000815153
0.000780344
0.000811100
0.000794888
0.000805616
0.000811577
0.000795841
0.000808716
0.000797749
0.000791311
0.000806808
0.000794888
0.000792980
0.000787973
0.000808477
0.000798702
0.000793934
0.000809193
0.000808954
0.000792503
0.000793219
0.000811100
0.000795603
0.000795603
0.000791311
0.000794649
0.000809908
0.000782967
0.000782967
0.000813484
0.000811815
0.000792027
0.000789881
0.000809908
0.000788450
0.000795126
0.000814199
0.000806570
0.000815153
0.000797272
0.000795603
0.000812054
0.000799656
0.000809908
0.000793695
0.000790119
0.000810385
0.000796556
0.000807285
0.000799417
0.000795603
0.000812054
0.000779629
0.000792980
0.000784397
0.000786781
0.000800371
0.000796795
0.000778198
0.000790358
0.000787973
0.000797749
0.000794172
0.000792265
0.000792265
0.000794172
0.000792265
0.000792027
0.000792503
0.000794888
0.000793934
0.000794649
0.000793457
0.000787020
0.000809431
0.000807762
0.000806093
0.000792742
0.000805855
0.000826597
0.000806570
0.000793219
0.000794888
0.000807285
0.000793457
0.000792265
0.000799417
0.000813484
0.000812531
0.000795364
0.000795126
0.000804901
0.000810385
0.000805855
0.000791788
0.000803709
0.000803947
0.000808239
0.000800610
0.000806570
0.000792742
0.000794888
0.000788927
0.000794172
0.000787020
0.000813484
0.000796556
0.000806570
0.000810623
0.000797272
0.000790834
0.000791788
0.000792027
0.000794411
0.000796318
0.000794411
0.000796795
0.000808001
0.000804663
0.000789165
0.000793457
0.000791073
0.000793457
0.000796318
0.000811577
0.000808477
0.000790596
0.000811338
0.000806332
0.000795364
0.000786543
0.000793695
0.000810146
0.000809669
0.000796556
0.000799417
0.000806570
0.000791788
0.000792742
0.000790834
0.000792503
0.000794411
0.000811338
0.000782728
0.000803709
0.000800610
0.000799894
0.000805616
0.000799656
0.000792980
0.000787020
0.000785351
0.000781775
0.000823259
0.000793219
0.000773191
0.000787973
0.000793695
0.000807524
0.000790834
0.000806093
0.000788212
0.000813246
0.000810146
0.000803471
0.000792980
0.000794172
0.000796318
0.000789642
0.000788450
0.000794411
0.000796556
0.000808477
0.000793695
0.000792742
0.000802279
0.000807762
0.000793219
0.000803709
0.000795603
0.000793219
0.000780106
0.000795603
0.000811100
0.000795364
0.000793695
0.000790834
0.000808477
0.000810862
0.000808716
0.000809431
0.000789642
0.000809908
0.000811100
0.000779390
0.000798941
0.000794649
0.000792503
0.000808716
0.000797987
0.000809431
0.000786304
0.000816822
0.000793934
0.000801325
0.000815392
0.000784159
0.000788927
0.000794888
0.000794888
0.000793457
0.000798941
0.000804663
0.000793934
0.000808001
0.000787258
0.000797033
0.000793457
0.000810623
0.000791073
0.000793457
0.000804186
0.000801086
0.000786304
0.000797272
0.000803471
0.000799656
0.000806570
0.000793457
0.000818729
0.000805616
0.000810862
0.000796080
0.000795126
0.000794172
0.000806808
0.000795364
0.000805616
0.000808001
0.000802994
0.000790834
0.000787973
0.000794888
0.000794649
0.000797749
0.000808716
0.000791073
0.000794411
0.000804424
0.000789642
0.000807047
0.000805378
0.000812292
0.000806332
0.000820637
0.000793695
0.000810623
0.000792742
0.000796080
0.000796318
0.000792980
0.000792742
0.000786781
0.000793695
0.000799179
0.000809431
0.000791311
0.000810623
0.000794172
0.000806570
0.000791073
0.000792027
0.000792742
0.000797510
0.000796318
0.000787497
0.000789404
0.000782490
0.000792265
0.000789642
0.000790119
0.000807047
0.000793219
0.000805616
0.000808954
0.000796318
0.000791550
0.000801802
0.000811815
0.000812531
0.000810146
0.000805616
0.000802755
0.000808239
0.000806093
0.000789642
0.000784397
0.000802517
0.000793219
0.000797272
0.000805855
0.000792503
0.000794649
0.000824928
0.000835180
0.000833273
0.000817776
0.000808716
0.000797987
0.000796318
0.000801086
0.000800848
0.000818491
0.000818968
0.000802040
0.000823259
0.000819921
0.000795603
0.000789642
0.000794172
0.000793934
0.000815392
0.000794411
0.000799417
0.000789404
0.000809431
0.000808239
0.000812292
0.000795841
0.000796080
0.000805855
0.000798941
0.000786543
0.000793457
0.000787020
0.000809669
0.000781775
0.000796080
0.000821352
0.000797033
0.000794649
0.000792027
0.000804663
0.000809193
0.000792742
0.000798225
0.000793219
0.000807524
0.000795841
0.000792265
0.000795364
0.000785112
0.000794649
0.000808239
0.000808477
0.000793219
0.000793934
0.000813246
0.000795126
0.000790596
0.000794649
0.000790596
0.000789642
0.000795126
0.000788450
0.000791550
0.000785112
0.000792265
0.000790358
0.000801086
0.000787258
0.000798941
0.000810385
0.000809908
0.000803232
0.000794649
0.000813246
0.000794411
0.000794649
0.000802040
0.000778675
0.000791311
0.000804901
0.000792742
0.000829697
0.000794411
0.000790358
0.000802040
0.000794411
0.000809669
0.000777960
0.000794888
0.000804186
0.000798941
0.000796556
0.000796556
0.000791550
0.000809193
0.000804186
0.000792265
0.000787497
0.000802755
0.000784874
0.000793934
0.000798941
0.000798464
0.000808716
0.000808477
0.000792742
0.000814676
0.000820398
0.000795603
0.000809193
0.000791311
0.000807285
0.000812531
0.000810146
0.000807285
0.000794649
0.000795364
0.000783205
0.000797272
0.000808239
0.000792027
0.000812769
0.000801325
0.000812292
0.000813723
0.000793934
0.000811338
0.000786781
0.000806808
0.000810623
0.000810385
0.000810623
0.000810146
0.000808001
0.000809193
0.000793695
0.000814199
0.000794649
0.000791073
0.000788927
0.000793219
0.000794172
0.000792742
0.000807762
0.000795841
0.000793457
0.000809431
0.000818968
0.000797272
0.000806093
0.000811815
0.000796795
0.000796318
0.000791550
0.000804663
0.000784159
0.000792980
0.000816107
0.000795364
0.000793695
0.000785112
0.000794888
0.000810623
0.000795126
0.000794649
0.000799417
0.000793934
0.000796556
0.000793457
0.000793219
0.000791550
0.000793219
0.000811100
0.000809669
0.000811815
0.000810385
0.000797987
0.000792027
0.000791311
0.000789881
0.000825405
0.000792027
0.000793219
0.000815630
0.000809669
0.000792980
0.000791311
0.000795126
0.000793219
0.000793219
0.000791311
0.000788212
0.000810623
0.000787735
0.000785828
0.000808716
0.000787735
0.000812054
0.000812054
0.000792265
0.000792503
0.000793457
0.000813961
0.000790596
0.000795603
0.000792980
0.000803709
0.000790119
0.000792027
0.000788450
0.000810862
0.000790834
0.000794649
0.000791788
0.000791788
0.000810385
0.000809431
0.000799179
0.000792742
0.000808954
0.000793219
0.000793934
0.000783205
0.000808716
0.000793219
0.000810385
0.000799894
0.000806570
0.000793934
0.000792980
0.000805378
0.000783682
0.000797272
0.000790358
0.000785112
0.000793695
0.000797033
0.000801802
0.000794888
0.000808477
0.000805140
0.000796080
0.000807047
0.000797033
0.000794888
0.000797272
0.000811815
0.000804424
0.000794649
0.000796556
0.000783443
0.000792742
0.000792027
0.000777006
0.000794649
0.000788927
0.000788450
0.000809193
0.000787973
0.000804424
0.000793934
0.000805616
0.000808001
0.000808954
0.000798464
0.000795126
0.000798225
0.000793457
0.000794172
0.000807762
0.000795603
0.000808239
0.000786304
0.000795364
0.000783205
0.000808239
0.000789642
0.000797510
0.000808001
0.000793934
0.000804663
0.000798225
0.000803232
0.000793219
0.000807762
0.000806808
0.000799179
0.000805855
0.000797987
0.000806808
0.000795841
0.000808954
0.000815630
0.000796080
0.000815630
0.000792742
0.000799894
0.000791073
0.000792980
0.000793695
0.000795126
0.000780582
0.000787258
0.000834227
0.000791788
0.000798225
0.000783682
0.000776052
0.000791550
0.000807285
0.000788927
0.000794888
0.000811815
0.000781536
0.000791073
0.000784159
0.000807047
0.000792742
0.000797987
0.000808716
0.000792503
0.000788689
0.000790834
0.000791073
0.000788689
0.000783205
0.000795364
0.000797272
0.000804663
0.000793457
0.000811338
0.000790596
0.000808716
0.000804901
0.000795364
0.000804663
0.000796080
0.000809193
0.000792742
0.000793457
0.000801325
0.000793695
0.000790119
0.000792265
0.000795841
0.000788689
0.000772953
0.000811338
0.000793695
0.000803471
0.000782013
0.000792980
0.000809669
0.000796318
0.000804186
0.000789165
0.000809193
0.000791311
0.000806332
0.000797987
0.000802517
0.000797749
0.000793219
0.000797987
0.000808716
0.000781059
0.000804663
0.000803947
0.000803947
0.000796080
0.000820637
0.000786304
0.000794888
0.000782013
0.000814438
0.000824690
0.000808239
0.000788450
0.000810385
0.000805616
0.000820637
0.000790834
0.000825882
0.000797510
0.000795364
0.000792980
0.000794888
0.000792503
0.000787735
0.000795841
0.000798225
0.000791311
0.000792742
0.000802517
0.000810385
0.000811815
0.000796318
0.000795841
0.000792503
0.000806808
0.000809908
0.000809193
0.000796556
0.000793219
0.000810146
0.000806093
0.000793219
0.000794411
0.000814915
0.000794411
0.000796318
0.000809669
0.000793934
0.000815868
0.000804901
0.000792742
0.000795126
0.000792980
0.000804663
0.000794649
0.000790119
0.000800848
0.000805140
0.000807762
0.000793934
0.000793695
0.000791788
0.000792265
0.000791073
0.000799417
0.000809431
0.000782967
0.000786304
0.000800133
0.000788927
0.000791788
0.000778675
0.000792027
0.000786781
0.000785112
0.000773191
0.000791073
0.000774622
0.000797510
0.000781536
0.000789642
0.000810146
0.000792503
0.000800133
0.000789881
0.000785828
0.000772953
0.000786543
0.000785828
0.000801802
0.000771046
0.000777006
0.000793934
0.000771761
0.000782728
0.000777721
0.000795364
0.000783920
0.000779867
0.000775099
0.000806808
0.000817776
0.000809669
0.000782967
0.000783682
0.000778437
0.000793457
0.000793695
0.000784874
0.000806808
0.000793695
0.000792742
0.000784159
0.000783682
0.000787497
0.000778913
0.000784874
0.000773430
0.000781775
0.000787020
0.000791550
0.000787497
0.000777245
0.000783682
0.000777483
0.000772715
0.000791550
0.000785351
0.000780821
0.000785351
0.000784159
0.000785828
0.000783205
0.000784874
0.000781059
0.000774860
0.000798464
0.000794649
0.000798941
0.000788927
0.000828743
0.000798941
0.000793934
0.000787497
0.000786543
0.000791550
0.000789642
0.000793219
0.000794649
0.000788450
0.000795603
0.000807047
0.000804901
0.000797272
0.000790834
0.000811815
0.000791550
0.000791073
0.000782013
0.000795364
0.000779629
0.000792503
0.000796318
0.000808954
0.000810623
0.000792980
0.000810146
0.000790596
0.000803232
0.000808954
0.000811338
0.000773430
0.000802755
0.000792265
0.000777006
0.000789642
0.000788212
0.000808954
0.000790834
0.000809193
0.000793219
0.000802279
0.000795841
0.000808239
0.000796795
0.000793219
0.000813484
0.000809431
0.000793934
0.000780106
0.000793934
0.000814199
0.000793695
0.000790358
0.000783443
0.000809908
0.000795126
0.000790834
0.000790358
0.000816345
0.000782967
0.000810385
0.000792265
0.000785351
0.000794411
0.000792742
0.000795126
0.000792503
0.000791311
0.000812531
0.000793457
0.000808716
0.000795364
0.000797987
0.000802517
0.000796556
0.000804186
0.000794411
0.000807047
0.000826120
0.000791073
0.000792742
0.000808954
0.000791788
0.000807285
0.000790119
0.000792742
0.000788689
0.000792503
0.000811815
0.000810623
0.000797510
0.000788450
0.000808477
0.000789165
0.000806093
0.000793457
0.000810385
0.000796080
0.000808239
0.000792980
0.000812769
0.000793695
0.000791073
0.000794411
0.000793934
0.000792980
0.000791311
0.000802279
0.000810862
0.000787020
0.000794411
0.000793934
0.000794888
0.000789881
0.000795126
0.000791550
0.000792503
0.000795603
0.000805855
0.000797272
0.000790358
0.000792980
0.000787497
0.000808239
0.000793934
0.000806332
0.000800610
0.000800610
0.000811100
0.000795841
0.000796556
0.000792027
0.000793695
0.000794172
0.000798225
0.000810385
0.000810385
0.000793457
0.000814199
0.000807047
0.000790119
0.000808716
0.000793695
0.000796556
0.000794888
0.000792265
0.000789881
0.000794172
0.000792503
0.000787973
0.000798225
0.000797033
0.000795126
0.000804901
0.000805616
0.000813246
0.000808477
0.000781536
0.000792503
0.000795126
0.000791788
0.000813723
0.000781775
0.000794888
0.000792027
0.000807285
0.000795841
0.000792027
0.000789404
0.000791550
0.000808239
0.000793219
0.000797272
0.000793695
0.000795603
0.000794888
0.000784874
0.000809908
0.000800371
0.000791311
0.000808716
0.000797033
0.000796318
0.000787973
0.000811815
0.000789404
0.000809431
0.000794411
0.000796556
0.000808477
0.000801086
0.000794172
0.000812292
0.000795364
0.000793695
0.000793219
0.000807762
0.000807524
0.000791788
0.000792503
0.000795841
0.000820398
0.000812292
0.000794172
0.000806808
0.000808001
0.000799179
0.000791311
0.000796318
0.000798225
0.000793457
0.000805616
0.000792742
0.000793219
0.000807762
0.000794411
0.000792980
0.000782728
0.000794649
0.000795603
0.000813484
0.000808239
0.000808954
0.000811815
0.000810623
0.000829220
0.000796795
0.000780582
0.000796080
0.000796080
0.000797987
0.000814915
0.000797033
0.000815153
0.000816107
0.000795364
0.000796556
0.000809908
0.000810385
0.000796318
0.000812292
0.000789642
0.000798702
0.000802040
0.000804663
0.000813723
0.000812292
0.000798225
0.000815153
0.000794888
0.000798702
0.000814438
0.000793934
0.000795364
0.000790834
0.000808716
0.000808954
0.000819206
0.000796556
0.000813961
0.000813961
0.000809908
0.000808716
0.000811577
0.000799179
0.000794888
0.000796795
0.000816345
0.000788927
0.000793457
0.000812054
0.000805855
0.000797272
0.000799656
0.000809431
0.000810862
0.000796795
0.000792742
0.000795364
0.000811577
0.000812292
0.000808716
0.000812054
0.000813246
0.000794172
0.000808716
0.000814915
0.000799417
0.000799894
0.000796556
0.000808954
0.000812769
0.000803947
0.000801802
0.000792265
0.000805140
0.000796080
0.000794172
0.000808716
0.000811100
0.000787020
0.000794888
0.000813007
0.000796556
0.000796318
0.000807047
0.000812054
0.000792980
0.000809431
0.000809908
0.000796080
0.000792980
0.000799179
0.000792027
0.000807762
0.000822306
0.000796318
0.000814199
0.000804186
0.000794411
0.000791788
0.000797749
0.000790119
0.000809908
0.000798702
0.000818968
0.000811338
0.000811100
0.000798464
0.000808954
0.000798702
0.000812531
0.000796556
0.000790596
0.000793457
0.000812531
0.000785112
0.000812054
0.000806093
0.000807524
0.000809431
0.000809193
0.000809669
0.000816822
0.000793934
0.000794172
0.000799179
0.000795603
0.000814199
0.000798464
0.000792265
0.000796080
0.000793934
0.000806093
0.000792742
0.000811338
0.000791073
0.000814915
0.000818014
0.000813484
0.000813007
0.000798225
0.000796080
0.000795364
0.000815630
0.000797749
0.000793457
0.000793695
0.000797033
0.000792980
0.000789165
0.000793457
0.000805855
0.000808239
0.000799894
0.000814199
0.000792027
0.000787497
0.000810146
0.000796795
0.000792980
0.000796318
0.000793934
0.000804901
0.000817776
0.000798464
0.000796080
0.000796795
0.000795364
0.000796318
0.000804424
0.000807524
0.000798941
0.000813723
0.000813723
0.000808954
0.000796318
0.000795364
0.000796556
0.000806332
0.000814199
0.000783682
0.000803232
0.000843287
0.000810146
0.000795364
0.000803947
0.000813246
0.000797510
0.000794172
0.000809431
0.000794888
0.000791788
0.000805378
0.000806570
0.000792742
0.000808954
0.000792742
0.000795364
0.000789642
0.000795841
0.000792742
0.000797033
0.000809669
0.000817537
0.000841856
0.000839710
0.000798941
0.000801086
0.000807524
0.000828028
0.000798464
0.000812531
0.000823975
0.000804186
0.000804901
0.000826120
0.000823259
0.000797510
0.000802755
0.000808954
0.000795603
0.000803232
0.000807762
0.000814199
0.000800133
0.000808954
0.000802517
0.000811577
0.000810385
0.000800371
0.000806332
0.000796318
0.000796556
0.000796080
0.000795126
0.000807285
0.000809193
0.000791073
0.000797510
0.000788450
0.000794172
0.000796795
0.000791311
0.000796318
0.000817060
0.000795364
0.000807762
0.000813484
0.000801086
0.000796556
0.000795603
0.000810385
0.000788450
