0.000297546
0.000405312
0.000320196
0.000322104
0.000318289
0.000315666
0.000322342
0.000400305
0.000317574
0.000318050
0.000319004
0.000400066
0.000319481
0.000335693
0.000321627
0.000309467
0.000313044
0.000364780
0.000314236
0.000320673
0.000318289
0.000316143
0.000400305
0.000319004
0.000318527
0.000323057
0.000315666
0.000333786
0.000305891
0.000312805
0.000397921
0.000319242
0.000319242
0.000319958
0.000404358
0.000320673
0.000320911
0.000320196
0.000402927
0.000313759
0.000321627
0.000357151
0.000317097
0.000320911
0.000401258
0.000318527
0.000324011
0.000320673
0.000318766
0.000319242
0.000308037
0.000315905
0.000397444
0.000320673
0.000321150
0.000336885
0.000401258
0.000319481
0.000318527
0.000320435
0.000318527
0.000319719
0.000319004
0.000316858
0.000392914
0.000325203
0.000319958
0.000318289
0.000321150
0.000409603
0.000322819
0.000319481
0.000315905
0.000310898
0.000391960
0.000291824
0.000314713
0.000328302
0.000318050
0.000320673
0.000318527
0.000319242
0.000396967
0.000318050
0.000322580
0.000318050
0.000317812
0.000321388
0.000395060
0.000302553
0.000322580
0.000324488
0.000322342
0.000322580
0.000399113
0.000316858
0.000323296
0.000319719
0.000336409
0.000315905
0.000319719
0.000317812
0.000313997
0.000319242
0.000314951
0.000316620
0.000314951
0.000321627
0.000317335
0.000298977
0.000337601
0.000305414
0.000312567
0.000324488
0.000312567
0.000316381
0.000311852
0.000312090
0.000312090
0.000316858
0.000333071
0.000317574
0.000313997
0.000316620
0.000315189
0.000314474
0.000314236
0.000312567
0.000324011
0.000311613
0.000313997
0.000296116
0.000306368
0.000311136
0.000315666
0.000314951
0.000312090
0.000314236
0.000316858
0.000316143
0.000301123
0.000315905
0.000320911
0.000329971
0.000326395
0.000317335
0.000310183
0.000316858
0.000310659
0.000313759
0.000313282
0.000317335
0.000317574
0.000316143
0.000315428
0.000313997
0.000315905
0.000315666
0.000332594
0.000309467
0.000304461
0.000316620
0.000314474
0.000319242
0.000314951
0.000322104
0.000316620
0.000313759
0.000315189
0.000315428
0.000318527
0.000314951
0.000317574
0.000330210
0.000315666
0.000312090
0.000317097
0.000314474
0.000320911
0.000320196
0.000314713
0.000311852
0.000315666
0.000317097
0.000309229
0.000322580
0.000317097
0.000324011
0.000315428
0.000334024
0.000309467
0.000308037
0.000309944
0.000311613
0.000316143
0.000317335
0.000304222
0.000315666
0.000317097
0.000315428
0.000313520
0.000314474
0.000315189
0.000315189
0.000324726
0.000301838
0.000312805
0.000318527
0.000309944
0.000315189
0.000314236
0.000318766
0.000313044
0.000318050
0.000303745
0.000316143
0.000313520
0.000316858
0.000314951
0.000325918
0.000313044
0.000317097
0.000314951
0.000300169
0.000314236
0.000315666
0.000316381
0.000317574
0.000312805
0.000316620
0.000313520
0.000315905
0.000323534
0.000316620
0.000325680
0.000318527
0.000313997
0.000316143
0.000312328
0.000317574
0.000315428
0.000323772
0.000313282
0.000316381
0.000313997
0.000316620
0.000311136
0.000313282
0.000312090
0.000317097
0.000312328
0.000308752
0.000308037
0.000310421
0.000312328
0.000311613
0.000299454
0.000319958
0.000312805
0.000318050
0.000316858
0.000316620
0.000313759
0.000315905
0.000328064
0.000329018
0.000319242
0.000316620
0.000316381
0.000316620
0.000316858
0.000317574
0.000312805
0.000319719
0.000314951
0.000305891
0.000312328
0.000317097
0.000318289
0.000317812
0.000331163
0.000311852
0.000319719
0.000318050
0.000326157
0.000318766
0.000317812
0.000317812
0.000316381
0.000313520
0.000313997
0.000318289
0.000314236
0.000303745
0.000314236
0.000325680
0.000316381
0.000315428
0.000316620
0.000328302
0.000305891
0.000333071
0.000334501
0.000304222
0.000307322
0.000320435
0.000309706
0.000313520
0.000314236
0.000312805
0.000325441
0.000304461
0.000304937
0.000314236
0.000313520
0.000316620
0.000312567
0.000313282
0.000313997
0.000314951
0.000315666
0.000317812
0.000324726
0.000315189
0.000319004
0.000334740
0.000313282
0.000315905
0.000316143
0.000343800
0.000307560
0.000318050
0.000312328
0.000315905
0.000314236
0.000317574
0.000314236
0.000318050
0.000315666
0.000316620
0.000329018
0.000314236
0.000317335
0.000317812
0.000317097
0.000315428
0.000305653
0.000297546
0.000323057
0.000316858
0.000303030
0.000312805
0.000318527
0.000314951
0.000313759
0.000317574
0.000321865
0.000310898
0.000314713
0.000314474
0.000319242
0.000319481
0.000315905
0.000314474
0.000316143
0.000317335
0.000317335
0.000316620
0.000313282
0.000316858
0.000300169
0.000327110
0.000307798
0.000308514
0.000313997
0.000309229
0.000308275
0.000313044
0.000310183
0.000309467
0.000312567
0.000312328
0.000315905
0.000311852
0.000312328
0.000322104
0.000315428
0.000315189
0.000315189
0.000312090
0.000303507
0.000312805
0.000314951
0.000319004
0.000316143
0.000330687
0.000318050
0.000314236
0.000307798
0.000316143
0.000311136
0.000317812
0.000313759
0.000313044
0.000313997
0.000314951
0.000324726
0.000315189
0.000314713
0.000317097
0.000312805
0.000317574
0.000313759
0.000312328
0.000313997
0.000324249
0.000316143
0.000317335
0.000317097
0.000314713
0.000310898
0.000322104
0.000313044
0.000317812
0.000310898
0.000320435
0.000318050
0.000314474
0.000318050
0.000314713
0.000313282
0.000318527
0.000314474
0.000314713
0.000324011
0.000307798
0.000310421
0.000310183
0.000318766
0.000312328
0.000309229
0.000316620
0.000315666
0.000304937
0.000313997
0.000326633
0.000322104
0.000317097
0.000311375
0.000316381
0.000314474
0.000317812
0.000310659
0.000308514
0.000312805
0.000324965
0.000322104
0.000314713
0.000305176
0.000312805
0.000317097
0.000321627
0.000319958
0.000317335
0.000317097
0.000330210
0.000329018
0.000310898
0.000311136
0.000313044
0.000311613
0.000317812
0.000316858
0.000314713
0.000301361
0.000312567
0.000312328
0.000315189
0.000314713
0.000307083
0.000313520
0.000313282
0.000307322
0.000295639
0.000311613
0.000323772
0.000314474
0.000313997
0.000319958
0.000315666
0.000314474
0.000311375
0.000300884
0.000320673
0.000319958
0.000314713
0.000313520
0.000313282
0.000323296
0.000314236
0.000322342
0.000315189
0.000307322
0.000320911
0.000315428
0.000326395
0.000315666
0.000320911
0.000311852
0.000318050
0.000315428
0.000318527
0.000319719
0.000314236
0.000316620
0.000321627
0.000311375
0.000317812
0.000318766
0.000313997
0.000318766
0.000314713
0.000315428
0.000316858
0.000315189
0.000306606
0.000314474
0.000315666
0.000312805
0.000314474
0.000330210
0.000315666
0.000316143
0.000313997
0.000313282
0.000311852
0.000317097
0.000311136
0.000316381
0.000318050
0.000317097
0.000313997
0.000317097
0.000318289
0.000310659
0.000308037
0.000317097
0.000318050
0.000314951
0.000316858
0.000314713
0.000313282
0.000310659
0.000316620
0.000317574
0.000316143
0.000315666
0.000315189
0.000308752
0.000313759
0.000312328
0.000316858
0.000311852
0.000317335
0.000316143
0.000306368
0.000316858
0.000316620
0.000312805
0.000316143
0.000311852
0.000315666
0.000311852
0.000304222
0.000312805
0.000319481
0.000314951
0.000315905
0.000302076
0.000313520
0.000312567
0.000315428
0.000312090
0.000316143
0.000311613
0.000313997
0.000309944
0.000312328
0.000318766
0.000315189
0.000315428
0.000303268
0.000311852
0.000313520
0.000316143
0.000319242
0.000301361
0.000314474
0.000308514
0.000328541
0.000313997
0.000316620
0.000313282
0.000315428
0.000315428
0.000315905
0.000312090
0.000319719
0.000312090
0.000311136
0.000314474
0.000315189
0.000312567
0.000313282
0.000307083
0.000315189
0.000313997
0.000314474
0.000314713
0.000317335
0.000313520
0.000315189
0.000310898
0.000316858
0.000311852
0.000301838
0.000312567
0.000325441
0.000313997
0.000298977
0.000313997
0.000318050
0.000324965
0.000318289
0.000330210
0.000317097
0.000319481
0.000323772
0.000315666
0.000318050
0.000317097
0.000317097
0.000318289
0.000314474
0.000313759
0.000317812
0.000297308
0.000313044
0.000306129
0.000306606
0.000306368
0.000310183
0.000307322
0.000333309
0.000337362
0.000347137
0.000341654
0.000357151
0.000314236
0.000313759
0.000311136
0.000313520
0.000324011
0.000320196
0.000316620
0.000299215
0.000313282
0.000301600
0.000314713
0.000315666
0.000318527
0.000313044
0.000312805
0.000316620
0.000313520
0.000318766
0.000310898
0.000317812
0.000314474
0.000313520
0.000303268
0.000316620
0.000312328
0.000317574
0.000315905
0.000300169
0.000313520
0.000312567
0.000316143
0.000313759
0.000300646
0.000311136
0.000316143
0.000314951
0.000315905
0.000307560
0.000315189
0.000319242
0.000318527
0.000319719
0.000302553
0.000314236
0.000311375
0.000315189
0.000316381
0.000317812
0.000315189
0.000317097
0.000314951
0.000316858
0.000312090
0.000312090
0.000315428
0.000310659
0.000311375
0.000314951
0.000313520
0.000313044
0.000319004
0.000309467
0.000312805
0.000311375
0.000313759
0.000316858
0.000319242
0.000315428
0.000313044
0.000318766
0.000312328
0.000312567
0.000314474
0.000318050
0.000315189
0.000316858
0.000312805
0.000319719
0.000311375
0.000317097
0.000311375
0.000314236
0.000311613
0.000317812
0.000318050
0.000315189
0.000313759
0.000321627
0.000298023
0.000320911
0.000320196
0.000314951
0.000317335
0.000312567
0.000313997
0.000316858
0.000308514
0.000315189
0.000319481
0.000317335
0.000316620
0.000315666
0.000313997
0.000313282
0.000313520
0.000316143
0.000317335
0.000320196
0.000312567
0.000316620
0.000316858
0.000318050
0.000314951
0.000313282
0.000309944
0.000317812
0.000314713
0.000311852
0.000315428
0.000310659
0.000318527
0.000319481
0.000319481
0.000314713
0.000317335
0.000319242
0.000314713
0.000313759
0.000316620
0.000300646
0.000312328
0.000315428
0.000318050
0.000314951
0.000319958
0.000313997
0.000316858
0.000325918
0.000316381
0.000319242
0.000315666
0.000318050
0.000316620
0.000319481
0.000313520
0.000312090
0.000313759
0.000318766
0.000314474
0.000313044
0.000312090
0.000317335
0.000317097
0.000313997
0.000313044
0.000316858
0.000312567
0.000324488
0.000315189
0.000318766
0.000318050
0.000317812
0.000311375
0.000315666
0.000314474
0.000316381
0.000315189
0.000321388
0.000317097
0.000319242
0.000314236
0.000320435
0.000314951
0.000319719
0.000315905
0.000315189
0.000319242
0.000318527
0.000313044
0.000315428
0.000321865
0.000317335
0.000315666
0.000317335
0.000312567
0.000314474
0.000318527
0.000324488
0.000315666
0.000311375
0.000317574
0.000319719
0.000314951
0.000313997
0.000314236
0.000321865
0.000315905
0.000313997
0.000314236
0.000316143
0.000306845
0.000316143
0.000317335
0.000316143
0.000319242
0.000313044
0.000315905
0.000314713
0.000309229
0.000313282
0.000310659
0.000316381
0.000314474
0.000308752
0.000315189
0.000288725
0.000289440
0.000283718
0.000257254
0.000267029
0.000342607
0.000319719
0.000311852
0.000314951
0.000315189
0.000313759
0.000313282
0.000321865
0.000316143
0.000313997
0.000318766
0.000314236
0.000316858
0.000316620
0.000315905
0.000315666
0.000304937
0.000306845
0.000299931
0.000313997
0.000316858
0.000317574
0.000312090
0.000313759
0.000314236
0.000318766
0.000315666
0.000315666
0.000310659
0.000320911
0.000307083
0.000302076
0.000317097
0.000315189
0.000317335
0.000313282
0.000305891
0.000317097
0.000313759
0.000313044
0.000319242
0.000312805
0.000313520
0.000313759
0.000313282
0.000317812
0.000315189
0.000315428
0.000313997
0.000313520
0.000314236
0.000318050
0.000314474
0.000317574
0.000302553
0.000316858
0.000312567
0.000320911
0.000321150
0.000311375
0.000303030
0.000315905
0.000312805
0.000315905
0.000312567
0.000318766
0.000312328
0.000319481
0.000313282
0.000316381
0.000313520
0.000316381
0.000309229
0.000318050
0.000313044
0.000317097
0.000315428
0.000309467
0.000316620
0.000311852
0.000313520
0.000316858
0.000327110
0.000321627
0.000318289
0.000316381
0.000315428
0.000316858
0.000319242
0.000320673
0.000316620
0.000315428
0.000315189
0.000318527
0.000316143
0.000318050
0.000316381
0.000312805
0.000313044
0.000313282
0.000316858
0.000337601
0.000320435
0.000317812
0.000313282
0.000310898
0.000316858
0.000320435
0.000315905
0.000319004
0.000317812
0.000317335
0.000314236
0.000319242
0.000317574
0.000313997
0.000313044
0.000311375
0.000313997
0.000315905
0.000316143
0.000319242
0.000319242
0.000317812
0.000302076
0.000316858
0.000314474
0.000314474
0.000318766
0.000320435
0.000314474
0.000301361
0.000314713
0.000303507
0.000319242
0.000315189
0.000317574
0.000317097
0.000319719
0.000318289
0.000316381
0.000318050
0.000317097
0.000310898
0.000315905
0.000319958
0.000316381
0.000319242
0.000315428
0.000317812
0.000316620
0.000317097
0.000319481
0.000318766
0.000316858
0.000317097
0.000314713
0.000317812
0.000318050
0.000319242
0.000314236
0.000317097
0.000324249
0.000320435
0.000320196
0.000312328
0.000307083
0.000317097
0.000314236
0.000315666
0.000313997
0.000311375
0.000315666
0.000315428
0.000315428
0.000317097
0.000312805
0.000316381
0.000315428
0.000322819
0.000311375
0.000322819
0.000316620
0.000314713
0.000314713
0.000313997
0.000317097
0.000321865
0.000317335
0.000319242
0.000315428
0.000326157
0.000315905
0.000314713
0.000317097
0.000317574
0.000302553
0.000317097
0.000314236
0.000317335
0.000314474
0.000328302
0.000319242
0.000317574
0.000317097
0.000316620
0.000318766
0.000315666
0.000313759
0.000317812
0.000317335
0.000316143
0.000315189
0.000313759
0.000313282
0.000318766
0.000316620
0.000325203
0.000316381
0.000314713
0.000315666
0.000317335
0.000316858
0.000319719
0.000316858
0.000319719
0.000318050
0.000314951
0.000317574
0.000320435
0.000315666
0.000319481
0.000313759
0.000315905
0.000314474
0.000315428
0.000308275
0.000313520
0.000309944
0.000308514
0.000307798
0.000304461
0.000293970
0.000294209
0.000323534
0.000344515
0.000341892
0.000348568
0.000350952
0.000322819
0.000316143
0.000300646
0.000313044
0.000313759
0.000312090
0.000313997
0.000312090
0.000311136
0.000319242
0.000319719
0.000313520
0.000312090
0.000312805
0.000301123
0.000322580
0.000313997
0.000315189
0.000317335
0.000316143
0.000315666
0.000314474
0.000314951
0.000311375
0.000313997
0.000313044
0.000314474
0.000311852
0.000314474
0.000313520
0.000312567
0.000313282
0.000310898
0.000317574
0.000317812
0.000310659
0.000319004
0.000312805
0.000317574
0.000315428
0.000315666
0.000312567
0.000318050
0.000314236
0.000318050
0.000309229
0.000313520
0.000318050
0.000315428
0.000311375
0.000317097
0.000313759
0.000311136
0.000315666
0.000312567
0.000315666
0.000313282
0.000314236
0.000316381
0.000313759
0.000318050
0.000315666
0.000312328
0.000309467
0.000319004
0.000311136
0.000318050
0.000317335
0.000314951
0.000314951
0.000314236
0.000318766
0.000315189
0.000317335
0.000316620
0.000317097
0.000313282
0.000320435
0.000322104
0.000312328
0.000314474
0.000303745
0.000316620
0.000312090
0.000317097
0.000311613
0.000294685
0.000319481
0.000318050
0.000315428
0.000313520
0.000302553
0.000314713
0.000312805
0.000318050
0.000313282
0.000297308
0.000314236
0.000320196
0.000312328
0.000314474
0.000329971
0.000314474
0.000313997
0.000312805
0.000312805
0.000313997
0.000313997
0.000321627
0.000311375
0.000316620
0.000321388
0.000315428
0.000317812
0.000314236
0.000316620
0.000319004
0.000313520
0.000317812
0.000315666
0.000309229
0.000311136
0.000315189
0.000311852
0.000315189
0.000311375
0.000315428
0.000316143
0.000317812
0.000313759
0.000318050
0.000315428
0.000317812
0.000310421
0.000315905
0.000314713
0.000315428
0.000313997
0.000315428
0.000305414
0.000312805
0.000314951
0.000318289
0.000317097
0.000318766
0.000311136
0.000313282
0.000314474
0.000324965
0.000338078
0.000316143
0.000313520
0.000316381
0.000316381
0.000318766
0.000313282
0.000317574
0.000314713
0.000320435
0.000312328
0.000315189
0.000316620
0.000302792
0.000313997
0.000314236
0.000316143
0.000313282
0.000315189
0.000316620
0.000315666
0.000315666
0.000315666
0.000318289
0.000319004
0.000310183
0.000319958
0.000319481
0.000322342
0.000319004
0.000313997
0.000316381
0.000317097
0.000311852
0.000316143
0.000316381
0.000313759
0.000312567
0.000316143
0.000320435
0.000312567
0.000319242
0.000313520
0.000315189
0.000319719
0.000313044
0.000312567
0.000315905
0.000313759
0.000316858
0.000313520
0.000300884
0.000316143
0.000313044
0.000316620
0.000317812
0.000301361
0.000316381
0.000314474
0.000319481
0.000313282
0.000297308
0.000313044
0.000318289
0.000314474
0.000313520
0.000315428
0.000317335
0.000314713
0.000317812
0.000316620
0.000310898
0.000310659
0.000316858
0.000317097
0.000316143
0.000299692
0.000316858
0.000315189
0.000319481
0.000311613
0.000315666
0.000317574
0.000319481
0.000319481
0.000309944
0.000299931
0.000314474
0.000312090
0.000315666
0.000314713
0.000302553
0.000310421
0.000314236
0.000314236
0.000318050
0.000301838
0.000311852
0.000311613
0.000315428
0.000315428
0.000306606
0.000309706
0.000316143
0.000318766
0.000308275
0.000308752
0.000314713
0.000321150
0.000315189
0.000312805
0.000308037
0.000314713
0.000315905
0.000314713
0.000313044
0.000296354
0.000314951
0.000312805
0.000317812
0.000313997
0.000301361
0.000316381
0.000314474
0.000314474
0.000319958
0.000331640
0.000319004
0.000314713
0.000303984
0.000315189
0.000293732
0.000302315
0.000316620
0.000317574
0.000316620
0.000315189
0.000312567
0.000315189
0.000320911
0.000313520
0.000314474
0.000314474
0.000315428
0.000312805
0.000317574
0.000311852
0.000316858
0.000310898
0.000320196
0.000280619
0.000319719
0.000311136
0.000324488
0.000278711
0.000318527
0.000317574
0.000314474
0.000313044
0.000323772
0.000313044
0.000313759
0.000311613
0.000319242
0.000312567
0.000316143
0.000313044
0.000312328
0.000324011
0.000318289
0.000313282
0.000317574
0.000314951
0.000315905
0.000318050
0.000315905
0.000316381
0.000313282
0.000311852
0.000322104
0.000312090
0.000317574
0.000313520
0.000319242
0.000313759
0.000316620
0.000315189
0.000318050
0.000313997
0.000301361
0.000314713
0.000313759
0.000316143
0.000314474
0.000309467
0.000318766
0.000318050
0.000316143
0.000310421
0.000312090
0.000314236
0.000318050
0.000317097
0.000314951
0.000311136
0.000315189
0.000314474
0.000316620
0.000316620
0.000317335
0.000312328
0.000316620
0.000314236
0.000315905
0.000313520
0.000316381
0.000310659
0.000316143
0.000316381
0.000316381
0.000317335
0.000319004
0.000317812
0.000317812
0.000313282
0.000317812
0.000312090
0.000319242
0.000315666
0.000325441
0.000314951
0.000319719
0.000314951
0.000316143
0.000316143
0.000316858
0.000316620
0.000301123
0.000311136
0.000316143
0.000309467
0.000315666
0.000304222
0.000320673
0.000313997
0.000317574
0.000310898
0.000293732
0.000313282
0.000320196
0.000310659
0.000316143
0.000301838
0.000311613
0.000309706
0.000315428
0.000314474
0.000287533
0.000313044
0.000316858
0.000309467
0.000316381
0.000342131
0.000311136
0.000310421
0.000307322
0.000303745
0.000319958
0.000305414
0.000309229
0.000308037
0.000308752
0.000295162
0.000308990
0.000302315
0.000307798
0.000307322
0.000305414
0.000305176
0.000310421
0.000306845
0.000306845
0.000306368
0.000308275
0.000306606
0.000309229
0.000305653
0.000303507
0.000305414
0.000309229
0.000305891
0.000305414
0.000306129
0.000305891
0.000302553
0.000306368
0.000305414
0.000314951
0.000308990
0.000315666
0.000306606
0.000311375
0.000291824
0.000308037
0.000306606
0.000313997
0.000309944
0.000302792
0.000313044
0.000313282
0.000315189
0.000300169
0.000300884
0.000304937
0.000311136
0.000323534
0.000340939
0.000344276
0.000338554
0.000316143
0.000317097
0.000317574
0.000317574
0.000315905
0.000317812
0.000312805
0.000311613
0.000312805
0.000315428
0.000321627
0.000324011
0.000311136
0.000302553
0.000317335
0.000311852
0.000317335
0.000314236
0.000292778
0.000315666
0.000315428
0.000311375
0.000314713
0.000301838
0.000313282
0.000313282
0.000313044
0.000313282
0.000308275
0.000313520
0.000318050
0.000312328
0.000316381
0.000324011
0.000316620
0.000310898
0.000308990
0.000316620
0.000309467
0.000317335
0.000319481
0.000316620
0.000313759
0.000318766
0.000330448
0.000311852
0.000303984
0.000322819
0.000316381
0.000303745
0.000318766
0.000305414
0.000313759
0.000311613
0.000307322
0.000322104
0.000308752
0.000312090
0.000318527
0.000336170
0.000317812
0.000301123
0.000314236
0.000313997
0.000317812
0.000313044
0.000308990
0.000313759
0.000317097
0.000381947
0.000317097
0.000316858
0.000315666
0.000313044
0.000307322
0.000306606
0.000314236
0.000311613
0.000316143
0.000388861
0.000316143
0.000310183
0.000310659
0.000317812
0.000313759
0.000313044
0.000312567
0.000315666
0.000314474
0.000315428
0.000315905
0.000317097
0.000318527
0.000319481
0.000307798
0.000314713
0.000309467
0.000311613
0.000316620
0.000319719
0.000962973
0.000317812
0.000316858
0.000317335
0.000315428
0.000315905
0.000317097
0.000317812
0.000318766
0.000304937
0.000321627
0.000317335
0.000314474
0.000317335
0.000319242
0.000314236
0.000316858
0.000314713
0.000316381
0.000310898
0.000318289
0.000312805
0.000314951
0.000316381
0.000316381
0.000312567
0.000314474
0.000306845
0.000317574
0.000309706
0.000322342
0.000314474
0.000320435
0.000311136
0.000317335
0.000314236
0.000313520
0.000327826
0.000313997
0.000311613
0.000314713
0.000319004
0.000315428
0.000312328
0.000316381
0.000315189
0.000315666
0.000311375
0.000316620
0.000312567
0.000318050
0.000314474
0.000318527
0.000313997
0.000311375
0.000315428
0.000312567
0.000323057
0.000316620
0.000311852
0.000317097
0.000313044
0.000316381
0.000311852
0.000315666
0.000318527
0.000312567
0.000323772
0.000314713
0.000315905
0.000317335
0.000313759
0.000288725
0.000309706
0.000315666
0.000296831
0.000313759
0.000315666
0.000316620
0.000312567
0.000318050
0.000319004
0.000311613
0.000313044
0.000318766
0.000313997
0.000316143
0.000312090
0.000312567
0.000314951
0.000305176
0.000321150
0.000314474
0.000316620
0.000317097
0.000301123
0.000319958
0.000312328
0.000313282
0.000316143
0.000323296
0.000313997
0.000315189
0.000311613
0.000317097
0.000314236
0.000315428
0.000312090
0.000330448
0.000314236
0.000313044
0.000312567
0.000319958
0.000314474
0.000314236
0.000313282
0.000316143
0.000313759
0.000311375
0.000310659
0.000314236
0.000318289
0.000312805
0.000312567
0.000318527
0.000316143
0.000311613
0.000317097
0.000315666
0.000313520
0.000315428
0.000312805
0.000315428
0.000309229
0.000298738
0.000312090
0.000315189
0.000312567
0.000317097
0.000309944
0.000314713
0.000315189
0.000313520
0.000315666
0.000315428
0.000310898
0.000316381
0.000312328
0.000311613
0.000314474
0.000313997
0.000312567
0.000314951
0.000307083
0.000313997
0.000311613
0.000318050
0.000309706
0.000316381
0.000314713
0.000323057
0.000316143
0.000312090
0.000320673
0.000316858
0.000316858
0.000313759
0.000314236
0.000319004
0.000314474
0.000318050
0.000313759
0.000317335
0.000313997
0.000318289
0.000314713
0.000310659
0.000312567
0.000308752
0.000317335
0.000319481
0.000319004
0.000315666
0.000312567
0.000316143
0.000315905
0.000317574
0.000313044
0.000317097
0.000311136
0.000317097
0.000314951
0.000317097
0.000318766
0.000320673
0.000315428
0.000310898
0.000312805
0.000314713
0.000311852
0.000318527
0.000305414
0.000315905
0.000313044
0.000314474
0.000321150
0.000317574
0.000311375
0.000310421
0.000313997
0.000315666
0.000312090
0.000316143
0.000316858
0.000317097
0.000311852
0.000319481
0.000314236
0.000311852
0.000314236
0.000323057
0.000312328
0.000295162
0.000310659
0.000317574
0.000313044
0.000317574
0.000315905
0.000314951
0.000312805
0.000317812
0.000312328
0.000314713
0.000316858
0.000315428
0.000309229
0.000313997
0.000303030
0.000304222
0.000319004
0.000314951
0.000315428
0.000287771
0.000314236
0.000315428
0.000313282
0.000314713
0.000316620
0.000315189
0.000311375
0.000314713
0.000313520
0.000312567
0.000310659
0.000316143
0.000313520
0.000315905
0.000321388
0.000316143
0.000313044
0.000316858
0.000314713
0.000306606
0.000314951
0.000313997
0.000311375
0.000316620
0.000303268
0.000315428
0.000311375
0.000316143
0.000314713
0.000323057
0.000313044
0.000315666
0.000311613
0.000318289
0.000309467
0.000315189
0.000312328
0.000319242
0.000312567
0.000315189
0.000314474
0.000314474
0.000312805
0.000315666
0.000315428
0.000314713
0.000312805
0.000314236
0.000319004
0.000312328
0.000312090
0.000309467
0.000313520
0.000313282
0.000315905
0.000312090
0.000314951
0.000317097
0.000314951
0.000321865
0.000309467
0.000316143
0.000312805
0.000318766
0.000316858
0.000315905
0.000306606
0.000317574
0.000314951
0.000321150
0.000315905
0.000319719
0.000314236
0.000287294
0.000317574
0.000314474
0.000310898
0.000315905
0.000316143
0.000313282
0.000315428
0.000314474
0.000315428
0.000318289
0.000314713
0.000316620
0.000313520
0.000318289
0.000300884
0.000319481
0.000313997
0.000316620
0.000300169
0.000316143
0.000317812
0.000319958
0.000314474
0.000305176
0.000315189
0.000311136
0.000311613
0.000313044
0.000305653
0.000317335
0.000316143
0.000316143
0.000318289
0.000311136
0.000318766
0.000319004
0.000313282
0.000316143
0.000321150
0.000318766
0.000312090
0.000304937
0.000310183
0.000306845
0.000308037
0.000307560
0.000313997
0.000335693
0.000338554
0.000343561
0.000346422
0.000344753
0.000364780
0.000324488
0.000318527
0.000305414
0.000311852
0.000318050
0.000313282
0.000316620
0.000314474
0.000312805
0.000314474
0.000324249
0.000313044
0.000311136
0.000313282
0.000313997
0.000312328
0.000311375
0.000317097
0.000316620
0.000302553
0.000319242
0.000323057
0.000316620
0.000313044
0.000314474
0.000315428
0.000320435
0.000319481
0.000318289
0.000301361
0.000321388
0.000312090
0.000316143
0.000321150
0.000302076
0.000315189
0.000316858
0.000311136
0.000317574
0.000321388
0.000317097
0.000317335
0.000317097
0.000316381
0.000327587
0.000317097
0.000316858
0.000312567
0.000319719
0.000316143
0.000322819
0.000319958
0.000315189
0.000319481
0.000315666
0.000315428
0.000316620
0.000318289
0.000316620
0.000319242
0.000320196
0.000314474
0.000263929
0.000318050
0.000313997
0.000314713
0.000314951
0.000306845
0.000318050
0.000314713
0.000321150
0.000314951
0.000312328
0.000318766
0.000316620
0.000318289
0.000311613
0.000315428
0.000319719
0.000313759
0.000310183
0.000315666
0.000317097
0.000318527
0.000311852
0.000314474
0.000315666
0.000317574
0.000316858
0.000300407
0.000303507
0.000311375
0.000262976
0.000318050
0.000315666
0.000302553
0.000318050
0.000316381
0.000318527
0.000313044
0.000334263
0.000311613
0.000318289
0.000319004
0.000317097
0.000319242
0.000314236
0.000311852
0.000317812
0.000312328
0.000298500
0.000313997
0.000315189
0.000316381
0.000320911
0.000315666
0.000318050
0.000311852
0.000302553
0.000322819
0.000325203
0.000319004
0.000262260
0.000323296
0.000315189
0.000313044
0.000315189
0.000319004
0.000318766
0.000308514
0.000318766
0.000315666
0.000313520
0.000319719
0.000317335
0.000313282
0.000307560
0.000313520
0.000316143
0.000316858
0.000322342
0.000330210
0.000316381
0.000316143
0.000313044
0.000319958
0.000314713
0.000318050
0.000315189
0.000316381
0.000314951
0.000313520
0.000262499
0.000313997
0.000302315
0.000317335
0.000314951
0.000312805
0.000316143
0.000299215
0.000320435
0.000314713
0.000314713
0.000313759
0.000314236
0.000313759
0.000314474
0.000318050
0.000314951
0.000316143
0.000318289
0.000311852
0.000314474
0.000312805
0.000315905
0.000318766
0.000313759
0.000312090
0.000313759
0.000315905
0.000320196
0.000314713
0.000260592
0.000314713
0.000321150
0.000319004
0.000287056
0.000317812
0.000312090
0.000310659
0.000320196
0.000317574
0.000313044
0.000312328
0.000317335
0.000314713
0.000333786
0.000314474
0.000316620
0.000314474
0.000322342
0.000316143
0.000317812
0.000313282
0.000315905
0.000303507
0.000309944
0.000314236
0.000314951
0.000314713
0.000320911
0.000318050
0.000261307
0.000314951
0.000313282
0.000313520
0.000315666
0.000314713
0.000315428
0.000319242
0.000313759
0.000313997
0.000314713
0.000304461
0.000319242
0.000312328
0.000318289
0.000311136
0.000295401
0.000314951
0.000317574
0.000312805
0.000315428
0.000315666
0.000316620
0.000317335
0.000309467
0.000314474
0.000326395
0.000314474
0.000320435
0.000314713
0.000266075
0.000316381
0.000317812
0.000312805
0.000319004
0.000311613
0.000318766
0.000313520
0.000298977
0.000312805
0.000314474
0.000314474
0.000314474
0.000311613
0.000305891
0.000312567
0.000316143
0.000311375
0.000316143
0.000312328
0.000314474
0.000314713
0.000314474
0.000312328
0.000304699
0.000316858
0.000313997
0.000302792
0.000316381
0.000319958
0.000232935
0.000315666
0.000324965
0.000346184
0.000315666
0.000321627
0.000321388
0.000351191
0.000339746
0.000321150
0.000276089
0.000297546
0.000308037
0.000354528
0.000316858
0.000318766
0.000308514
0.000316858
0.000338793
0.000319481
0.000329256
0.000331640
0.000326633
0.000318527
0.000320911
0.000315666
0.000319481
0.000324488
0.000281096
0.000321150
0.000266790
0.000320196
0.000349998
0.000351429
0.000315666
0.000324011
0.000345230
0.000279188
0.000302315
0.000299215
0.000347853
0.000302553
0.000306845
0.000295162
0.000324726
0.000322580
0.000323057
0.000348806
0.000309229
0.000324965
0.000345945
0.000304461
0.000316143
0.000324488
0.000316381
0.000318766
0.000324011
0.000322819
0.000298262
0.000317335
0.000241756
0.000313282
0.000311613
0.000320435
0.000318289
0.000314236
0.000314951
0.000312567
0.000313759
0.000317812
0.000319004
0.000317097
0.000314236
0.000320196
0.000317097
0.000316620
0.000315905
0.000319958
0.000299931
0.000320673
0.000319004
0.000316381
0.000316381
0.000320435
0.000317812
0.000317574
0.000290155
0.000318050
0.000305653
0.000317097
0.000266075
0.000311852
0.000296593
0.000299931
0.000297070
0.000300407
0.000295639
0.000299454
0.000281811
0.000298500
0.000302553
0.000298500
0.000301838
0.000298023
0.000302315
0.000297546
0.000301838
0.000295162
0.000292301
0.000303030
0.000297546
0.000298023
0.000299454
0.000298738
0.000300169
0.000298738
0.000297308
0.000306845
0.000287771
0.000303507
0.000282764
0.000263453
0.000278950
0.000276327
0.000280142
0.000277042
0.000283480
0.000284672
0.000273228
0.000295639
0.000277996
0.000282049
0.000281811
0.000283003
0.000281811
0.000280619
0.000284672
0.000285387
0.000269890
0.000289440
0.000279188
0.000284433
0.000287771
0.000278473
0.000282049
0.000289202
0.000283957
0.000282049
0.000268698
0.000285149
0.000280857
0.000279427
0.000254631
0.000287056
0.000284910
0.000280857
0.000287294
0.000283957
0.000276089
0.000283003
0.000280619
0.000282049
0.000279188
0.000278950
0.000283957
0.000281811
0.000280380
0.000283241
0.000271797
0.000285625
0.000283718
0.000286102
0.000283480
0.000281572
0.000284433
0.000255108
0.000285625
0.000284910
0.000279188
0.000281811
0.000254393
0.000264168
0.000266790
0.000263691
0.000271082
0.000252724
0.000274897
0.000272989
0.000326395
0.000290632
0.000257969
0.000305653
0.000293255
0.000288486
0.000295162
0.000306368
0.000307798
0.000248671
0.000277519
0.000280619
0.000281572
0.000284433
0.000280619
0.000279665
0.000278950
0.000281096
0.000286579
0.000284195
0.000272989
0.000279188
0.000283241
0.000282049
0.000279903
0.000281334
0.000284433
0.000289202
0.000280857
0.000277042
0.000276566
0.000277281
0.000277519
0.000282526
0.000285387
0.000281572
0.000284672
0.000283003
0.000283003
0.000281096
0.000275135
0.000282288
0.000284433
0.000281572
0.000277996
0.000257015
0.000282526
0.000281096
0.000282288
0.000282764
0.000277042
0.000279903
0.000283241
0.000281811
0.000279427
0.000286341
0.000278950
0.000282526
0.000289679
0.000283718
0.000269175
0.000279188
0.000282288
0.000283718
0.000282049
0.000310659
0.000282764
0.000282049
0.000283718
0.000280142
0.000273228
0.000285387
0.000287294
0.000255823
0.000282526
0.000282288
0.000283480
0.000281334
0.000287056
0.000280142
0.000274420
0.000279903
0.000278473
0.000283241
0.000283003
0.000287294
0.000279427
0.000278950
0.000287533
0.000285625
0.000282526
0.000255108
0.000278473
0.000287533
0.000285387
0.000279903
0.000288010
0.000281572
0.000284910
0.000286102
0.000272989
0.000284433
0.000287533
0.000279665
0.000282288
0.000283480
0.000285864
0.000281334
0.000278950
0.000276566
0.000278950
0.000281096
0.000285149
0.000280142
0.000290394
0.000284195
0.000282526
0.000282526
0.000283718
0.000279427
0.000272751
0.000280619
0.000286102
0.000280619
0.000280857
0.000285387
0.000282764
0.000254869
0.000286341
0.000280619
0.000267506
0.000292301
0.000269413
0.000281334
0.000286818
0.000281572
0.000279665
0.000281811
0.000285625
0.000281572
0.000272036
0.000287533
0.000283957
0.000285387
0.000285625
0.000255346
0.000282764
0.000285149
0.000282049
0.000280380
0.000274420
0.000281334
0.000282526
0.000284195
0.000280619
0.000287771
0.000278234
0.000277996
0.000282526
0.000284910
0.000279427
0.000281811
0.000283241
0.000292063
0.000284910
0.000281811
0.000283003
0.000280857
0.000253201
0.000281811
0.000268698
0.000287533
0.000279665
0.000282288
0.000283718
0.000283718
0.000283480
0.000273466
0.000282049
0.000283957
0.000277519
0.000285625
0.000280857
0.000281811
0.000286818
0.000283718
0.000283718
0.000280857
0.000285149
0.000283480
0.000274181
0.000281811
0.000288963
0.000284433
0.000255108
0.000290155
0.000253201
0.000284195
0.000285387
0.000290632
0.000278234
0.000254631
0.000276327
0.000279665
0.000283241
0.000278711
0.000277758
0.000278950
0.000286579
0.000278473
0.000278711
0.000280380
0.000280857
0.000277042
0.000272751
0.000278711
0.000276327
0.000277281
0.000279903
0.000280380
0.000267744
0.000283003
0.000279427
0.000279427
0.000280380
0.000275373
0.000274897
0.000269651
0.000271559
0.000248909
0.000267267
0.000273943
0.000275850
0.000270844
0.000274420
0.000275373
0.000276804
0.000270844
0.000272036
0.000273705
0.000262260
0.000272512
0.000272274
0.000271082
0.000274658
0.000272512
0.000272036
0.000246763
0.000274897
0.000276566
0.000269175
0.000274897
0.000276327
0.000274897
0.000274658
0.000272751
0.000272036
0.000270367
0.000274181
0.000276327
0.000262260
0.000276804
0.000276089
0.000277519
0.000274897
0.000278234
0.000277281
0.000274897
0.000274420
0.000278234
0.000276327
0.000283003
0.000281572
0.000278711
0.000288010
0.000286341
0.000280619
0.000285387
0.000286102
0.000284195
0.000268936
0.000283957
0.000280380
0.000280619
0.000283003
0.000283480
0.000285149
0.000280142
0.000280380
0.000285625
0.000272274
0.000280619
0.000283957
0.000286341
0.000279665
0.000286341
0.000289202
0.000288248
0.000285864
0.000285387
0.000279427
0.000287294
0.000283480
0.000282526
0.000286341
0.000283003
0.000284672
0.000278950
0.000283480
0.000280380
0.000257969
0.000284910
0.000285387
0.000283957
0.000281334
0.000265837
0.000283957
0.000283480
0.000284433
0.000281096
0.000276566
0.000282049
0.000281096
0.000282764
0.000281096
0.000288248
0.000284672
0.000281572
0.000282049
0.000260592
0.000273228
0.000284672
0.000280619
0.000262260
0.000281811
0.000281572
0.000285149
0.000283003
0.000285149
0.000280380
0.000277996
0.000287294
0.000284433
0.000287056
0.000284195
0.000281096
0.000284910
0.000281096
0.000284910
0.000282526
0.000274658
0.000257969
0.000278473
0.000279903
0.000281572
0.000279427
0.000252724
0.000280142
0.000277519
0.000285387
0.000270605
0.000257015
0.000280142
0.000284195
0.000279903
0.000282288
0.000288248
0.000279903
0.000284195
0.000281811
0.000276089
0.000282526
0.000279665
0.000280619
0.000283003
0.000283718
0.000283241
0.000282288
0.000284672
0.000283003
0.000282526
0.000290394
0.000279427
0.000279188
0.000277042
0.000279665
0.000280857
0.000281811
0.000278950
0.000281096
0.000267029
0.000278473
0.000281096
0.000281811
0.000283480
0.000280142
0.000289679
0.000288486
0.000284195
0.000271559
0.000273943
0.000281334
0.000281334
0.000280142
0.000274658
0.000282049
0.000281096
0.000282049
0.000281334
0.000271082
0.000277281
0.000280857
0.000277758
0.000280142
0.000274897
0.000280380
0.000278473
0.000281811
0.000276327
0.000286818
0.000267982
0.000281572
0.000279903
0.000283718
0.000281572
0.000287056
0.000282526
0.000287294
0.000280142
0.000284433
0.000270605
0.000283241
0.000285864
0.000287771
0.000283718
0.000287771
0.000285625
0.000284433
0.000283718
0.000282049
0.000273943
0.000281096
0.000278234
0.000282764
0.000282288
0.000281811
0.000281334
0.000280380
0.000282049
0.000271797
0.000277996
0.000284433
0.000281334
0.000286341
0.000283241
0.000286818
0.000285625
0.000256777
0.000254631
0.000290394
0.000281811
0.000267506
0.000268936
0.000266552
0.000277281
0.000274897
0.000274658
0.000280380
0.000273228
0.000277042
0.000298262
0.000306368
0.000263453
0.000295877
