0.000461340
0.000475407
0.000391245
0.000380039
0.000454903
0.000384092
0.000380278
0.000475883
0.000406265
0.000358105
0.000453949
0.000398636
0.000355721
0.000357151
0.000439644
0.000364065
0.000374079
0.000355959
0.000452757
0.000337839
0.000369549
0.000362635
0.000385284
0.000456095
0.000372648
0.000349998
0.000373840
0.000357389
0.000453472
0.000354528
0.000358582
0.000473976
0.000368834
0.000396729
0.000507832
0.000375032
0.000398874
0.000363827
0.000394344
0.000355721
0.000453949
0.000357866
0.000386953
0.000453472
0.000387669
0.000401258
0.000395298
0.000381947
0.000478983
0.000385523
0.000404835
0.000473022
0.000396252
0.000381470
0.000389814
0.000390530
0.000459909
0.000360489
0.000357866
0.000379086
0.000392199
0.000432730
0.000369310
0.000352859
0.000370502
0.000360727
0.000480413
0.000401497
0.000367403
0.000449657
0.000341654
0.000357389
0.000358343
0.000450134
0.000396252
0.000357389
0.000367880
0.000438213
0.000375509
0.000353813
0.000453711
0.000384331
0.000391722
0.000355721
0.000394344
0.000382900
0.000453949
0.000346661
0.000375748
0.000359297
0.000464201
0.000354767
0.000369072
0.000357389
0.000454426
0.000360727
0.000478029
0.000381470
0.000389576
0.000385046
0.000369310
0.000341415
0.000339985
0.000362396
0.000358105
0.000352621
0.000368357
0.000361919
0.000389338
0.000383377
0.000392675
0.000384331
0.000356197
0.000400066
0.000385761
0.000386953
0.000364542
0.000360966
0.000371218
0.000358105
0.000390530
0.000360250
0.000363827
0.000355721
0.000363111
0.000365019
0.000401258
0.000361919
0.000365257
0.000358343
0.000389099
0.000360489
0.000369787
0.000357628
0.000360489
0.000354290
0.000360966
0.000348330
0.000396490
0.000387907
0.000389338
0.000388861
0.000385523
0.000358105
0.000385284
0.000348091
0.000389099
0.000381947
0.000390768
0.000383377
0.000400543
0.000387430
0.000393391
0.000381708
0.000349760
0.000378370
0.000349998
0.000384569
0.000354290
0.000386238
0.000387192
0.000386477
0.000361204
0.000387669
0.000394344
0.000384331
0.000385046
0.000355959
0.000388622
0.000396729
0.000386477
0.000381947
0.000391006
0.000383377
0.000391483
0.000401258
0.000369549
0.000360250
0.000329733
0.000359058
0.000345230
0.000357866
0.000361919
0.000359535
0.000362158
0.000356674
0.000368595
0.000392199
0.000389576
0.000359058
0.000390530
0.000394821
0.000391483
0.000381947
0.000394344
0.000386953
0.000395775
0.000382423
0.000397205
0.000360727
0.000392675
0.000362635
0.000388145
0.000380754
0.000377893
0.000386953
0.000387907
0.000388622
0.000393391
0.000356197
0.000360250
0.000383854
0.000407696
0.000369310
0.000384808
0.000390053
0.000388622
0.000387907
0.000389814
0.000353336
0.000334024
0.000358343
0.000362635
0.000356197
0.000398159
0.000351191
0.000369549
0.000396013
0.000363827
0.000329256
0.000365973
0.000362158
0.000359535
0.000353813
0.000362873
0.000351906
0.000390291
0.000391722
0.000392437
0.000386000
0.000378847
0.000380754
0.000390291
0.000386953
0.000390530
0.000347853
0.000389338
0.000384569
0.000391960
0.000394583
0.000388861
0.000354528
0.000384569
0.000375032
0.000384331
0.000353098
0.000360250
0.000356436
0.000372648
0.000336647
0.000325680
0.000359058
0.000364780
0.000354767
0.000361443
0.000364065
0.000366211
0.000387907
0.000393867
0.000378609
0.000387192
0.000369310
0.000389814
0.000390291
0.000405312
0.000368118
0.000365496
0.000360250
0.000365734
0.000358820
0.000329256
0.000360966
0.000358582
0.000357866
0.000362635
0.000382662
0.000353813
0.000351191
0.000359535
0.000361919
0.000364542
0.000337839
0.000368595
0.000362635
0.000365734
0.000327349
0.000323057
0.000315428
0.000320911
0.000318766
0.000398397
0.000365496
0.000376940
0.000367403
0.000408173
0.000406027
0.000396967
0.000391245
0.000402212
0.000387430
0.000396729
0.000397921
0.000399828
0.000396490
0.000368595
0.000383615
0.000397682
0.000393391
0.000400066
0.000364542
0.000398397
0.000396967
0.000400782
0.000397921
0.000399351
0.000395536
0.000402927
0.000352621
0.000398874
0.000398636
0.000375509
0.000389576
0.000368357
0.000391006
0.000394344
0.000344992
0.000329494
0.000393152
0.000401497
0.000399828
0.000396729
0.000397682
0.000365257
0.000390530
0.000366211
0.000371933
0.000368595
0.000365496
0.000394821
0.000390053
0.000371695
0.000366449
0.000363111
0.000393152
0.000393152
0.000394106
0.000332117
0.000347137
0.000397205
0.000386953
0.000372887
0.000382185
0.000336885
0.000388145
0.000395060
0.000390768
0.000394106
0.000357151
0.000386000
0.000384808
0.000390053
0.000387907
0.000367403
0.000381947
0.000393152
0.000316620
0.000393629
0.000306845
0.000393152
0.000371695
0.000398397
0.000386953
0.000394821
0.000333548
0.000392914
0.000386477
0.000392199
0.000383139
0.000394344
0.000386477
0.000314236
0.000392199
0.000354767
0.000338793
0.000349998
0.000354290
0.000335217
0.000274420
0.000328064
0.000326872
0.000345230
0.000327587
0.000326872
0.000328541
0.000324726
0.000336409
0.000323772
0.000325680
0.000344992
0.000336409
0.000329494
0.000327110
0.000338316
0.000338078
0.000339508
0.000337362
0.000334501
0.000332117
0.000344753
0.000347376
0.000337362
0.000352621
0.000343561
0.000338554
0.000341415
0.000338554
0.000342369
0.000356674
0.000352859
0.000637054
0.000677586
0.000364065
0.000395298
0.000399590
0.000393867
0.000398159
0.000860691
0.000903845
0.000852585
0.000385761
0.000989437
0.001010656
0.000383615
0.001030684
0.000395060
0.000394106
0.001016140
0.000388145
0.000393629
0.000940323
0.000957489
0.000388861
0.000391245
0.000373125
0.000398874
0.000375271
0.000951052
0.000396013
0.000343561
0.000395775
0.000987291
0.000372648
0.001006842
0.000395536
0.001044989
0.000399351
0.000400543
0.000412464
0.000378847
0.000393152
0.000407934
0.000367641
0.000369549
0.000362635
0.000375748
0.000386477
0.000372171
0.000393152
0.000399351
0.000396252
0.000401735
0.000390768
0.000400066
0.000396252
0.000396013
0.000374317
0.000378132
0.000361443
0.000397444
0.000399828
0.000375748
0.000401735
0.000340939
0.000355959
0.000345707
0.000389814
0.000399828
0.000386477
0.000328779
0.000343084
0.000391722
0.000392199
0.000367880
0.000388384
0.000393629
0.000390768
0.000390053
0.000382662
0.000389576
0.000387907
0.000394583
0.000387192
0.000389099
0.000400305
0.000389576
0.000541687
0.000387669
0.000389576
0.000363111
0.000359058
0.000362396
0.000360727
0.000361204
0.000363111
0.000366211
0.000380278
0.000365973
0.000330687
0.000361919
0.000366211
0.000360012
0.000390053
0.000388861
0.000387192
0.000392914
0.000374079
0.000364542
0.000362635
0.000319481
0.000366449
0.000363111
0.000394344
0.000363827
0.000356197
0.000359774
0.000394583
0.000362158
0.000355721
0.000390530
0.000386953
0.000367641
0.000391006
0.000387430
0.000360727
0.000388622
0.000392437
0.000360727
0.000365496
0.000361919
0.000362873
0.000392675
0.000364542
0.000361204
0.000385761
0.000364065
0.000387192
0.000400066
0.000394821
0.000478029
0.000397921
0.000397205
0.000333786
0.000399113
0.000397444
0.000389814
0.000382423
0.000319719
0.000309706
0.000339031
0.000343800
0.000357389
0.000318766
0.000351906
0.000352859
0.000345469
0.000344515
0.000389099
0.000329971
0.000244856
0.000349045
0.000404358
0.000402451
0.000363111
0.000394821
0.000373363
0.000437975
0.000389814
0.000395298
0.000394344
0.000417709
0.000341177
0.000415564
0.000397205
0.000398159
0.000402927
0.000378847
0.000393152
0.000381947
0.000370026
0.000402927
0.000344515
0.000377178
0.000385046
0.000365496
0.000368357
0.000365496
0.000385523
0.000374317
0.000370264
0.000394344
0.000393629
0.000398874
0.000400543
0.000416994
0.000395298
0.000394344
0.000400543
0.000396013
0.000384331
0.000377417
0.000399590
0.000399351
0.000401497
0.000362158
0.000398636
0.000535965
0.000399828
0.000399590
0.000375271
0.000395060
0.000399828
0.000390768
0.000372648
0.000359774
0.000409126
0.000402927
0.000396729
0.000395536
0.000368118
0.000394344
0.000398874
0.000395060
0.000401020
0.000371695
0.000400543
0.000387669
0.000403881
0.000391483
0.000384808
0.001064301
0.000372887
0.000399113
0.000401020
0.000405073
0.000378847
0.000530005
0.000396967
0.000396013
0.000372648
0.000395298
0.000363588
0.000376940
0.000398397
0.000388384
0.000395536
0.000396490
0.000372648
0.000370026
0.000396013
0.000399351
0.000399351
0.000394583
0.000398636
0.000368357
0.000398397
0.000390053
0.000400066
0.000393391
0.000407696
0.000366926
0.000395060
0.000400543
0.000400543
0.000359774
0.000399113
0.000362396
0.000401974
0.000400305
0.000366449
0.000369310
0.000400782
0.000393391
0.000399113
0.000388622
0.000403404
0.000384331
0.000400782
0.000394821
0.000334263
0.000369072
0.000367403
0.000365496
0.000372171
0.000375271
0.000367403
0.000368595
0.000399113
0.000392437
0.000393629
0.000395536
0.000399590
0.000393152
0.000399113
0.000398159
0.000397444
0.000377893
0.000373840
0.000374317
0.000397205
0.000388145
0.000400066
0.000405788
0.000396729
0.000378847
0.000399828
0.000396729
0.000403404
0.000384808
0.000391960
0.000388622
0.000387430
0.000347614
0.000396013
0.000342369
0.000376225
0.000400543
0.000396252
0.000396252
0.000362635
0.000388861
0.000395060
0.000393629
0.000392675
0.000388384
0.000396729
0.000399590
0.000396967
0.000399351
0.000404835
0.000401974
0.000397205
0.000354290
0.000401258
0.000397205
0.000396729
0.000402212
0.000383615
0.000391006
0.000402451
0.000394106
0.000400782
0.000398397
0.000374317
0.000367403
0.000373602
0.000370026
0.000340462
0.000369310
0.000363350
0.000371456
0.000376225
0.000350714
0.000371218
0.000367880
0.000371456
0.000396490
0.000370502
0.000367165
0.000359535
0.000368357
0.000369072
0.000339508
0.000369787
0.000360727
0.000374556
0.000400305
0.000388861
0.000366688
0.000347376
0.000392199
0.000406742
0.000352144
0.000398159
0.000363350
0.000379324
0.000397682
0.000347853
0.000372887
0.000366211
0.000388861
0.000394821
0.000372171
0.000365257
0.000356913
0.000362158
0.000353336
0.000382185
0.000363827
0.000369072
0.000368118
0.000369787
0.000364065
0.000404119
0.000398636
0.000401258
0.000360727
0.000399828
0.000360012
0.000369072
0.000361204
0.000377893
0.000368834
0.000393629
0.000386953
0.000390291
0.000363350
0.000356197
0.000390768
0.000369310
0.000392675
0.000365973
0.000389814
0.000365496
0.000388861
0.000359058
0.000384808
0.000355244
0.000356674
0.000386715
0.000366211
0.000390053
0.000384569
0.000385761
0.000386953
0.000380516
0.000389576
0.000392437
0.000382423
0.000396252
0.000398636
0.000396013
0.000389099
0.000393629
0.000397921
0.000360966
0.000364780
0.000367165
0.000394821
0.000395298
0.000398159
0.000375509
0.000401974
0.000373602
0.000401974
0.000373602
0.000373840
0.000376940
0.000390530
0.000361681
0.000399113
0.000398397
0.000399113
0.000379324
0.000397682
0.000395298
0.000374556
0.000367880
0.000368357
0.000397921
0.000389576
0.000402927
0.000393152
0.000370502
0.000397921
0.000402689
0.000397682
0.000395298
0.000360012
0.000399351
0.000394821
0.000398636
0.000401258
0.000400066
0.000397444
0.000393391
0.000401497
0.000399590
0.000392199
0.000400543
0.000393867
0.000399590
0.000395775
0.000399590
0.000396252
0.000400066
0.000366211
0.000373840
0.000371933
0.000372171
0.000370026
0.000394583
0.000392437
0.000399828
0.000392437
0.000406742
0.000384331
0.000400543
0.000403404
0.000401497
0.000396729
0.000397444
0.000391483
0.000398159
0.000399590
0.000402689
0.000379086
0.000356913
0.000397205
0.000403404
0.000360966
0.000404358
0.000366926
0.000370741
0.000395298
0.000397444
0.000402212
0.000365734
0.000370264
0.000396490
0.000399828
0.000405312
0.000395536
0.000396729
0.000388861
0.000395060
0.000396252
0.000398636
0.000396729
0.000390291
0.000374794
0.000370979
0.000369549
0.000397682
0.000401497
0.000407457
0.000409842
0.000370026
0.000399351
0.000397682
0.000395298
0.000401497
0.000397682
0.000404358
0.000401258
0.000400782
0.000375271
0.000406504
0.000371933
0.000370741
0.000369072
0.000399590
0.000399113
0.000402927
0.000394821
0.000374317
0.000367403
0.000377417
0.000391245
0.000396252
0.000390768
0.000353098
0.000396252
0.000395536
0.000391483
0.000401974
0.000351667
0.000398159
0.000392437
0.000402212
0.000400305
0.000399351
0.000387430
0.000400782
0.000367880
0.000401497
0.000373363
0.000404358
0.000397921
0.000417233
0.000372887
0.000400305
0.000384569
0.000373840
0.000392914
0.000401020
0.000375509
0.000371695
0.000391006
0.000404119
0.000394821
0.000402927
0.000382185
0.000396490
0.000393152
0.000397921
0.000391960
0.000396013
0.000386477
0.000398874
0.000363827
0.000402212
0.000388145
0.000400543
0.000396490
0.000377655
0.000400066
0.000401497
0.000399828
0.000396729
0.000387430
0.000393391
0.000391245
0.000399351
0.000394821
0.000396013
0.000390291
0.000400066
0.000359535
0.000402927
0.000390053
0.000400543
0.000392199
0.000389576
0.000391960
0.000397444
0.000428677
0.000399828
0.000338554
0.000399351
0.000391483
0.000401258
0.000394106
0.000396967
0.000389576
0.000397444
0.000346661
0.000399590
0.000387430
0.000401735
0.000393152
0.000372887
0.000401974
0.000400066
0.000391722
0.000402451
0.000370026
0.000396967
0.000398636
0.000402451
0.000392675
0.000396729
0.000400305
0.000397682
0.000399351
0.000400305
0.000406504
0.000398636
0.000402212
0.000368118
0.000396252
0.000397682
0.000370026
0.000398874
0.000384569
0.000401258
0.000346899
0.000401735
0.000399828
0.000372171
0.000390053
0.000400543
0.000400066
0.000403404
0.000399828
0.000399351
0.000381231
0.000353336
0.000400066
0.000399828
0.000391483
0.000400305
0.000363350
0.000399828
0.000393629
0.000396252
0.000326633
0.000383139
0.000384092
0.000399113
0.000392199
0.000403881
0.000389576
0.000403404
0.000369549
0.000376225
0.000403643
0.000402451
0.000398874
0.000401735
0.000399351
0.000401258
0.000396013
0.000392914
0.000396013
0.000400543
0.000378847
0.000375986
0.000341654
0.000404835
0.000369549
0.000374794
0.000371456
0.000372410
0.000375032
0.000396967
0.000404358
0.000343323
0.000369787
0.000367641
0.000366688
0.000376701
0.000395060
0.000399590
0.000375509
0.000370741
0.000398159
0.000400543
0.000398397
0.000399351
0.000394344
0.000369072
0.000401497
0.000394583
0.000397205
0.000401020
0.000394106
0.000404358
0.000396967
0.000408888
0.000393867
0.000400543
0.000397682
0.000402212
0.000395775
0.000403643
0.000336170
0.000402212
0.000373602
0.000374317
0.000398397
0.000402927
0.000401258
0.000404358
0.000370264
0.000405073
0.000371933
0.000372171
0.000373125
0.000378370
0.000399590
0.000355959
0.000399113
0.000401020
0.000368834
0.000396967
0.000393629
0.000404119
0.000392675
0.000406265
0.000398636
0.000401258
0.000375032
0.000401735
0.000395298
0.000405073
0.000401497
0.000403881
0.000353813
0.000401974
0.000364065
0.000396729
0.000400305
0.000398159
0.000397444
0.000389338
0.000372171
0.000370026
0.000399590
0.000397682
0.000368595
0.000400305
0.000344992
0.000402927
0.000397682
0.000399828
0.000390291
0.000373840
0.000395536
0.000401974
0.000391960
0.000404119
0.000398397
0.000354767
0.000399113
0.000403881
0.000377178
0.000401735
0.000355959
0.000400066
0.000394106
0.000396729
0.000393391
0.000373840
0.000396490
0.000401020
0.000379324
0.000401735
0.000391960
0.000399828
0.000394106
0.000401735
0.000393391
0.000398636
0.000394106
0.000396729
0.000393152
0.000397205
0.000392914
0.000356197
0.000394344
0.000404358
0.000394583
0.000401735
0.000367165
0.000383139
0.000350952
0.000357151
0.000388145
0.000394106
0.000399828
0.000410795
0.000398159
0.000404119
0.000381231
0.000401735
0.000379086
0.000408888
0.000396490
0.000361443
0.000363111
0.000369310
0.000362873
0.000384808
0.000374317
0.000379801
0.000376225
0.000381947
0.000356674
0.000382423
0.000407696
0.000397205
0.000353336
0.000406504
0.000389814
0.000408888
0.000366926
0.000365734
0.000407219
0.000408411
0.000407696
0.000401497
0.000364304
0.000403404
0.000397205
0.000405550
0.000401497
0.000392437
0.000399828
0.000396729
0.000397921
0.000404358
0.000391483
0.000400782
0.000396252
0.000360966
0.000396252
0.000400066
0.000393629
0.000400305
0.000385761
0.000399828
0.000392675
0.000394821
0.000397921
0.000399113
0.000401258
0.000400066
0.000397682
0.000405312
0.000372410
0.000401497
0.000373602
0.000374556
0.000372648
0.000372648
0.000403881
0.000399113
0.000395536
0.000400305
0.000397205
0.000388384
0.000395775
0.000375509
0.000394821
0.000397444
0.000399351
0.000399113
0.000397682
0.000346422
0.000398397
0.000393629
0.000400782
0.000396013
0.000397444
0.000398874
0.000417948
0.000394583
0.000366926
0.000361919
0.000391722
0.000393867
0.000359297
0.000394344
0.000399828
0.000396967
0.000394583
0.000397444
0.000389576
0.000399828
0.000398159
0.000392914
0.000402451
0.000399590
0.000390768
0.000404596
0.000401497
0.000403881
0.000401974
0.000401020
0.000375986
0.000399113
0.000400305
0.000397682
0.000367641
0.000399590
0.000388384
0.000401974
0.000399351
0.000402451
0.000396729
0.000385046
0.000394821
0.000397682
0.000392675
0.000396490
0.000398636
0.000384569
0.000368118
0.000403643
0.000398397
0.000393867
0.000395060
0.000374794
0.000411510
0.000400782
0.000363350
0.000403643
0.000394583
0.000403643
0.000379801
0.000405073
0.000403881
0.000394106
0.000398397
0.000399590
0.000377178
0.000369310
0.000327349
0.000397682
0.000400305
0.000378370
0.000391483
0.000374079
0.000368357
0.000403166
0.000401258
0.000376225
0.000369072
0.000369310
0.000373602
0.000371218
0.000382185
0.000406027
0.000401020
0.000400066
0.000401258
0.000375032
0.000394583
0.000405312
0.000343800
0.000395060
0.000371695
0.000351667
0.000400782
0.000372410
0.000375509
0.000400543
0.000306845
0.000401497
0.000396729
0.000372171
0.000393391
0.000399590
0.000390530
0.000399828
0.000400543
0.000400782
0.000395536
0.000400543
0.000388384
0.000384808
0.000394821
0.000399351
0.000386953
0.000350237
0.000371456
0.000367880
0.000370026
0.000375748
0.000370741
0.000372410
0.000358582
0.000375509
0.000397682
0.000370979
0.000364542
0.000359774
0.000335455
0.000401497
0.000402927
0.000391245
0.000385523
0.000403166
0.000397682
0.000399351
0.000391245
0.000395298
0.000397444
0.000401020
0.000353575
0.000402451
0.000402689
0.000377417
0.000398397
0.000376225
0.000353336
0.000363588
0.000361919
0.000368118
0.000329733
0.000396252
0.000396967
0.000398874
0.000394106
0.000378370
0.000406504
0.000401497
0.000335217
0.000401258
0.000367403
0.000396490
0.000396967
0.000369549
0.000362635
0.000413895
0.000400305
0.000396252
0.000392437
0.000395775
0.000366449
0.000396013
0.000393152
0.000398397
0.000396967
0.000369787
0.000379324
0.000393867
0.000406504
0.000396729
0.000396013
0.000398636
0.000401735
0.000361204
0.000395060
0.000404358
0.000396490
0.000398397
0.000339508
0.000395536
0.000401258
0.000399113
0.000393867
0.000365019
0.000394821
0.000396013
0.000396013
0.000396490
0.000367403
0.000394821
0.000395060
0.000397205
0.000396252
0.000407696
0.000392675
0.000398159
0.000398159
0.000397921
0.000395536
0.000398159
0.000392675
0.000396490
0.000373602
0.000410318
0.000396967
0.000398636
0.000401974
0.000397921
0.000333309
0.000401735
0.000393629
0.000398397
0.000399351
0.000373363
0.000400066
0.000402451
0.000377417
0.000395775
0.000368118
0.000400782
0.000400066
0.000398397
0.000400782
0.000360250
0.000393629
0.000393391
0.000390530
0.000394821
0.000396967
0.000404119
0.000394344
0.000399351
0.000369549
0.000355482
0.000391245
0.000396013
0.000327349
0.000392199
0.000325203
0.000380754
0.000367403
0.000381231
0.000373840
0.000375271
0.000379562
0.000378370
0.000387430
0.000380278
0.000374317
0.000377178
0.000374794
0.000375271
0.000367403
0.000382900
0.000374079
0.000372887
0.000335217
0.000372648
0.000360489
0.000376225
0.000360489
0.000380516
0.000370502
0.000371218
0.000375986
0.000376463
0.000359058
0.000383615
0.000345230
0.000381947
0.000369072
0.000350714
0.000367165
0.000379324
0.000365019
0.000375748
0.000356913
0.000376940
0.000365496
0.000374794
0.000373840
0.000371218
0.000375271
0.000372648
0.000372887
0.000376225
0.000374317
0.000376225
0.000370741
0.000381947
0.000370979
0.000377417
0.000369549
0.000377893
0.000377655
0.000384808
0.000375986
0.000386238
0.000394106
0.000346184
0.000367880
0.000375509
0.000364780
0.000378370
0.000364065
0.000381470
0.000369549
0.000357866
0.000369787
0.000377893
0.000372171
0.000369787
0.000371218
0.000377417
0.000368834
0.000379086
0.000372410
0.000372648
0.000370741
0.000372648
0.000372648
0.000381470
0.000364542
0.000351906
0.000371218
0.000377178
0.000377893
0.000374794
0.000368834
0.000375748
0.000371456
0.000374556
0.000363827
0.000380278
0.000353336
0.000385284
0.000373363
0.000375032
0.000367403
0.000371695
0.000366211
0.000373840
0.000376940
0.000376225
0.000370502
0.000378609
0.000366449
0.000380039
0.000372887
0.000380754
0.000343084
0.000379324
0.000375748
0.000376701
0.000370502
0.000378132
0.000575542
0.000380278
0.000369310
0.000376463
0.000371933
0.000376701
0.000369549
0.000343323
0.000370979
0.000379086
0.000375271
0.000378609
0.000366926
0.000376225
0.000381708
0.000386477
0.000375986
0.000389099
0.000344038
0.000388622
0.000382423
0.000388861
0.000382185
0.000380754
0.000378609
0.000391483
0.000379562
0.000380278
0.000380039
0.000383139
0.000357866
0.000351429
0.000342607
0.000351191
0.000351667
0.000330687
0.000347614
0.000355005
0.000344038
0.000354767
0.000349045
0.000388384
0.000377893
0.000377655
0.000377178
0.000374317
0.000375509
0.000392437
0.000394106
0.000384092
0.000376940
0.000374556
0.000372648
0.000375748
0.000365973
0.000374794
0.000354767
0.000374794
0.000379801
0.000380516
0.000380278
0.000376701
0.000368357
0.000380278
0.000371218
0.000380754
0.000367880
0.000368595
0.000374794
0.000376463
0.000343800
0.000379324
0.000369310
0.000379086
0.000343800
0.000374794
0.000368834
0.000380754
0.000365019
0.000378609
0.000370979
0.000380039
0.000374556
0.000376940
0.000371456
0.000372171
0.000370979
0.000378847
0.000366211
0.000373125
0.000365019
0.000379086
0.000346661
0.000377655
0.000364780
0.000379562
0.000367165
0.000371695
0.000371933
0.000381708
0.000365257
0.000378847
0.000372171
0.000380754
0.000367403
0.000375986
0.000367880
0.000386477
0.000374079
0.000379324
0.000367403
0.000376940
0.000371218
0.000377178
0.000368595
0.000370741
0.000372410
0.000380993
0.000373125
0.000380993
0.000364780
0.000377178
0.000370264
0.000380039
0.000377417
0.000377178
0.000367641
0.000380993
0.000372887
0.000378132
0.000373125
0.000380039
0.000370979
0.000375986
0.000374556
0.000340223
0.000366449
0.000378609
0.000369549
0.000377893
0.000344992
0.000382423
0.000360489
0.000380993
0.000364542
0.000380278
0.000359535
0.000376225
0.000369787
0.000382662
0.000367641
0.000375032
0.000364065
0.000383615
0.000375748
0.000382423
0.000368834
0.000375986
0.000372887
0.000375986
0.000367403
0.000374556
0.000373602
0.000339508
0.000370264
0.000373602
0.000368118
0.000376463
0.000361681
0.000376225
0.000362873
0.000372410
0.000361919
0.000353098
0.000367165
0.000372887
0.000365973
0.000376225
0.000364304
0.000378370
0.000372410
0.000373602
0.000360489
0.000353575
0.000362158
0.000378609
0.000363111
0.000376463
0.000371218
0.000376225
0.000376463
0.000379086
0.000367880
0.000379086
0.000370502
0.000381708
0.000371456
0.000377178
0.000375986
0.000377655
0.000378132
0.000378370
0.000368834
0.000358582
0.000366688
0.000381947
0.000366449
0.000373602
0.000363588
0.000378132
0.000366211
0.000375032
0.000365019
0.000383377
0.000376225
0.000378847
0.000367880
0.000381708
0.000366926
0.000383377
0.000364780
0.000380754
0.000365734
0.000375986
0.000376463
0.000380993
0.000335217
0.000380754
0.000362635
0.000382185
0.000372887
0.000355005
0.000372648
0.000380754
0.000360727
0.000379324
0.000360250
0.000378370
0.000371933
0.000376463
0.000359535
0.000371456
0.000368357
0.000375509
0.000370502
0.000372648
0.000366926
0.000376940
0.000366926
0.000375748
0.000378370
0.000379562
0.000370502
0.000376463
0.000371456
0.000377417
0.000368595
0.000382185
0.000370741
0.000384808
0.000366211
0.000377655
0.000370741
0.000378132
0.000365973
0.000344515
0.000369549
0.000385284
0.000374079
0.000380754
0.000377178
0.000378847
0.000363111
0.000379562
0.000342607
0.000377893
0.000365734
0.000379801
0.000368834
0.000374794
0.000376225
0.000378370
0.000370979
0.000376463
0.000368834
0.000376225
0.000371456
0.000377655
0.000373363
0.000377893
0.000369549
0.000380993
0.000363588
0.000378609
0.000367403
0.000377655
0.000365257
0.000345469
0.000371933
0.000382185
0.000369787
0.000379801
0.000344515
0.000371695
0.000362873
0.000372887
0.000363827
0.000364304
0.000363827
0.000376225
0.000375032
0.000374317
0.000364542
0.000372171
0.000362873
0.000372171
0.000359535
0.000363111
0.000361443
0.000372410
0.000363827
0.000369310
0.000363588
0.000374556
0.000371218
0.000367165
0.000361443
0.000374794
0.000364304
0.000369310
0.000369787
0.000366926
0.000364065
0.000331640
0.000375032
0.000368118
0.000365257
0.000375986
0.000366449
0.000370979
0.000365019
0.000373840
0.000364065
0.000370741
0.000363588
0.000334024
0.000361443
0.000362873
0.000355244
0.000364065
0.000338793
0.000364542
0.000356197
0.000363350
0.000362873
0.000362635
0.000362158
0.000367165
0.000365734
0.000361919
0.000374317
0.000370026
0.000365019
0.000368357
0.000370979
0.000366211
0.000367641
0.000372410
0.000380278
0.000374556
0.000379086
0.000372648
0.000370264
0.000373602
0.000364065
0.000370741
0.000371456
0.000376463
0.000374317
0.000379324
0.000369549
0.000382423
0.000361919
0.000377893
0.000373363
0.000376225
0.000369310
0.000372887
0.000370502
0.000378132
0.000378370
0.000371695
0.000367165
0.000336885
0.000366449
0.000372171
0.000366926
0.000372410
0.000355005
0.000368834
0.000377893
0.000375509
0.000365973
0.000382423
0.000367641
0.000372171
0.000363111
0.000374079
0.000364780
0.000375032
0.000378609
0.000352383
0.000352144
0.000378609
0.000370026
0.000375271
0.000374794
0.000379086
0.000375032
0.000380993
0.000416756
0.000344992
0.000368595
0.000378847
0.000374317
0.000378609
0.000353813
0.000380039
0.000376701
0.000381231
0.000378132
0.000384808
0.000380278
0.000376701
0.000372410
0.000376940
0.000367641
0.000373602
0.000368595
0.000376701
0.000374317
0.000374794
0.000369310
0.000377893
0.000338078
0.000373602
0.000374794
0.000382423
0.000371933
0.000352621
0.000375032
0.000380993
0.000368357
0.000375748
0.000373840
0.000374794
0.000375032
0.000379562
0.000380516
0.000389576
0.000368357
0.000384092
0.000374556
0.000344992
0.000369787
0.000380278
0.000375986
0.000363111
0.000372648
0.000382900
0.000375509
0.000378370
0.000387907
0.000381708
0.000380993
0.000356436
0.000371218
0.000381231
0.000370741
0.000379801
0.000375986
0.000375748
0.000370264
0.000376940
0.000368118
0.000376225
0.000375986
0.000381947
0.000372171
0.000385523
0.000380516
0.000384092
0.000366688
0.000378370
0.000382662
0.000342607
0.000381708
0.000346899
0.000348091
0.000351191
0.000348806
0.000357628
0.000352383
0.000356436
0.000355244
0.000365257
0.000350952
0.000383854
0.000377655
0.000383615
0.000363827
0.000387430
0.000372171
0.000386477
0.000399828
0.000409365
0.000371218
0.000377417
0.000373840
0.000373125
0.000380754
0.000373840
0.000372648
0.000349522
0.000369787
0.000374317
0.000374794
0.000378847
0.000370026
0.000375748
0.000367165
0.000376940
0.000368357
0.000375748
0.000369310
0.000375748
0.000379324
0.000372648
0.000365496
0.000374794
0.000365734
0.000376225
0.000370741
0.000348568
0.000368357
0.000375986
0.000366926
0.000377417
0.000341415
0.000377417
0.000375271
0.000376225
0.000369549
0.000375509
0.000365734
0.000372171
0.000358582
0.000373602
0.000376225
0.000372887
0.000363827
0.000373840
0.000369787
0.000360489
0.000369549
0.000380039
0.000367880
0.000371456
0.000368357
0.000376463
0.000373125
0.000382900
0.000362158
0.000377655
0.000372887
0.000374794
0.000375032
0.000378847
0.000378609
0.000376940
0.000369310
0.000378847
0.000370502
0.000381231
0.000370979
0.000381470
0.000385761
0.000380993
0.000363350
0.000378609
0.000366926
0.000372410
0.000376463
0.000342607
0.000384092
0.000383854
0.000362873
0.000375986
0.000368118
0.000382662
0.000343084
0.000377178
0.000367880
0.000374079
0.000361919
0.000379801
0.000367403
0.000376940
0.000371933
0.000377417
0.000375271
0.000380754
0.000368834
0.000382662
0.000372171
0.000376940
0.000375032
0.000379086
0.000337362
0.000381470
0.000371218
0.000385284
0.000374556
0.000378370
0.000372410
0.000373363
0.000375509
0.000379086
0.000370264
0.000383139
0.000376940
0.000382185
0.000369549
0.000378609
0.000374317
0.000381231
0.000353098
0.000378609
0.000367880
0.000377178
0.000382423
0.000376940
0.000381708
0.000379324
0.000370264
0.000378847
0.000376701
0.000373840
0.000378370
0.000378132
0.000375509
0.000376225
0.000371695
0.000377417
0.000341415
0.000376701
0.000367403
0.000378370
0.000380039
0.000381470
0.000360966
0.000379801
0.000367641
0.000383139
0.000376940
0.000382900
0.000376225
0.000378609
0.000371933
0.000384092
0.000380039
0.000387669
0.000380039
0.000377655
0.000373602
0.000372171
0.000364304
0.000378370
0.000373363
0.000372887
0.000375271
0.000382185
0.000339508
0.000381708
0.000363350
0.000377178
0.000374079
0.000335693
0.000371695
0.000373363
0.000375032
0.000382423
0.000335455
0.000378847
0.000368357
0.000380278
0.000372887
0.000361204
0.000380516
0.000383377
0.000369549
0.000386000
0.000369787
0.000384808
0.000374794
0.000382900
0.000373602
0.000378609
0.000368834
0.000381708
0.000373602
0.000378609
0.000365973
0.000382662
0.000372410
0.000339270
0.000368834
0.000370502
0.000372648
0.000381708
0.000379324
0.000380516
0.000341654
0.000382423
0.000374556
0.000341654
0.000381470
0.000378847
0.000374794
0.000381947
0.000370979
0.000381231
0.000373363
0.000361443
0.000374794
0.000377655
0.000375509
0.000380278
0.000371933
0.000375271
0.000378370
0.000371456
0.000368118
0.000375986
0.000368595
0.000381947
0.000373363
0.000383377
0.000368357
0.000375986
0.000373602
0.000381231
0.000366211
0.000380993
0.000368357
0.000374079
0.000370026
0.000378609
0.000368357
0.000387192
0.000394344
0.000380993
0.000366926
0.000378609
0.000368834
0.000379324
0.000370502
0.000379086
0.000374317
0.000375509
0.000376940
0.000376701
0.000365734
0.000377417
0.000370979
0.000383615
0.000376225
0.000373363
0.000364065
0.000376463
0.000344515
0.000377178
0.000368595
0.000374317
0.000374556
0.000383139
0.000378847
0.000381231
0.000373840
0.000381231
0.000365734
0.000362396
0.000370264
0.000378132
0.000370741
0.000380754
0.000375271
0.000377655
0.000372648
0.000383139
0.000380754
0.000382900
0.000375986
0.000380039
0.000370741
0.000377178
0.000375748
0.000380754
0.000371695
0.000346899
0.000367641
0.000378370
0.000365734
0.000375032
0.000350714
0.000374079
0.000367641
0.000376225
0.000369549
0.000388145
0.000375986
0.000379801
0.000376463
0.000380516
0.000375748
0.000377417
0.000375748
0.000380516
0.000370502
0.000380993
0.000364780
0.000375986
0.000339270
0.000377417
0.000361919
0.000378847
0.000367403
0.000376701
0.000369072
0.000380516
0.000377655
0.000376940
0.000363827
0.000377417
0.000375271
0.000378132
0.000371933
0.000378132
0.000372648
0.000393629
0.000349283
0.000378132
0.000371695
0.000377893
0.000342846
0.000377417
0.000364304
0.000377655
0.000374317
0.000374079
0.000378132
0.000378847
0.000372410
0.000378847
0.000365257
0.000386238
0.000374794
0.000378132
0.000349760
0.000376463
0.000363350
0.000379562
0.000367403
0.000365257
0.000384808
0.000378132
0.000369787
0.000378370
0.000373125
0.000375509
0.000378132
0.000380039
0.000367165
0.000380516
0.000368834
0.000379086
0.000375271
0.000385046
0.000367880
0.000376225
0.000375509
0.000376225
0.000373363
0.000374317
0.000370264
0.000381947
0.000370979
0.000373363
0.000374794
0.000377893
0.000341177
0.000352621
0.000370741
0.000383615
0.000370979
0.000383377
0.000375032
0.000382185
0.000373840
0.000379801
0.000372648
0.000380754
0.000371695
0.000380993
0.000368118
0.000379801
0.000373363
0.000378370
0.000368118
0.000374556
0.000379086
0.000351191
0.000368357
0.000375509
0.000339031
0.000382423
0.000374556
0.000381947
0.000369787
0.000377417
0.000367880
0.000357628
0.000370026
0.000377417
0.000381947
0.000342369
0.000372410
0.000373602
0.000362873
0.000386238
0.000378132
0.000383854
0.000363588
0.000372887
0.000366449
0.000376940
0.000364065
0.000379801
0.000372648
0.000378609
0.000366449
0.000380278
0.000363588
0.000382423
0.000369310
0.000390053
0.000371933
0.000339031
0.000370264
0.000382662
0.000351429
0.000388384
0.000345230
0.000349760
0.000350714
0.000349283
0.000360727
0.000352144
0.000349998
0.000352621
0.000357866
0.000351191
0.000352144
0.000383615
0.000385523
0.000388145
0.000373363
0.000382185
0.000375748
0.000381947
0.000383377
0.000406981
0.000385046
0.000367641
0.000365734
0.000377655
0.000370502
0.000376701
0.000374079
0.000382185
0.000346184
0.000376701
0.000366926
0.000380993
0.000366688
0.000357628
0.000370264
0.000374079
0.000377417
0.000382423
0.000376940
0.000384092
0.000376225
0.000381231
0.000371218
0.000378132
0.000372648
0.000377655
0.000332832
0.000384331
0.000370502
0.000381947
0.000370741
0.000343323
0.000367641
0.000375748
0.000367641
0.000379801
0.000341177
0.000384092
0.000379801
0.000375032
0.000368357
0.000354052
0.000369787
0.000373363
0.000369310
0.000378847
0.000360012
0.000349760
0.000371695
0.000375986
0.000366926
0.000379324
0.000375986
0.000374556
0.000374556
0.000377417
0.000368118
0.000349760
0.000376225
0.000379086
0.000362396
0.000378132
0.000363350
0.000383854
0.000371695
0.000372648
0.000371218
0.000351667
0.000374317
0.000374794
0.000367880
0.000375032
0.000365734
0.000376940
0.000364780
0.000374317
0.000367403
0.000357866
0.000380278
0.000375986
0.000370264
0.000375748
0.000371933
0.000377655
0.000343323
0.000379801
0.000370502
0.000391483
0.000371933
0.000345469
0.000367880
0.000380993
0.000368357
0.000380993
0.000363350
0.000373602
0.000369787
0.000376940
0.000381708
0.000375032
0.000364542
0.000384569
0.000366211
0.000380993
0.000366688
0.000378847
0.000371695
0.000353098
0.000372648
0.000377655
0.000371933
0.000375271
0.000370264
0.000374794
0.000367641
0.000379801
0.000364780
0.000386477
0.000371218
0.000384331
0.000370502
0.000377655
0.000366449
0.000380993
0.000371695
0.000347853
0.000378132
0.000397205
0.000378370
0.000339985
0.000351906
0.000376701
0.000366211
0.000375986
0.000366211
0.000370741
0.000377178
0.000416994
0.000363588
0.000378370
0.000369787
0.000376940
0.000370741
0.000378609
0.000366449
0.000375509
0.000368834
0.000414848
0.000375032
0.000380039
0.000376225
0.000375271
0.000374794
0.000338793
0.000377655
0.000377417
0.000377417
0.000385046
0.000353336
0.000378370
0.000360966
0.000377893
0.000374079
0.000381231
0.000365496
0.000379801
0.000363588
0.000383615
0.000372648
0.000378132
0.000367880
0.000377417
0.000368118
0.000382900
0.000374794
0.000383377
0.000369549
0.000380754
0.000374794
0.000375986
0.000368595
0.000343800
0.000372887
0.000383139
0.000371933
0.000379086
0.000377417
0.000376701
0.000373840
0.000377655
0.000371695
0.000384092
0.000366449
0.000379562
0.000365496
0.000377417
0.000381708
0.000382185
0.000380993
0.000364065
0.000376940
0.000388861
0.000371218
0.000372171
0.000338078
0.000377655
0.000377178
0.000377655
0.000373363
0.000344992
0.000375271
0.000373363
0.000363827
0.000379086
0.000367880
0.000374317
0.000370026
0.000378847
0.000364542
0.000385523
0.000370741
0.000384569
0.000368595
0.000375509
0.000375509
0.000378370
0.000371456
0.000371218
0.000367880
0.000373363
0.000367165
0.000379086
0.000369787
0.000376225
0.000369787
0.000375748
0.000367165
0.000338554
0.000368357
0.000372887
0.000372410
0.000376701
0.000335932
0.000374794
0.000371933
0.000376463
0.000367165
0.000387192
0.000367403
0.000368834
0.000367641
0.000373602
0.000381231
0.000377417
0.000365496
0.000376463
0.000372410
0.000375986
0.000355482
0.000365496
0.000361919
0.000380039
0.000358343
0.000374079
0.000371218
0.000377417
0.000368357
0.000372648
0.000360966
0.000375509
0.000376940
0.000372648
0.000372887
0.000374556
0.000369787
0.000333071
0.000369549
0.000374556
0.000368357
0.000377655
0.000348568
0.000376701
0.000374317
0.000375032
0.000368595
0.000342369
0.000369310
0.000383615
0.000374079
0.000376225
0.000372648
0.000373125
0.000367880
0.000344992
0.000374317
0.000381708
0.000374079
0.000376463
0.000384569
0.000375748
0.000371218
0.000376225
