0.013973713
0.003359556
0.002679348
0.002879143
0.003498793
0.003437519
0.003492832
0.002883673
0.003494263
0.002891541
0.006473780
0.003436804
0.002882481
0.002856731
0.002909899
0.003453970
0.003472567
0.002884865
0.003469229
0.003437042
0.002890348
0.003438950
0.002861500
0.003447771
0.003520012
0.002881527
0.015064716
0.003437519
0.002873182
0.003419161
0.002925158
0.014432907
0.003458500
0.003429651
0.002862930
0.003446817
0.002868891
0.002879381
0.003439903
0.002849579
0.012997866
0.003484011
0.003436804
0.002870083
0.003453970
0.013065338
0.003472567
0.002681017
0.002871752
0.002826452
0.003495455
0.002859592
0.003506184
0.003465176
0.003456831
0.002857208
0.003456831
0.002832651
0.002654552
0.002833128
0.002968073
0.003487110
0.002848148
0.002668619
0.003495216
0.003455877
0.002842903
0.003454208
0.002876759
0.002845526
0.003442287
0.003459215
0.003472567
0.002838135
0.003473520
0.002813816
0.003437042
0.003472567
0.002841949
0.003464460
0.002846479
0.002839804
0.002915621
0.003475904
0.002863407
0.003479481
0.002868414
0.003449678
0.002844810
0.002874136
0.002973318
0.002650976
0.003502369
0.003468037
0.002850056
0.004486799
0.003011227
0.003557682
0.003664732
0.003450871
0.002856016
0.002666950
0.002694845
0.002658129
0.002674103
0.002666473
0.002642155
0.002693653
0.002690554
0.002665281
0.002664566
0.002634048
0.002700090
0.002667427
0.002640247
0.002661943
0.002662897
0.002701044
0.002675533
0.002653599
0.002699375
0.002660513
0.002696753
0.002654552
0.002664328
0.002668381
0.002666473
0.002678633
0.002687454
0.002645016
0.002702475
0.002630472
0.002672195
0.002662420
0.002643824
0.002669334
0.002639294
0.002683640
0.002674580
0.002650023
0.002689362
0.002633333
0.002738237
0.002663374
0.002670288
0.002668619
0.002666473
0.002702236
0.002671719
0.002657413
0.002692938
0.002659559
0.002734900
0.002660275
0.002656698
0.002684832
0.002687216
0.002678633
0.002645969
0.002654314
0.002651215
0.002663374
0.002671480
0.002659798
0.002680302
0.002632141
0.002644539
0.002711535
0.002651215
0.002645254
0.002667904
0.002690315
0.002657652
0.002658606
0.002679110
0.002671242
0.002666235
0.002683401
0.002704859
0.002686501
0.002676249
0.002696037
0.002669811
0.002678633
0.002681017
0.002687693
0.002664089
0.002659082
0.002691031
0.002674103
0.002681255
0.002669334
0.002681732
0.002690792
0.002685785
0.002711058
0.002712488
0.002679110
0.002685547
0.002721786
0.002654552
0.002706289
0.002681255
0.002658606
0.002707720
0.002686501
0.002689362
0.002673864
0.002677917
0.002692461
0.002679825
0.002675772
0.002678633
0.002666712
0.002707243
0.002670288
0.002693653
0.002679586
0.002667904
0.002678633
0.002666950
0.002675533
0.002735615
0.002659082
0.002658844
0.002692699
0.002659798
0.002672672
0.002668858
0.002670527
0.002678871
0.002685547
0.002669334
0.002676010
0.002670527
0.002663136
0.002688885
0.002668858
0.002693653
0.002676725
0.002708912
0.002689600
0.002691269
0.002683401
0.002684593
0.002682447
0.002964973
0.002878189
0.003969669
0.002683640
0.002727747
0.002785444
0.002801418
0.002679348
0.008171558
0.005530596
0.010336399
0.005504608
0.002802134
0.003039122
0.002667189
0.002665997
0.002671719
0.002973795
0.002685785
0.003273726
0.002774954
0.002713680
0.002682924
0.003129482
0.002725124
0.002683878
0.002684593
0.003350973
0.003078222
0.004658937
0.002705336
0.002696753
0.002743959
0.002752781
0.002728462
0.002709389
0.002726078
0.002723455
0.002753973
0.005958557
0.003710270
0.007521868
0.002871752
0.002686977
0.002722502
0.002703905
0.002708912
0.002692223
0.002725601
0.002707481
0.002692699
0.002727985
0.002685070
0.002738237
0.002721786
0.002692461
0.002711773
0.002693176
0.002705812
0.002696276
0.002720118
0.002730846
0.002657413
0.002712727
0.002694607
0.002737284
0.002728462
0.002701521
0.002720594
0.002721071
0.002723455
0.002717733
0.002718210
0.002722979
0.002705812
0.002705812
0.002699137
0.002712965
0.002726078
0.002689362
0.002740145
0.002704620
0.002715826
0.002667665
0.002718210
0.002711535
0.002698660
0.002677202
0.002666473
0.002710342
0.002683401
0.002688169
0.002710819
0.002682209
0.002712011
0.002680063
0.002696991
0.002701044
0.002703905
0.002681255
0.002683640
0.002722263
0.002719879
0.002694607
0.002707243
0.002691984
0.002708673
0.002653837
0.002752542
0.002697706
0.002682209
0.002712727
0.002689123
0.002706528
0.002688408
0.002680302
0.002703905
0.002666950
0.002694368
0.002671242
0.002692461
0.002706051
0.002674818
0.002697468
0.002669811
0.002702236
0.002702236
0.002700329
0.002727032
0.002681971
0.002697468
0.002685070
0.002697706
0.002699137
0.002682447
0.002706528
0.002657175
0.002844572
0.002677441
0.002681255
0.002707243
0.002708435
0.002692938
0.002680779
0.002726793
0.002696991
0.002690077
0.002686977
0.002676725
0.002703905
0.002714157
0.002739906
0.002712250
0.002662420
0.002708912
0.002719402
0.002680779
0.002686501
0.002687216
0.002734184
0.002707958
0.002717257
0.002686262
0.002653360
0.002670288
0.002706051
0.002687216
0.002683401
0.002660036
0.002676010
0.002685785
0.002659082
0.002693415
0.002655745
0.002675056
0.002694845
0.002666950
0.002687693
0.002720833
0.002674818
0.002685308
0.002698183
0.002699614
0.002669573
0.002668619
0.002676487
0.002674580
0.002680063
0.002651691
0.002673388
0.002683640
0.002672672
0.002689362
0.002652168
0.002680540
0.002671957
0.002691507
0.002670050
0.002674103
0.002720594
0.002668142
0.002661943
0.002712250
0.002690792
0.002732754
0.002694607
0.002743721
0.002681017
0.002691984
0.002677202
0.002699137
0.002659082
0.002715111
0.002685070
0.002682209
0.002691031
0.002721310
0.002688408
0.002676487
0.002655029
0.002692223
0.002693653
0.002696753
0.002670288
0.002693415
0.002676249
0.002762318
0.002684832
0.002663374
0.002722502
0.002689600
0.002674818
0.002692938
0.002675772
0.002696037
0.002687931
0.002772331
0.002685547
0.002668142
0.002699852
0.002731085
0.002664566
0.002686501
0.002661228
0.002690315
0.002715826
0.002693176
0.002721548
0.002654791
0.002706289
0.002711058
0.002682686
0.002675533
0.002681017
0.002695799
0.002695799
0.002707481
0.002671242
0.002696753
0.002700090
0.002682209
0.002703428
0.002706766
0.002667427
0.002656698
0.002679348
0.002728224
0.002682924
0.002683878
0.002674818
0.002695322
0.002694607
0.002676249
0.002666235
0.002679110
0.002714157
0.002717733
0.002678871
0.002692938
0.002672195
0.002682209
0.002670527
0.002726793
0.002691984
0.002693653
0.002670288
0.002731323
0.002719641
0.002722979
0.002674580
0.002702951
0.002698183
0.002705574
0.002680779
0.002682447
0.002693176
0.002691746
0.002666712
0.002708673
0.002677441
0.002693892
0.002674103
0.002683163
0.002688885
0.002681255
0.002709627
0.002701044
0.002667904
0.002700567
0.002654552
0.002749205
0.002676487
0.002678633
0.002690315
0.002681732
0.002676964
0.002707243
0.002678156
0.002678394
0.002652168
0.002684832
0.002685785
0.002674341
0.012191772
0.002640247
0.002672195
0.002707958
0.002656698
0.002682447
0.002683401
0.002659321
0.002681255
0.002676725
0.002671480
0.002658367
0.002678633
0.002729654
0.002689600
0.002674103
0.002656937
0.002666712
0.002678633
0.002675056
0.002690792
0.002640009
0.002665758
0.002733946
0.002673864
0.002683640
0.002648354
0.002671719
0.002686977
0.002679586
0.002700567
0.002696037
0.002670050
0.002730131
0.002696753
0.002676010
0.002677917
0.002672911
0.002665997
0.002689362
0.002707720
0.002687693
0.002664566
0.002714634
0.002684116
0.002678871
0.002691031
0.002682447
0.002691746
0.002686501
0.002693892
0.002691984
0.002672195
0.002744198
0.002666235
0.002664566
0.002680540
0.002738237
0.002703428
0.002688885
0.002720594
0.002698183
0.002694130
0.002713680
0.002680063
0.002701283
0.002693176
0.002682447
0.002688646
0.002681494
0.002702236
0.002710342
0.002678394
0.002754211
0.002677202
0.002698660
0.002683163
0.002707720
0.002701998
0.002684832
0.002685547
0.002704620
0.002684355
0.002782345
0.002664566
0.002699375
0.002684116
0.002677679
0.002692938
0.002686262
0.002693415
0.002696276
0.002681255
0.002721071
0.002695799
0.002659321
0.002720356
0.002683401
0.002706528
0.002726555
0.002713203
0.002718210
0.002696037
0.002732515
0.002709389
0.002692461
0.002693653
0.002664804
0.002700090
0.002692699
0.002688408
0.002716064
0.002682447
0.002727985
0.002685547
0.002697229
0.002707481
0.002679825
0.002699614
0.002731323
0.002691031
0.002698421
0.002668619
0.002714157
0.002720833
0.002691984
0.002957821
0.002675533
0.002704382
0.002714872
0.002705812
0.002697945
0.002692699
0.002724886
0.002715826
0.002709866
0.002678871
0.002692223
0.002690554
0.002700806
0.002710581
0.002703905
0.002676487
0.002670050
0.002688408
0.002694845
0.002712011
0.002666712
0.002676249
0.002721310
0.002684355
0.002681017
0.002677202
0.002693892
0.002718210
0.002686977
0.002691507
0.002694130
0.002697945
0.002699137
0.002667665
0.002703190
0.002678394
0.002702951
0.002680779
0.002692223
0.002701044
0.002712488
0.002665043
0.002697706
0.002672911
0.002699137
0.002686501
0.002719164
0.002730608
0.002712488
0.002711535
0.002741575
0.002687931
0.002737522
0.002687216
0.002721071
0.002747297
0.002693892
0.002712727
0.002677202
0.002694845
0.002722025
0.002691031
0.002779007
0.002678633
0.002707481
0.002707481
0.002716303
0.002711296
0.002679825
0.002695560
0.002701283
0.002697706
0.002701759
0.002723694
0.002705812
0.002712727
0.002693892
0.002716064
0.002714157
0.002693653
0.002733231
0.002741575
0.002716064
0.002717257
0.002723217
0.002716303
0.002698898
0.002707481
0.002733231
0.002729654
0.002715826
0.002698898
0.002712488
0.002695560
0.002709627
0.002722025
0.002675056
0.002692461
0.002715111
0.002696753
0.002709150
0.002666950
0.002711773
0.002706289
0.002693415
0.002731800
0.002701521
0.002667427
0.002734900
0.002756119
0.002747536
0.002746582
0.002722502
0.002710819
0.002739906
0.002711773
0.002706289
0.002679348
0.002697468
0.002695084
0.002724886
0.002709627
0.002696276
0.002692461
0.002681971
0.002672195
0.002696991
0.002690792
0.002717257
0.002668858
0.002673864
0.002691507
0.002734900
0.002696514
0.002680779
0.002697945
0.002704144
0.002687931
0.002690315
0.002660751
0.002706289
0.002719641
0.002678156
0.002695084
0.002680063
0.002679348
0.002712488
0.002673149
0.002710819
0.002682209
0.002701521
0.002701044
0.002703428
0.002691269
0.002675772
0.002692223
0.002700090
0.002701283
0.002750635
0.002673388
0.002698183
0.002674341
0.002681255
0.002695560
0.002674580
0.002680063
0.002694368
0.002684116
0.002708673
0.002679110
0.002682209
0.002676010
0.002683640
0.002701283
0.002687931
0.002703190
0.002704620
0.002676487
0.002701044
0.002676725
0.002702475
0.002689600
0.002664804
0.002697229
0.002692699
0.002682924
0.002702713
0.002681494
0.002719641
0.002698183
0.002700567
0.002696514
0.002680302
0.002696037
0.002723694
0.002685070
0.002704382
0.002671719
0.002692938
0.002724648
0.002681971
0.002728462
0.002676964
0.002684593
0.002719164
0.002717257
0.002696514
0.002694845
0.002688885
0.002714634
0.002704144
0.002688408
0.002707720
0.002694607
0.002704859
0.002692223
0.002732038
0.002710342
0.002678871
0.002699852
0.002701044
0.002707243
0.002713680
0.002675295
0.002709150
0.002680302
0.002694368
0.002687931
0.002708197
0.002726078
0.002686977
0.002675772
0.002700567
0.002690077
0.002693653
0.002666712
0.002696991
0.002700329
0.002698421
0.002683401
0.002698898
0.002728224
0.002729893
0.002703905
0.002690077
0.002661943
0.002670288
0.002700090
0.002685070
0.002704382
0.002691507
0.002685547
0.002707720
0.002667189
0.002710342
0.002692699
0.002691507
0.002717972
0.002684832
0.002712727
0.002694845
0.002682209
0.002753496
0.002666950
0.002751112
0.002686739
0.002682447
0.002707243
0.002703428
0.002692699
0.002691746
0.002686262
0.002692699
0.002663612
0.002684116
0.002706528
0.002723217
0.002699852
0.002669573
0.002717733
0.002686262
0.002675772
0.002714396
0.002707958
0.002698183
0.002677679
0.002727032
0.002702951
0.002698421
0.002717257
0.002679586
0.002722502
0.002705812
0.002701044
0.002708912
0.002666235
0.002728462
0.002731085
0.002686977
0.002714157
0.002704382
0.002724171
0.002734184
0.002682924
0.002709150
0.002701283
0.002729416
0.002714872
0.002699137
0.002696991
0.002711296
0.002718687
0.002676964
0.002705574
0.002713680
0.002686024
0.002721786
0.002690554
0.002686501
0.002693176
0.002690792
0.002708912
0.002675056
0.002709389
0.002708435
0.002698898
0.002712727
0.002674818
0.002712250
0.002711773
0.002712965
0.002703190
0.002674341
0.002729177
0.002765417
0.002685547
0.002699375
0.002723694
0.002701521
0.002717495
0.002677917
0.002696514
0.002689838
0.002711773
0.002690792
0.002702475
0.002693415
0.002710819
0.002725601
0.002732992
0.002730370
0.002710819
0.002731085
0.002729654
0.002731323
0.002727509
0.002712011
0.002704382
0.002803802
0.002735615
0.002750635
0.002727985
0.002696991
0.002697229
0.002711535
0.002691746
0.002704144
0.002693176
0.002675533
0.002698421
0.002717733
0.002718687
0.002679825
0.002677441
0.002723694
0.002710104
0.002746820
0.002701998
0.002703428
0.002709389
0.002707243
0.002726793
0.002689123
0.002717018
0.002709627
0.002691984
0.002694368
0.002704382
0.002717733
0.002716303
0.002697706
0.002694607
0.002713203
0.002719641
0.002736568
0.002703428
0.002714157
0.002682686
0.002708673
0.002706528
0.002692938
0.002735376
0.002693415
0.002754211
0.002707720
0.002696276
0.002732515
0.002699137
0.002713442
0.002748489
0.002689600
0.002729177
0.002705097
0.002707243
0.002723455
0.002695084
0.002714872
0.002676487
0.002737045
0.002713203
0.002672195
0.002701044
0.002701044
0.002719641
0.002721548
0.002676249
0.002715111
0.002683401
0.002700806
0.002688169
0.002695322
0.002720594
0.002696276
0.002681017
0.002696276
0.002695799
0.002712965
0.002695084
0.002735615
0.002691269
0.002711535
0.002690554
0.002705574
0.002703667
0.002698898
0.002672195
0.002707005
0.002692461
0.002684832
0.002701521
0.002697229
0.002698421
0.002705574
0.002687693
0.002695799
0.002686739
0.002715826
0.002690554
0.002712250
0.002685308
0.002700567
0.002714157
0.002687216
0.002708912
0.002674818
0.002707005
0.002784967
0.002689362
0.002717257
0.002676249
0.002728939
0.002716780
0.002689123
0.002697468
0.002674580
0.002690077
0.002705097
0.002711773
0.002704144
0.002695322
0.002706051
0.002705574
0.002693415
0.002696276
0.002698183
0.002724886
0.002695084
0.002692699
0.002707243
0.002678156
0.002723694
0.002717733
0.002697945
0.002702475
0.002679586
0.002701283
0.002712488
0.002676249
0.002707243
0.002687454
0.002661467
0.002749443
0.002732038
0.002703190
0.002703905
0.002693415
0.002715826
0.002715826
0.002719164
0.002700329
0.002723217
0.002723932
0.002734184
0.002757788
0.002691507
0.002731800
0.002738714
0.002718687
0.002748728
0.002717257
0.002710581
0.002692461
0.002700567
0.002712011
0.002689362
0.002707958
0.002722502
0.002706528
0.002726555
0.002686501
0.002713203
0.002715826
0.002713203
0.002713442
0.002699375
0.002716780
0.002766848
0.002700090
0.002734900
0.002724886
0.002714634
0.002726078
0.002709627
0.002729416
0.002723217
0.002712488
0.002712011
0.002691984
0.002696514
0.002724886
0.002726316
0.002722502
0.002716541
0.002710819
0.002736568
0.002711535
0.002732277
0.002708912
0.002702236
0.002734184
0.002703667
0.002701759
0.002745867
0.002691269
0.002711296
0.002670527
0.002692699
0.002678156
0.002692223
0.002707481
0.002700806
0.002701998
0.002707005
0.002689123
0.002684116
0.002672672
0.002713919
0.002701044
0.002703667
0.002731562
0.002704382
0.002691507
0.002723455
0.002687216
0.002718210
0.002671242
0.002681971
0.002710342
0.002681255
0.002709627
0.002680779
0.002689838
0.002705336
0.002679110
0.002724171
0.002693892
0.002698898
0.002706766
0.002697229
0.002930880
0.002711058
0.002673864
0.002716303
0.002714396
0.002708197
0.002710104
0.002675772
0.002685547
0.002701998
0.002712488
0.002694845
0.002706766
0.002701283
0.002700567
0.002701521
0.002676964
0.002699375
0.002701521
0.002691269
0.002719879
0.002688646
0.002677441
0.002677202
0.002681255
0.002717257
0.002688408
0.002709389
0.002669573
0.002696514
0.002711773
0.002686739
0.002700090
0.002673626
0.002725124
0.002699137
0.002670527
0.002756357
0.002692223
0.002700329
0.002662420
0.002722979
0.002730608
0.002717733
0.002687216
0.002707958
0.002703905
0.002771378
0.002672434
0.002703190
0.002669811
0.002687693
0.002681017
0.002676964
0.002695084
0.002693653
0.002669811
0.002727747
0.002665281
0.002707481
0.002697468
0.002712965
0.002695799
0.002696991
0.002715588
0.002686024
0.002685308
0.002719879
0.002662897
0.002768755
0.002667665
0.002706528
0.002689600
0.002705336
0.002709627
0.002679825
0.002715826
0.002728939
0.002659798
0.002700567
0.002693415
0.002695560
0.002686024
0.002664566
0.002689838
0.002675295
0.002695799
0.002723217
0.002701998
0.002696991
0.002679348
0.002707005
0.002663851
0.002700567
0.002698660
0.002694845
0.002711058
0.002713919
0.002689838
0.002714872
0.002679586
0.002717733
0.002688885
0.002671480
0.002713203
0.002711773
0.002693653
0.002724171
0.002679110
0.002712965
0.002700329
0.002702951
0.002710581
0.002720356
0.002683640
0.002700567
0.002722979
0.002679586
0.002708912
0.002697468
0.002679110
0.002721310
0.002687454
0.002690554
0.002684355
0.002678156
0.002691507
0.002691746
0.002679348
0.002697945
0.002703667
0.002720833
0.002656221
0.002713919
0.002709389
0.002700329
0.002707005
0.002686501
0.002705574
0.002761126
0.002696037
0.002696514
0.002696514
0.002689838
0.002697229
0.002694368
0.002696514
0.002708673
0.002693892
0.002686739
0.002682686
0.002695799
0.002656460
0.002709627
0.002681017
0.002697945
0.002697468
0.002720594
0.002682924
0.002713919
0.002689362
0.002706289
0.002680302
0.002694845
0.002706289
0.002742052
0.002681255
0.002706051
0.002662897
0.002692699
0.002680063
0.002701998
0.002684593
0.002687454
0.002686501
0.002712250
0.002730131
0.002694845
0.002677917
0.002717257
0.002702236
0.002730370
0.002707481
0.002714634
0.002672434
0.002697706
0.002697229
0.002710104
0.002713203
0.002652884
0.002677679
0.002692699
0.002690315
0.002702951
0.002681971
0.002683878
0.002684832
0.002724409
0.002692223
0.002692461
0.002709389
0.002708435
0.002688646
0.002712011
0.002674580
0.002698660
0.002726078
0.002717018
0.002723455
0.002662182
0.002685785
0.002718210
0.002697468
0.002697945
0.002687693
0.002687454
0.002701521
0.002701998
0.002688646
0.002700806
0.002692699
0.002710819
0.002694607
0.002730370
0.002695799
0.002663136
0.002688885
0.002694130
0.002711296
0.002684116
0.002664328
0.002715349
0.002679586
0.002685070
0.002689838
0.002679110
0.002724886
0.002691746
0.002659798
0.002698183
0.002688408
0.002709389
0.002671242
0.002711535
0.002695799
0.002695799
0.002671003
0.002726555
0.002687693
0.002732754
0.002680779
0.002711773
0.002664804
0.002678156
0.002689123
0.002673864
0.002689362
0.002708912
0.002673149
0.002715826
0.002677202
0.002697945
0.002675533
0.002694130
0.002694368
0.002690077
0.002701998
0.002686739
0.002707720
0.002703190
0.002672911
0.002758741
0.002682209
0.002724409
0.002671003
0.002699137
0.002694368
0.002699137
0.002700567
0.002673149
0.002683163
0.002686262
0.002700090
0.002707958
0.002663136
0.002689600
0.002691269
0.002688885
0.002693415
0.002680779
0.002712727
0.002692699
0.002679348
0.002706289
0.002660513
0.002695560
0.002702713
0.002708673
0.002713680
0.002687454
0.002683401
0.002704620
0.002677917
0.002707958
0.002693892
0.002661705
0.002726316
0.002747059
0.002721310
0.002717257
0.002702713
0.002710819
0.002701998
0.002751350
0.002725840
0.002701998
0.002691269
0.002711296
0.002720118
0.002687216
0.002694845
0.002700806
0.002669096
0.002700090
0.002704144
0.002686501
0.002676249
0.002690554
0.002687931
0.002700090
0.002694845
0.002695084
0.002670288
0.002705097
0.002676249
0.002690792
0.002691746
0.002707243
0.002687454
0.002688646
0.002681017
0.002737522
0.002681971
0.002681494
0.002717257
0.002684832
0.002696991
0.002703428
0.002668619
0.002683640
0.002681494
0.002689123
0.002685070
0.002675295
0.002661705
0.002671719
0.002696753
0.002712250
0.002683640
0.002711296
0.002689362
0.002695084
0.002687454
0.002676010
0.002686024
0.002690077
0.002682924
0.002769470
0.002669811
0.002696276
0.002647161
0.002682924
0.002687693
0.002689600
0.002691269
0.002671480
0.002716541
0.002736330
0.002694607
0.002701759
0.002705336
0.002717495
0.002713680
0.002698660
0.002732277
0.002739191
0.002689838
0.002724648
0.002676964
0.002699375
0.002712488
0.002670050
0.002686501
0.002671242
0.002689123
0.002717257
0.002699375
0.002727270
0.002673864
0.002705097
0.002699614
0.002686739
0.002707005
0.002702951
0.002688646
0.002721310
0.002698421
0.002717018
0.002707243
0.002708197
0.002738953
0.002687216
0.002678156
0.002710819
0.002718687
0.002697945
0.002709627
0.002717257
0.002709866
0.002733707
0.002697706
0.002722740
0.002706528
0.002697229
0.002719641
0.002714872
0.002669334
0.002686739
0.002698421
0.002690554
0.002688885
0.002672434
0.002707720
0.002699852
0.002671957
0.002668142
0.002676249
0.002745152
0.002700806
0.002709150
0.002669811
0.002683640
0.002691031
0.002675533
0.002673626
0.002706766
0.002696037
0.002699137
0.002670765
0.002684116
0.002692223
0.002706528
0.002689838
0.002698183
0.002659559
0.002679110
0.002670050
0.002708673
0.002695322
0.002681732
0.002682447
0.002677441
0.002675772
0.002696037
0.002664566
0.002701283
0.002671957
0.002703428
0.003257513
0.003251553
0.002660036
0.002669811
0.002652645
0.002711296
0.002659559
0.002667904
0.002696514
0.002683401
0.002677679
0.002646446
0.002648115
0.002667189
0.002664566
0.002671242
0.002696753
0.002654791
0.002671242
0.002680302
0.002649307
0.002692699
0.002635956
0.002683640
0.002686024
0.002653360
0.002662182
0.002673388
0.002686501
0.002654076
0.002666950
0.002668858
0.002681494
0.002678394
0.002657652
0.002667189
0.002665997
0.002663374
0.002695799
0.002665758
0.002683163
0.002686977
0.002653360
0.002664804
0.002667427
0.002676725
0.002679825
0.002672911
0.002685070
0.002675772
0.002637148
0.002672911
0.002692461
0.002641201
0.002669334
0.002665520
0.002660990
0.002678633
0.002652407
0.002665758
0.002665043
0.002651453
0.002660751
0.002651691
0.002658129
0.002665043
0.002652168
0.002673388
0.002663612
0.002660513
0.002661467
0.002663851
0.002656460
0.002655268
0.002665281
0.002705574
0.002671957
0.002655029
0.002685070
0.002669096
0.002664328
0.002662897
0.002656698
0.002681732
0.002690315
0.002637625
0.002668858
0.002655268
0.002686739
0.002649546
0.002636433
0.002694368
0.002662420
0.002682209
0.002664804
0.002713442
0.002675772
0.002657175
0.002738953
0.002665997
0.002755404
0.002716541
0.002663136
0.002677202
0.002640009
0.002680063
0.002656221
0.002698421
0.002664089
0.002647638
0.002698183
0.002676249
0.002694130
0.002638578
0.002642155
0.002700329
0.002653599
0.002686501
0.002696037
0.002700329
0.002695799
0.002672911
0.002696514
0.002672195
0.002692223
0.002669096
0.002672911
0.002665281
0.002690315
0.002700806
0.002677441
0.002701998
0.002958775
0.002693415
0.002686977
0.002711773
0.002698421
0.002674103
0.002669096
0.002701759
0.002724648
0.002678156
0.002708673
0.002660513
0.002703905
0.002657890
0.002654552
0.002677202
0.002715111
0.002692223
0.002676964
0.002676010
0.002679110
0.002707958
0.002664089
0.002725840
0.002699614
0.002689123
0.002727747
0.002692699
0.002712250
0.002672434
0.002675772
0.002692938
0.002682924
0.002696276
0.002690554
0.002698660
0.002696753
0.002675295
0.002677441
0.002698660
0.002714396
0.002686024
0.002660990
0.002697229
0.002702713
0.002684832
0.002689838
0.002688885
0.002690792
0.002713442
0.002665043
0.002705574
0.002671480
0.002699137
0.002669573
0.002685547
0.002704382
0.002656698
0.002701521
0.002705812
0.002679825
0.002702475
0.002671719
0.002716780
0.002683878
0.002683878
0.002679348
0.002685308
0.002727509
0.002703667
0.002688169
0.002697468
0.002686501
0.002703667
0.002698898
0.002747059
0.002689838
0.002677679
0.002695322
0.002706289
0.002698183
0.002682209
0.002682209
0.002700090
0.002692699
0.002684593
0.002726078
0.002692461
0.002714396
0.002686024
0.002683878
0.002680779
0.002668619
0.002733946
0.002716780
0.002695084
0.002716064
0.002706766
0.002722740
0.002722740
0.002694368
0.002701283
0.002708435
0.002695322
0.002676010
0.002688408
0.002693176
0.002695560
0.002709866
0.002651215
0.002702236
0.002725363
0.002695084
0.002711535
0.002676725
0.002716780
0.002737045
0.002693653
0.002722025
0.002682924
0.002710819
0.002722502
0.002715111
0.002683163
0.002680063
0.002711535
0.002698183
0.002702951
0.002707958
0.002669334
0.002708673
0.002694368
0.002699137
0.002702475
0.002687454
0.002708673
0.002716541
0.002697945
0.002677917
0.002683401
0.002709150
0.002726078
0.002687454
0.002681017
0.002684116
0.002773523
0.002712965
0.002692938
0.002725363
0.002684832
0.002715826
0.002672195
0.002679825
0.002696514
0.002692461
0.002686501
0.002685070
0.002706528
0.002788544
0.002694607
0.002685070
0.002690554
0.002707958
0.002677917
0.002684355
0.002699375
0.002676964
0.002685308
0.002691269
0.002731085
0.002718449
0.002742767
0.002697229
0.002684116
0.002687693
0.002668619
0.002701521
0.002693176
0.002676249
0.002707243
0.002682209
0.002707481
0.002700329
0.002685070
0.002672672
0.002665281
0.002694368
0.002704620
0.002705097
0.002708435
0.002681494
0.002727032
0.002681732
0.002705574
0.002704382
0.002669096
0.002704859
0.002668142
0.002698660
0.002706766
0.002739429
0.002698421
0.002674103
0.002729177
0.002700567
0.002686501
0.002720833
0.002705097
0.002716780
0.002683401
0.002682209
0.002699137
0.002722740
0.002702236
0.002702713
0.002682447
0.002695322
0.002705812
0.002705812
0.002683878
0.002725601
0.002682447
0.002672911
0.002717257
0.002680063
0.002730131
0.002706289
0.002705336
0.002722502
0.002723217
0.002711058
0.002656937
0.002686024
0.002694368
0.002688646
0.002686501
0.002669334
0.002696991
0.002699614
0.002676010
0.002726316
0.002696753
0.002757072
0.002735138
0.002696753
0.002725601
0.002725363
0.002744913
0.002733469
0.002732754
0.002710104
0.002686739
0.002693892
0.002709627
0.002706528
0.002731562
0.002677917
0.002705097
0.002687931
0.002676249
0.002721071
0.002685308
0.002714157
0.002701044
0.002684116
0.002731323
0.002686024
0.002705336
0.002696991
0.002700806
0.002739429
0.002713680
0.002711296
0.002708435
0.002707005
0.002711058
0.002675772
0.002766371
0.002710342
0.002710342
0.002726078
0.002716780
0.002715826
0.002704620
0.002712011
0.002715826
0.002684832
0.002720833
0.002725363
0.002703428
0.002692699
0.002673864
0.002712488
0.002692938
0.002676487
0.002707005
0.002687454
0.002689123
0.002691984
0.002698660
0.002695084
0.002681732
0.002688408
0.002696276
0.002704620
0.002696753
0.002682447
0.002700329
0.002705336
0.002703428
0.002723455
0.002674818
0.002712011
0.002722502
0.002689123
0.002717018
0.002670288
0.002703905
0.002712011
0.002700090
0.002718449
0.002692223
0.002678871
0.002711058
0.002718687
0.002683640
0.002693415
0.002690315
0.002684593
0.002714872
0.002709627
0.002709866
0.002685785
0.002669096
0.002712965
0.002726793
0.002685547
0.002684593
0.002702951
0.002711773
0.002693892
0.002910614
0.002688169
0.002718925
0.002689838
0.002665997
0.002691269
0.002757549
0.002704382
0.002690315
0.002722502
0.002702475
0.002686739
0.002689600
0.002673388
0.002678871
0.002729893
0.002693892
0.002712727
0.002712488
0.002711296
0.002699852
0.002696514
0.002745390
0.003414869
0.002705336
0.002713203
0.002708912
0.002703190
0.002688169
0.002712965
0.002691984
0.002701521
0.002750635
0.002685070
0.002706051
0.002663851
0.002681732
0.002698421
0.002689600
0.002705574
0.002683640
0.002688646
0.002700329
0.002703905
0.002689600
0.002683878
0.002686739
0.002695084
0.002690315
0.002733469
0.002686977
0.002692461
0.002725363
0.002693176
0.002716303
0.002685308
0.002700806
0.002705812
0.002687931
0.002694845
0.002701044
0.002717018
0.002683878
0.002680063
0.002708912
0.002703428
0.002717495
0.002685785
0.002722740
0.002709627
0.002704859
0.002690077
0.002691746
0.002743721
0.002708435
0.002725363
0.002702236
0.002683878
0.002739668
0.002698898
0.002696276
0.003327370
0.002684593
0.002713442
0.002707481
0.002721071
0.002720118
0.002704382
0.002705812
0.002700806
0.002720118
0.002682209
0.002679825
0.002704382
0.002695799
0.002722025
0.002680063
0.002683878
0.002712011
0.002688646
0.002694130
0.002673864
0.002704859
0.002719402
0.002695084
0.002691269
0.002695799
0.002711535
0.002720118
0.002682924
0.002737999
0.002692223
0.002709150
0.002688885
0.002696037
0.002715111
0.002705574
0.002674580
0.002705097
0.002693415
0.002692699
0.002682924
0.002712011
0.002722025
0.002693653
0.002685547
0.002698898
0.002716064
0.002712250
0.002679110
0.002701283
0.002699852
0.002724171
0.002706528
0.002696037
0.002696991
0.002683640
0.002700090
0.002742290
0.002686024
0.002706766
0.002685547
0.002729893
0.002711535
0.002704144
0.002703428
0.002686501
0.002699614
0.002685308
0.002697706
0.002717733
0.002722025
0.002700567
0.002699375
0.002700329
0.002712250
0.002715349
0.002727032
0.002676487
0.002687216
0.002719402
0.002690792
0.002691984
0.002699137
0.002703905
0.002733231
0.002683878
0.002715826
0.002686024
0.002686262
0.002724886
0.002700567
0.002708197
0.002694130
0.002703667
0.002710104
0.002713203
0.002700090
0.002686024
0.002719402
0.002724648
0.002722025
0.002720118
0.002681971
0.002740145
0.002734184
0.002681971
0.002707958
0.002682686
0.002718687
0.002722979
0.002709150
0.002714634
0.002688646
0.002697468
0.002689838
0.002703905
0.002715826
0.002683640
0.002728701
0.002739429
0.002697945
0.002722502
0.002695084
0.002707720
0.002709389
0.002659559
0.002719402
0.002734184
0.002697706
0.002691507
0.002728224
0.002711058
0.002684593
0.002687216
0.002693653
0.002690792
0.002707005
0.002674818
0.002722025
0.002695560
0.002676725
0.002709150
0.002690077
0.002728462
0.002678394
0.002709866
0.002695322
0.002712488
0.002716303
0.002670050
0.002729416
0.002708197
0.002688885
0.002751350
0.002682686
0.002718210
0.002659082
0.002676010
0.002703905
0.002696514
0.002696753
0.002677441
0.002720594
0.002704382
0.002697706
0.002686977
0.002681255
0.002713680
0.002672434
0.002683878
0.002727509
0.002707481
0.002703667
0.002675056
0.002708197
0.002717018
0.002701044
0.002693892
0.002905607
0.002692938
0.002679586
0.002704144
0.002712011
0.002701759
0.002692699
0.002688408
0.002684832
0.002701283
0.002691746
0.002712488
0.002676487
0.002693892
0.002687931
0.002690554
0.002718449
0.002683640
0.002725363
0.002686501
0.002672911
0.002726316
0.002703190
0.002703428
0.002727985
0.002699614
0.002714872
0.002726078
0.002682686
0.002723455
0.002704144
0.002706528
0.002683640
0.002715826
0.002694368
0.002666950
0.002698183
0.002688408
0.002698898
0.002697229
0.002670288
0.002723455
0.002677202
0.002684593
0.002699137
0.002696037
0.002723694
0.002672911
0.002674580
0.002699614
0.002707720
0.002697229
0.002671003
0.002720356
0.002706051
0.002709150
0.002687454
0.002683878
0.002710104
0.002714396
0.002673149
0.002702713
0.002673149
0.002701759
0.002704859
0.002669334
0.002695799
0.002689123
0.002691507
0.002731562
0.002675533
0.002695799
0.002684355
0.002705336
0.002701044
0.002691746
0.002703905
0.002688169
0.002696514
0.002692699
0.002680779
0.002765894
0.002681971
0.002713680
0.002672672
0.002708435
0.002713442
0.002677441
0.002691031
0.002674341
0.002690554
0.002696276
0.002694368
0.002710342
0.002678633
0.002690077
0.002698421
0.002672672
0.002690792
0.002672672
0.002716780
0.002693653
0.002687931
0.002710581
0.002675295
0.002729654
0.002735138
0.002714396
0.002729177
0.002688408
0.002706766
0.002734661
0.002717495
0.002743483
0.002721310
0.002693653
0.002720594
0.002726078
0.002711296
0.002701044
0.002694845
0.002722025
0.002718449
0.002722740
0.002716780
0.002719164
0.002699852
0.002713203
0.002739906
0.002664566
0.002707005
0.002727032
0.002713680
0.002750397
0.002698660
0.002703667
0.002696514
0.002695560
0.002709627
0.002708197
0.002699137
0.002716541
0.002709866
0.002732515
0.002679825
0.002711058
0.002713680
0.002716064
0.002711773
0.002681971
0.002705574
0.002753973
0.002701759
0.002728701
0.002717018
0.002696514
0.002714396
0.002691031
0.002696753
0.002689123
0.002705574
0.002701521
0.002690554
0.002713442
0.002699852
0.002684116
0.002695322
0.002691984
0.002697945
0.002691746
0.002685785
0.002732038
0.002701283
0.002699137
0.002696037
0.002699614
0.002711773
0.002748728
0.002691269
0.002694607
0.002670050
0.002697229
0.002673626
0.002690554
0.002679348
0.002693653
0.002699852
0.002680540
0.002715349
0.002662897
0.002666950
0.002697468
0.002684593
0.002705812
0.002688885
0.002694368
0.002690792
0.002693653
0.002719402
0.002695560
0.002684832
0.002677441
0.002690792
0.002691507
0.002702236
0.002706289
0.002686977
0.002709150
0.002687454
0.002705574
0.002686977
0.002694845
0.002696753
0.002705812
0.002697706
0.002690792
0.002699137
0.002713680
0.002702475
0.002708435
0.002728224
0.002684116
0.002684593
0.002708197
0.002694368
0.002706766
0.002696037
0.002679586
0.002707243
0.002699137
0.002673626
0.002710342
0.002689362
0.002694368
0.002700329
0.002706528
0.002683878
0.002666950
0.002684355
0.002704859
0.002701759
0.002682209
0.002689600
0.002712250
0.002690554
0.002676487
0.002683878
0.002690792
0.002711773
0.002691031
0.002685785
0.002688885
0.002704620
0.002695560
0.002666712
0.002700329
0.002702236
0.002699375
0.002682924
0.002699375
0.002686262
0.002717257
0.002673149
0.002681255
0.002674103
0.002681017
0.002701521
0.002702713
0.002690792
0.002694368
0.002686501
0.002706528
0.002675772
0.002686739
0.002678871
0.002701283
0.002691031
0.002701283
0.002687931
0.002695084
0.002696276
0.002670527
0.002674580
0.002743244
0.002689123
0.002682924
0.002705097
0.002729893
0.002712011
0.002709150
0.002688169
0.002688169
0.002687693
0.002732277
0.002704382
0.002702475
0.002678633
0.002682447
0.002686501
0.002673864
0.002688646
0.002707958
0.002721310
0.002688408
0.002696276
0.002692223
0.002671003
0.002691507
0.002703428
0.002703428
0.002713919
0.002696753
0.002667427
0.002706528
0.002686739
0.002684116
0.002698660
0.002672434
0.002698898
0.002719879
0.002699614
0.002704859
0.002687693
0.002709627
0.002701759
0.002696753
0.002715111
0.002702951
0.002682209
0.002708912
0.002712011
0.002674580
0.002698898
0.002696037
0.002685070
0.002715588
0.002705574
0.002686501
0.002681017
0.002688885
0.002675533
0.002700806
0.002701759
0.002690077
0.002700567
0.002706289
0.002669573
0.002711296
0.002699137
0.002687216
0.002694607
0.002671003
0.002698898
0.002749681
0.002701521
0.002686739
0.002716064
0.002695322
0.002681971
0.002686501
0.002667904
0.002694368
0.002711773
0.002681971
0.002686977
0.002688646
0.002680063
0.002681017
0.002690792
0.002696514
0.002702713
0.002697229
0.002694607
0.002694845
0.002678394
0.002707005
0.002686739
0.002697706
0.002689600
0.002727032
0.002685308
0.002687931
0.002664566
0.002676487
0.002675772
0.002687693
0.002692938
0.002676964
0.002692461
0.002685785
0.002679825
0.002660513
0.002665758
0.002672195
0.002677917
0.002690792
0.002686977
0.002695084
0.002673626
0.002678633
0.002682209
0.002682924
0.002681494
0.002656698
0.002655506
0.002683640
0.002690077
0.002691269
0.002674103
0.002665997
0.002674341
0.002709389
0.002690554
0.002683878
0.002676725
0.002692461
0.002669811
0.002692461
0.002669096
0.002659559
0.002709627
0.002665758
0.002708912
0.002681017
0.002666235
0.002713680
0.002714157
0.002697468
0.002706051
0.002698421
0.002697229
0.002694130
0.002678394
0.002705812
0.002665758
0.002691031
0.002692461
0.002692938
0.002682447
0.002669096
0.002675533
0.002671719
0.002686501
0.002680779
0.002651930
0.002696276
0.002665043
0.002672672
0.002688885
0.002661467
0.002713203
0.002678156
0.002674341
0.002695084
0.002684355
0.002687454
0.002665281
0.002691984
0.002682447
0.002685308
0.002671242
0.002689838
0.002680302
0.002702951
0.002666950
0.002695322
0.002688885
0.002664566
0.002684832
0.002665758
0.002691031
0.002686977
0.002761841
0.002678871
0.002665281
0.002704144
0.002680779
0.002687931
0.002699137
0.002683163
0.002695322
0.002663612
0.002688408
0.002699375
0.002667427
0.002738476
0.002671242
0.002686024
0.002698421
0.002692938
0.002712727
0.002670050
0.002660990
0.002684116
0.002665281
0.002681732
0.002691746
0.002688885
0.002678871
0.002655268
0.002684593
0.002674580
0.002664089
0.002687693
