0.000184774
0.000201225
0.000120401
0.000108719
0.000108480
0.000149012
0.000112534
0.000105619
0.000102282
0.000100851
0.000099897
0.000156641
0.000116825
0.000189781
0.000104189
0.000100851
0.000110388
0.000142574
0.000108242
0.000101328
0.000100613
0.000105619
0.000101566
0.000120640
0.000108004
0.000102758
0.000102758
0.000100374
0.000105143
0.000121593
0.000106812
0.000104189
0.000100613
0.000181913
0.000097036
0.000117779
0.000103951
0.000106096
0.000098467
0.000097752
0.000096321
0.000124216
0.000104666
0.000099659
0.000123262
0.000105143
0.000113964
0.000123978
0.000104427
0.000180960
0.000099182
0.000109434
0.000101089
0.000120163
0.000115633
0.000105858
0.000105619
0.000102997
0.000106096
0.000125170
0.000103474
0.000104904
0.000101328
0.000100136
0.000101089
0.000178337
0.000099897
0.000101328
0.000097990
0.000097990
0.000102282
0.000107050
0.000098705
0.000098228
0.000096560
0.000097036
0.000107527
0.000099897
0.000099897
0.000097513
0.000100613
0.000099897
0.000100136
0.000178576
0.000097036
0.000100851
0.000100851
0.000098944
0.000103951
0.000102997
0.000098228
0.000107765
0.000098944
0.000108480
0.000100613
0.000096560
0.000102043
0.000099659
0.000098944
0.000097990
0.000096560
0.000099659
0.000097036
0.000104189
0.000095606
0.000115395
0.000106573
0.000098944
0.000096321
0.000100374
0.000093937
0.000099182
0.000094414
0.000097752
0.000093222
0.000094652
0.000098944
0.000096560
0.000100613
0.000103474
