0.000159264
0.000148058
0.000096321
0.000172138
0.000092983
0.000086308
0.000116110
0.000090122
0.000091314
0.000090122
0.000087500
0.000095367
0.000119448
0.000102758
0.000095367
0.000087738
0.000083685
0.000084162
0.000111341
0.000090837
0.000087976
0.000087976
0.000083208
0.000086546
0.000099897
0.000092268
0.000091076
0.000086784
0.000087738
0.000086546
0.000100374
0.000101089
0.000103474
0.000099659
0.000098944
0.000092983
0.000120163
0.000093937
0.000102758
0.000091791
0.000091076
0.000093937
0.000104189
0.000097990
0.000096083
0.000087023
0.000084877
0.000081778
0.000103951
0.000091553
0.000093699
0.000086308
0.000085115
0.000087738
0.000099897
0.000093937
0.000094414
0.000089407
0.000088215
0.000088692
0.000097513
0.000084877
0.000087500
0.000088215
0.000087738
0.000084639
0.000095844
0.000085831
0.000090122
0.000088215
0.000085831
0.000096798
0.000252724
0.000131607
0.000106812
0.000091553
0.000093699
0.000091791
0.000149250
0.000097990
0.000107050
0.000114202
0.000093937
0.000091314
0.000138521
0.000100136
0.000098705
0.000091791
0.000093222
0.000088453
0.000120163
0.000091314
0.000088215
0.000092268
0.000091314
0.000084400
0.000099659
0.000087023
0.000090361
0.000086546
0.000086069
0.000082016
0.000097275
0.000096321
0.000090599
0.000089407
0.000084162
0.000081539
0.000098467
0.000089407
0.000087738
0.000085592
0.000092030
0.000090122
0.000085592
0.000090837
0.000089884
0.000084400
0.000090599
0.000085354
