0.000178337
0.000170469
0.000096083
0.000096083
0.000093699
0.000123978
0.000089407
0.000085115
0.000091553
0.000087261
0.000092268
0.000121593
0.000088930
0.000091076
0.000094891
0.000085115
0.000082970
0.000120401
0.000093460
0.000087738
0.000085354
0.000082493
0.000085115
0.000105858
0.000092506
0.000088930
0.000087023
0.000085592
0.000089884
0.000106335
0.000088453
0.000082970
0.000082970
0.000086069
0.000086784
0.000102520
0.000087023
0.000082254
0.000091314
0.000085354
0.000083685
0.000105858
0.000086069
0.000085354
0.000090361
0.000085831
0.000084400
0.000101328
0.000089645
0.000085354
0.000086546
0.000088692
0.000082731
0.000103712
0.000089645
0.000093699
0.000089884
0.000082970
0.000086784
0.000108004
0.000094414
0.000083447
0.000082731
0.000084639
0.000093222
0.000084400
0.000083447
0.000081778
0.000086308
0.000084162
0.000083685
0.000092030
0.000084162
0.000084400
0.000091791
0.000082493
0.000081301
0.000083923
0.000088930
0.000086546
0.000087738
0.000081539
0.000081301
0.000082731
0.000083447
0.000084639
0.000087976
0.000083208
0.000086069
0.000082731
0.000084639
0.000085592
0.000080347
0.000084400
0.000084162
0.000079632
0.000080824
0.000082254
0.000085354
0.000090837
0.000082493
0.000079870
0.000078678
0.000084162
0.000089884
0.000081539
0.000084639
0.000079632
0.000084400
0.000085115
0.000080347
0.000080824
0.000081301
0.000082970
0.000084400
0.000085354
0.000086069
0.000082254
0.000087976
0.000082970
