0.000175953
0.000227928
0.000159979
0.000116587
0.000104427
0.000234365
0.000106335
0.000097990
0.000090599
0.000092983
0.000091553
0.000118732
0.000111818
0.000093699
0.000099897
0.000093222
0.000093460
0.000109196
0.000093222
0.000092030
0.000089407
0.000094175
0.000107765
0.000112295
0.000101566
0.000092745
0.000092268
0.000085115
0.000085354
0.000109911
0.000094175
0.000090361
0.000087500
0.000086069
0.000089884
0.000109434
0.000096321
0.000091791
0.000087976
0.000089884
0.000090122
0.000104189
0.000089407
0.000086546
0.000092030
0.000091076
0.000090599
0.000103712
0.000087976
0.000092030
0.000089645
0.000087023
0.000084877
0.000105858
0.000097036
0.000092506
0.000090599
0.000086784
0.000084639
0.000104666
0.000091553
0.000086308
0.000093460
0.000085831
0.000089169
0.000089169
0.000090599
0.000093699
0.000089407
0.000093937
0.000088692
0.000088215
0.000088930
0.000089169
0.000088930
0.000170946
0.000086308
0.000086546
0.000087023
0.000089407
0.000088930
0.000090122
0.000107050
0.000094652
0.000097752
0.000092745
0.000087261
0.000086784
0.000087738
0.000088930
0.000088453
0.000088930
0.000085354
0.000086308
0.000086784
0.000091791
0.000090361
0.000091314
0.000086784
0.000088215
0.000087261
0.000085115
0.000086784
0.000084877
0.000086784
0.000087976
0.000084400
0.000082970
0.000082731
0.000097275
0.000089645
0.000087261
0.000084162
0.000084877
0.000093699
0.000088453
0.000086546
0.000083685
0.000090361
0.000086784
