0.000475407
0.000445366
0.000252724
0.000355959
0.000236273
0.000302553
0.000373840
0.000233889
0.000229120
0.000236273
0.000226736
0.000433922
0.000244379
0.000230789
0.000234842
0.000230312
0.000384331
0.000317812
0.000244379
0.000375271
0.000231743
0.000228643
0.000227213
0.000281572
0.000245333
0.000364780
0.000231743
0.000230789
0.000352621
0.000302315
0.000247717
0.000235081
0.000358105
0.000226974
0.000228643
0.000464439
0.000342607
0.000247955
0.000236988
0.000367641
0.000229359
0.000277996
0.000238419
0.000359058
0.000241518
0.000234127
0.000239372
0.000398874
0.000233412
0.000241041
0.000224113
0.000225306
0.000351667
0.000268459
0.000245094
0.000221491
0.000231028
0.000352383
0.000225782
0.000276327
0.000249863
0.000362158
0.000233173
0.000348330
0.000241995
0.000228882
0.000353336
0.000228643
0.000220537
0.000227213
0.000349045
0.000221491
0.000223160
0.000224352
0.000354052
0.000223160
0.000257015
0.000233173
0.000238180
0.000259161
0.000352621
0.000224590
0.000221968
0.000347376
0.000228643
0.000232458
0.000221968
0.000350475
0.000228167
0.000231028
0.000228882
0.000350714
0.000221014
0.000222445
0.000349283
0.000222921
0.000223637
0.000228882
0.000226736
0.000353098
0.000221968
0.000216246
0.000213623
0.000216722
0.000221968
0.000216722
0.000216484
0.000214338
0.000222206
0.000221252
0.000215292
0.000215054
0.000214338
0.000220537
0.000223160
0.000215530
0.000221491
0.000216007
0.000214815
0.000220299
