0.011656046
0.001236200
0.001182079
0.001177788
0.000954628
0.001383066
0.000961781
0.001175165
0.001167059
0.001176357
0.001219273
0.001115084
0.001240730
0.000962257
0.000967503
0.000986576
0.001202583
0.001119375
0.001186848
0.000950575
0.001191139
0.001181364
0.001191616
0.001055241
0.000962734
0.001205683
0.001179695
0.000962496
0.000950813
0.001313448
0.000995398
0.001212358
0.000973225
0.001187801
0.000970840
0.001311302
0.001219034
0.001219034
0.000971079
0.001193523
0.001223326
0.001310349
0.000990391
0.001205206
0.000967979
0.001234293
0.001206398
0.001089573
0.001220465
0.000973463
0.001198769
0.000974417
0.001268148
0.001276016
0.000980616
0.000984669
0.000970125
0.000969887
0.001024723
0.001255751
0.000978947
0.000928402
0.001199245
0.000922441
0.000962734
0.001005411
0.001197100
0.001185417
0.000954866
0.001192093
0.000985622
0.000966787
0.001193762
0.000956774
0.001182795
0.001204967
0.000962257
0.000977755
0.001191854
0.000956059
0.000964880
0.011089087
0.001057148
0.001193523
0.001203299
0.000998497
0.000954628
0.001204252
0.001190186
0.000966072
0.001237631
0.000966072
0.000963211
0.000910521
0.001188040
0.000984430
0.001201391
0.001039743
0.000969172
0.001195908
0.000985146
0.000919104
0.000915766
0.000913143
0.000941515
0.000925303
0.000922203
0.000912189
0.000915527
0.000910759
0.000917435
0.000919104
0.000921011
0.000912666
0.000911713
0.000927925
0.000913143
0.000930309
0.000919819
0.000917673
