0.012285948
0.002422571
0.002363205
0.001895666
0.002359152
0.002553225
0.002367735
0.001932144
0.002350092
0.002360344
0.001961470
0.002064943
0.001950502
0.002341032
0.002393246
0.001967669
0.002441883
0.002507210
0.001953363
0.002335310
0.001992941
0.001998186
0.002761364
0.001991510
0.002353668
0.002362490
0.002379656
0.001941919
0.002615452
0.012648106
0.001964092
0.001930952
0.002363682
0.002348900
0.002238274
0.002382517
0.001996756
0.002547503
0.002326488
0.001936674
0.002553225
0.001971960
0.002326965
0.002351284
0.002343416
0.001957178
0.002113342
0.002470016
0.001971483
0.002345324
0.002397299
0.001965046
0.002116919
0.001958847
0.002332449
0.002396822
0.001951694
0.002340317
0.002518415
0.002406359
0.001821280
0.001930475
0.002376318
0.002032280
0.002362490
0.001983643
0.002360106
0.002367258
0.001948118
0.001927137
0.002330542
0.001969576
0.001935959
0.002327681
0.002360106
0.002408981
0.002350092
0.001952887
0.001919746
0.001941681
0.001979351
0.002325058
0.002038240
0.002334118
0.001892328
0.002382517
0.001957655
0.001921415
0.002338886
0.002352238
0.001954079
0.002372503
0.011664391
0.002350807
0.002342939
0.001977205
0.001923323
0.001831770
0.001920938
0.001813173
0.002365351
0.001826048
0.001806021
0.001791239
0.001794100
0.001828194
0.001807690
0.001924038
0.001819611
0.001849174
0.001812458
0.001817226
0.001808643
0.001793623
0.001827955
0.001840353
0.001805544
0.001791239
0.001794577
0.001844406
