0.087483406
0.000215530
0.000115395
0.000088692
0.000101566
0.000097990
0.000088692
0.000083208
0.000081301
0.000183344
0.000144482
0.000103951
0.000094175
0.000081301
0.000079870
0.000088453
0.000108004
0.000088930
0.000085115
0.000080347
0.000083923
0.000084639
0.000100374
0.000084639
0.000078201
0.000080824
0.000081301
0.000081539
0.000090837
0.000089169
0.000078201
0.000083923
0.000079632
0.000077724
0.000090599
0.000084877
0.000083208
0.000080109
0.000076771
0.000077248
0.000092030
0.000085115
0.000078678
0.000078917
0.000075817
0.000078440
0.000094175
0.000081062
0.000080109
0.000092030
0.000079393
0.000084400
0.000098705
0.000079870
0.000077486
0.000084877
0.000083208
0.000078917
0.000093937
0.000083923
0.000078917
0.000084400
0.000077486
0.000078440
0.000090122
0.000084162
0.000082731
0.000079393
0.000078678
0.000077486
0.000087738
0.000084400
0.000079393
0.000076294
0.000075579
0.000079870
0.000090361
0.000080585
0.000077963
0.000075817
0.000077486
0.000082016
0.000095367
0.000083208
0.000076771
0.000078678
0.000082254
0.000077724
0.000092745
0.000087976
0.000081778
0.000082970
0.000078440
0.000077248
0.000085831
0.000087738
0.000085592
0.000080824
0.000078440
0.000082254
0.000102043
0.000089169
0.000086069
0.000081778
0.000080109
0.000080585
0.000082731
0.000081062
0.000081301
0.000089645
0.000080824
0.000088453
0.000088453
0.000080109
0.000081778
0.000081539
0.000082731
0.000081778
0.000078917
0.000078440
