0.020836592
0.009785891
0.010838270
0.008103132
0.008097887
0.009728670
0.009745359
0.009722948
0.008175135
0.009713173
0.009727955
0.008126497
0.009726524
0.008115053
0.009755373
0.008120060
0.009756804
0.009844780
0.008153677
0.008239508
0.009865046
0.020742416
0.009856939
0.008116722
0.009825706
0.008712292
0.009827614
0.008111715
0.008178711
0.009927988
0.009752274
0.008166313
0.009893417
0.009836674
0.008163214
0.009858608
0.008131742
0.009885788
0.009859324
0.008215189
0.008123875
0.008141279
0.009839773
0.009880066
0.008581161
0.008190632
0.009862661
0.009722710
0.008145094
0.009853840
0.008148670
0.009898424
0.008178711
0.020688057
0.008073330
0.009940863
0.009869099
0.008117437
0.009849310
0.008181334
0.009854078
0.007643700
0.008149862
0.008629322
0.009854794
0.008121014
0.008149385
0.009845495
0.009857178
0.008176327
0.008091450
0.009820700
0.008124113
0.009811163
0.008082867
0.008183241
0.009873152
0.008134365
0.009874105
0.009921551
0.020731926
0.008177042
0.008663893
0.008052111
0.009895086
0.008171797
0.009922266
0.017450094
0.009724855
0.008127689
0.008059502
0.009292603
0.007719755
0.009356499
0.009330988
0.007591009
0.017025232
0.007667303
0.007674694
0.009245396
0.007587433
0.007297754
0.007259130
0.007281542
0.007289648
0.016594887
0.007190228
0.016739368
0.007324696
0.007084131
0.007292032
0.007355690
0.007045746
0.007041454
0.007041931
0.007164001
0.007013559
0.007044077
0.007028818
0.007321596
