0.000193357
0.000195980
0.000112534
0.000102043
0.000100136
0.000135183
0.000123024
0.000097990
0.000095367
0.000093460
0.000179529
0.000134468
0.000105619
0.000095844
0.000097275
0.000096083
0.000097036
0.000122786
0.000103474
0.000093699
0.000101328
0.000094414
0.000093937
0.000153542
0.000103712
0.000100851
0.000100613
0.000093699
0.000090599
0.000126123
0.000102997
0.000098705
0.000094652
0.000096321
0.000092506
0.000123024
0.000099421
0.000096321
0.000093937
0.000091791
0.000096083
0.000112772
0.000095367
0.000091076
0.000167608
0.000094891
0.000097990
0.000107288
0.000099897
0.000095844
0.000094652
0.000093937
0.000093222
0.000110626
0.000097752
0.000095367
0.000093460
0.000097036
0.000089884
0.000108004
0.000103235
0.000095367
0.000094891
0.000089884
0.000091076
0.000098467
0.000095844
0.000091791
0.000088692
0.000088215
0.000093222
0.000094175
0.000091076
0.000089645
0.000088692
0.000091791
0.000165701
0.000098228
0.000096798
0.000092268
0.000095367
0.000091553
0.000096798
0.000092268
0.000093937
0.000092745
0.000090599
0.000090122
0.000089884
0.000088453
0.000093699
0.000088692
0.000090122
0.000097990
0.000092745
0.000099182
0.000092030
0.000090361
0.000091553
0.000092983
0.000098228
0.000090122
0.000091553
0.000090599
0.000090837
0.000092030
0.000097036
0.000096321
0.000098467
0.000092030
0.000093222
0.000089645
0.000089407
0.000091791
0.000087976
0.000091553
0.000090122
0.000087261
0.000087023
0.000088930
