0.000258923
0.000355959
0.000172377
0.000166655
0.000159979
0.000323534
0.000163078
0.000156641
0.000162125
0.000151634
0.000238180
0.000188351
0.000155449
0.000153780
0.000150442
0.000147343
0.000247240
0.000189781
0.000159979
0.000149965
0.000147343
0.000153065
0.000242949
0.000181913
0.000154257
0.000150919
0.000149012
0.000145912
0.000146389
0.000273943
0.000152826
0.000148773
0.000144720
0.000160456
0.000146866
0.000175714
0.000247955
0.000146151
0.000164270
0.000146389
0.000239134
0.000167370
0.000154257
0.000153303
0.000150204
0.000144958
0.000146389
0.000270605
0.000159264
0.000149965
0.000148773
0.000147343
0.000144243
0.000277042
0.000151873
0.000148773
0.000146151
0.000145197
0.000235081
0.000169754
0.000148535
0.000144243
0.000144720
0.000150204
0.000242710
0.000147581
0.000144720
0.000147343
0.000246048
0.000143766
0.000145197
0.000149727
0.000143766
0.000245810
0.000144720
0.000145912
0.000150204
0.000142813
0.000143290
0.000145674
0.000146151
0.000143051
0.000142813
0.000234365
0.000144958
0.000151396
0.000145435
0.000144482
0.000239134
0.000144958
0.000144720
0.000142336
0.000146389
0.000145674
0.000236273
0.000142336
0.000141621
0.000141859
0.000157595
0.000236750
0.000143766
0.000138760
0.000138760
0.000142813
0.000141859
0.000140190
0.000144005
0.000137806
0.000139952
0.000141144
0.000147104
0.000140429
0.000137806
0.000151634
0.000139236
0.000195265
0.000154734
0.000144958
0.000147581
0.000145197
