0.000766993
0.000815392
0.000534534
0.000638008
0.000519514
0.000728607
0.000646830
0.000625610
0.000623941
0.000501156
0.000623941
0.000590324
0.000521660
0.000502586
0.000634909
0.000507832
0.000639915
0.000702620
0.000634909
0.000510216
0.000504971
0.000620842
0.000612259
0.000570059
0.000512838
0.000649214
0.000506401
0.000549555
0.000517368
0.000707388
0.000652552
0.000501871
0.000616074
0.000494242
0.000622272
0.000691175
0.000631571
0.000618219
0.000499249
0.000620127
0.000503302
0.000580311
0.000534534
0.000633240
0.000508308
0.000637054
0.000507355
0.000705004
0.000640154
0.000510931
0.000512123
0.000626087
0.000622034
0.000575781
0.000522375
0.000649929
0.000632286
0.000507593
0.000496864
0.000559568
0.000537872
0.000636578
0.000632763
0.000501633
0.000627279
0.000627518
0.000626802
0.000506163
0.000500441
0.000628948
0.000509501
0.000641584
0.000626087
0.000622988
0.000502348
0.000503302
0.000620604
0.000502348
0.000504732
0.000487089
0.000507832
0.000629425
0.000495195
0.000506401
0.000627756
0.000513792
0.000627518
0.000661850
0.000513554
0.000636578
0.000627041
0.000503778
0.000501156
0.000504971
0.000627756
0.000506878
0.000624180
0.000638247
0.000503063
0.000634670
0.000511885
0.000489950
0.000490427
0.000490427
0.000481367
0.000493288
0.000478983
0.000480890
0.000479937
0.000482798
0.000481844
0.000479221
0.000480413
0.000477552
0.000484943
0.000487089
0.000481367
0.000480652
0.000478745
0.000499964
