0.000282049
0.000213861
0.000150681
0.000129461
0.000230789
0.000174046
0.000125647
0.000124454
0.000118971
0.000121593
0.000121355
0.000245810
0.000129461
0.000119925
0.000121355
0.000116348
0.000114679
0.000159979
0.000121832
0.000116587
0.000114918
0.000114918
0.000116825
0.000224590
0.000120640
0.000115395
0.000118732
0.000123024
0.000120163
0.000138283
0.000116348
0.000113010
0.000118017
0.000114918
0.000116587
0.000225306
0.000127792
0.000119686
0.000116348
0.000120878
0.000119448
0.000136614
0.000129223
0.000118256
0.000202417
0.000118017
0.000114679
0.000142813
0.000120401
0.000114918
0.000113964
0.000111341
0.000115871
0.000220537
0.000141859
0.000120640
0.000118494
0.000125170
0.000117302
0.000138760
0.000118494
0.000118732
0.000118732
0.000114918
0.000201225
0.000111818
0.000116825
0.000125885
0.000116348
0.000120878
0.000120401
0.000114202
0.000193119
0.000115633
0.000115156
0.000111818
0.000115156
0.000115871
0.000118494
0.000112772
0.000113010
0.000111818
0.000200510
0.000118732
0.000115395
0.000118732
0.000113964
0.000122070
0.000115871
0.000112057
0.000113726
0.000111341
0.000196457
0.000112772
0.000113249
0.000111103
0.000111341
0.000113964
0.000114202
0.000115871
0.000118256
0.000113010
0.000114441
0.000110865
0.000111103
0.000109196
0.000109434
0.000111818
0.000112772
0.000109911
0.000108480
0.000112295
0.000113964
0.000110626
0.000117302
0.000108480
0.000111341
0.000118732
0.000112057
0.000110388
