0.000180960
0.000171900
0.000108004
0.000100613
0.000087738
0.000127554
0.000096321
0.000095367
0.000088453
0.000086546
0.000088692
0.000121117
0.000091791
0.000087976
0.000085354
0.000087261
0.000085115
0.000103712
0.000087261
0.000084877
0.000088215
0.000083208
0.000092030
0.000109434
0.000085831
0.000085354
0.000084400
0.000085592
0.000084400
0.000112772
0.000088453
0.000084400
0.000085592
0.000095367
0.000083685
0.000105381
0.000086546
0.000087261
0.000084400
0.000083447
0.000089645
0.000099182
0.000094652
0.000083923
0.000080347
0.000083923
0.000088930
0.000107288
0.000087023
0.000084639
0.000130415
0.000088692
0.000090837
0.000115395
0.000087500
0.000082493
0.000083208
0.000086784
0.000083685
0.000109434
0.000100136
0.000083685
0.000088453
0.000093699
0.000086069
0.000087500
0.000083923
0.000085354
0.000082731
0.000087976
0.000085354
0.000082493
0.000086069
0.000081539
0.000081062
0.000090122
0.000083208
0.000088453
0.000085115
0.000082970
0.000084639
0.000081539
0.000090599
0.000082493
0.000078678
0.000077963
0.000086546
0.000087261
0.000082731
0.000088692
0.000084162
0.000081539
0.000086308
0.000088453
0.000082016
0.000080109
0.000078678
0.000082731
0.000081778
0.000083685
0.000084162
0.000080347
0.000084877
0.000080585
0.000081539
0.000083447
0.000082016
0.000084639
0.000081301
0.000083685
0.000081778
0.000078440
0.000083685
0.000082016
0.000078678
0.000078440
0.000079155
0.000082970
0.000081539
0.000082970
