0.014348507
0.004761934
0.004812241
0.004823446
0.004110336
0.012652636
0.004824162
0.004051685
0.004791975
0.004809856
0.004473686
0.004084587
0.004074335
0.004767418
0.004789591
0.004078388
0.004944324
0.004830837
0.004820824
0.004065752
0.004804611
0.004813910
0.004090786
0.004055977
0.004778862
0.004084349
0.004828453
0.004106760
0.004175663
0.004086971
0.004809618
0.004814386
0.004071951
0.004055738
0.004110336
0.004846096
0.004816055
0.004095793
0.004709721
0.004732370
0.004116058
0.003859282
0.004797459
0.004105091
0.004268408
0.004087210
0.014576912
0.004804850
0.004071236
0.004812479
0.004111290
0.004088163
0.004101276
0.004820108
0.004821301
0.004829645
0.012997866
0.004888058
0.004111528
0.003863096
0.004828453
0.013013124
0.004808187
0.013414145
0.004791021
0.004110575
0.004816294
0.004825115
0.004882812
0.014430523
0.004073381
0.004799128
0.004073858
0.004061937
0.004823208
0.004838228
0.003849030
0.004063129
0.004784584
0.004793882
0.004067659
0.004816771
0.013368845
0.014446020
0.013098001
0.004831314
0.004071712
0.003936768
0.004727125
0.004017830
0.003906488
0.004728317
0.003888845
0.004688263
0.004664421
0.004755497
0.004811525
0.004121304
0.004079103
0.004825830
0.004104853
0.003846645
0.003835201
0.003774643
0.003780127
0.003687382
0.003689528
0.003689766
0.003663063
0.003675222
0.003670692
0.003685236
0.003677845
0.003674030
0.012219191
0.003667116
0.003669500
0.003683805
0.003668070
0.003674746
