0.013731003
0.003400564
0.003568649
0.002716541
0.002930164
0.004894018
0.003545761
0.004571199
0.003512859
0.004565954
0.003018856
0.003568172
0.002912283
0.003732443
0.002848387
0.003142595
0.005662441
0.007961035
0.005015373
0.004351616
0.002882481
0.003527403
0.007997274
0.007430792
0.003503323
0.002700329
0.003511429
0.002975225
0.003533125
0.002951622
0.003481150
0.002931356
0.003467560
0.002928972
0.003624201
0.004808426
0.002887964
0.002929211
0.003456831
0.005113602
0.002907038
0.002909184
0.002950430
0.003948450
0.005659819
0.003501415
0.003449202
0.002930641
0.003483534
0.003529549
0.002958059
0.003469467
0.003438234
0.003433466
0.004606485
0.003427744
0.002867460
0.003015757
0.002972841
0.005864382
0.003424168
0.003537416
0.002943993
0.003454447
0.003173828
0.002953529
0.003679514
0.003794670
0.003483534
0.004913807
0.004251242
0.003120899
0.003037214
0.003333330
0.004435778
0.003457785
0.002878428
0.002946377
0.002864599
0.005491018
0.002897501
0.003432274
0.002895594
0.003410578
0.006036520
0.002935886
0.002844334
0.003538609
0.002861261
0.003604650
0.003488064
0.003486156
0.002653122
0.003119707
0.005006075
0.002875566
0.002888441
0.002729416
0.003459692
0.003950357
0.002841473
0.002684832
0.002780437
0.002718210
0.002769947
0.002730846
0.002762556
0.002771378
0.002770424
0.002765417
0.002720356
0.002761602
0.002767563
0.002830982
0.002822638
0.002734900
0.002785921
0.002842665
0.002753735
0.002772808
0.002723694
0.002733946
0.002773523
0.002771378
0.002755404
0.002767086
0.002968550
0.003115177
0.002943754
0.002721786
0.003007412
0.002944469
0.002730131
0.002715111
0.002848625
0.002729177
0.002849579
0.002718687
0.002745867
0.002749920
0.002891779
0.002792835
0.002824545
0.002782583
0.002820492
0.002729177
0.002738237
0.002696037
0.002712011
0.002796650
0.002687454
0.002720118
0.002735376
0.002705574
0.002710581
0.002706528
0.002722263
0.002702236
0.002702951
0.002802134
0.002712011
0.002706766
0.002724409
0.002726793
0.002707720
0.002709866
0.002770424
0.003051281
0.003008366
0.002795935
0.002765179
0.003032923
0.002809286
0.002722263
0.002717495
0.002800465
0.002770901
0.002802610
0.002774715
0.002785921
0.002743959
0.002777815
0.002820015
0.002774239
0.002839565
0.002698421
0.002792835
0.002710819
0.002691984
0.002717257
0.002679825
0.002736807
0.002731800
0.002728701
0.003152132
0.002756596
0.002728224
0.002734423
0.002732992
0.002719164
0.002819300
0.002713680
0.002819777
0.002722025
0.002803802
0.002716303
0.002745152
0.002776146
0.002720833
0.002714872
0.002718925
0.002845287
0.002766609
0.002722740
0.002703667
0.002768278
0.002762318
0.002730846
0.002721786
0.002812624
0.002823591
0.002797365
0.002754211
0.002818584
0.002728939
0.002767324
0.002914429
0.002838612
0.003007650
0.003026724
0.002736092
0.002847672
0.002648354
0.002725601
0.002800465
0.002813816
0.002720594
0.002673149
0.002787352
0.002690315
0.002733707
0.002739668
0.002706766
0.002782583
0.002747297
0.002720594
0.002743721
0.002749443
0.002775431
0.002879381
0.002796888
0.002747774
0.003394604
0.002695799
0.002953291
0.002714157
0.002678633
0.002673864
0.002723217
0.002712727
0.002717733
0.002722502
0.002719641
0.002764940
0.002710342
0.002737761
0.002722979
0.003804922
0.002879858
0.003010511
0.003271341
0.002869844
0.003813744
0.002720833
0.002750158
0.002782106
0.002720833
0.002696276
0.002735853
0.002721310
0.002801657
0.002762794
0.003764153
0.002691746
0.002737284
0.002720594
0.002700329
0.003156662
0.002722025
0.002757549
0.002767324
0.002803326
0.002921343
0.002890825
0.002777100
0.002784014
0.002787352
0.004050493
0.002808809
0.002777815
0.002744913
0.002723455
0.003766298
0.002741575
0.002718687
0.002736568
0.002724648
0.003700018
0.002737522
0.002944708
0.002718925
0.002734423
0.004287004
0.002831697
0.002754211
0.002819300
0.002828836
0.003641367
0.002741098
0.002729177
0.002799988
0.002830029
0.004071712
0.002732992
0.002751589
0.002840042
0.002797842
0.004067183
0.002856255
0.002835274
0.002803802
0.002727270
0.003211975
0.002748013
0.002740622
0.002763748
0.002779722
0.004455328
0.002828598
0.002807379
0.002839804
0.002806664
0.004787207
0.002741098
0.002802134
0.002814054
0.002746105
0.003590345
0.002737761
0.002751112
0.002812862
0.002872467
0.003394127
0.002744675
0.002717972
0.002831221
0.002758265
0.003420830
0.002818108
0.002818108
0.002802134
0.002828836
0.003517151
0.002761126
0.002740383
0.002813578
0.002804279
0.002718210
0.002735853
0.002734661
0.002768517
0.002724886
0.014929771
0.002757311
0.002722263
0.002812386
0.002772570
0.002816439
0.002750397
0.002747297
0.002790689
0.002744675
0.002734423
0.002781391
0.002808809
0.002741098
0.002793789
0.002788067
0.002711773
0.002719402
0.002784967
0.002881765
0.002785683
0.002800941
0.002789736
0.002822876
0.002798557
0.002742529
0.002736092
0.003015041
0.002795458
0.002759457
0.002993822
0.002739906
0.002933502
0.002739906
0.002805948
0.002774954
0.002711773
0.002726078
0.002715111
0.002741575
0.002732277
0.002708912
0.002842665
0.002775669
0.002709866
0.002755642
0.002741337
0.002779484
0.002726078
0.002732992
0.014841557
0.002809286
0.002869606
0.002740860
0.002693176
0.002851009
0.002722502
0.002727747
0.002815962
0.002725124
0.002743721
0.002729177
0.002740383
0.002708435
0.002729177
0.002730608
0.002761602
0.002728939
0.002780437
0.002727509
0.002734900
0.002783775
0.002685308
0.002750397
0.002744913
0.002742052
0.002750635
0.002750874
0.002775669
0.002791405
0.002866983
0.002907991
0.002761602
0.002681017
0.002782345
0.002732754
0.002741098
0.002717257
0.002719402
0.002959013
0.002719402
0.002720118
0.002739906
0.002746820
0.002699137
0.002701998
0.002719164
0.002797127
0.002794027
0.002740145
0.002796412
0.002720118
0.002683878
0.002770662
0.002967596
0.002818584
0.002806664
0.002793789
0.002797842
0.002767801
0.002709150
0.002678156
0.002716303
0.002713203
0.003034830
0.003031731
0.002946854
0.002932310
0.002812862
0.002766609
0.002738714
0.002718449
0.002753019
0.002796173
0.002718449
0.002773285
0.002747536
0.003002405
