0.000246763
0.000427008
0.000283003
0.000308037
0.000261545
0.000269651
0.000288725
0.000305176
0.000309706
0.000276804
0.000259638
0.000280142
0.000253439
0.000273705
0.000290394
0.000258684
0.000266314
0.000287056
0.000261784
0.000213385
0.000243187
0.000214815
0.000209808
0.000217676
0.000224113
0.000236511
0.000246763
0.000200272
0.000195026
0.000197411
0.000248909
0.000201702
0.000195503
0.000218391
0.000247240
0.000232220
0.000245810
0.000243664
0.000238657
0.000267744
0.000218868
0.000243187
0.000224352
0.000251532
0.000237942
0.000238657
0.000277519
0.000210285
0.000206709
0.000230074
0.000302076
0.000268936
0.000330925
0.000720501
0.000658274
0.000333548
0.000215530
0.000245333
0.000231504
0.000238419
0.000282049
0.000330210
0.000306368
0.000268221
0.000317335
0.000253201
0.000312805
0.000267029
0.000295162
0.000258446
0.000295639
0.000260115
0.000317812
0.000317097
0.000268936
0.000306129
0.000318527
0.000265598
0.000313282
0.000286579
0.000277519
0.000313997
0.000280857
0.000263214
0.000308275
0.000244617
0.000209332
0.000215054
0.000208616
0.000209570
0.000213146
0.000208855
0.000209093
0.000215292
0.000204802
0.000211000
0.000247955
0.000242233
0.000252485
0.000245810
0.000238180
0.000204563
0.000222445
0.000232220
0.000206947
0.000229120
0.000244856
0.000231504
0.000237465
0.000212908
0.000207186
0.000245094
0.000257969
0.000221491
0.000202894
0.000234365
0.000243664
0.000207186
0.000236034
0.000228643
0.000228167
0.000215054
0.000207186
0.000205278
0.000208855
0.000232458
0.000216007
0.000211477
0.000230074
0.000215292
0.000215292
0.000238180
0.000282049
0.000228882
0.000207663
0.000239849
0.000238419
0.000231743
0.000268936
0.000239849
0.000248194
0.000239611
0.000243664
0.000238657
0.000251055
0.000236273
0.000221729
0.000238419
0.000225306
0.000236273
0.000233889
0.000233173
0.000240326
0.000231504
0.000230312
0.000228405
0.000231266
0.000241518
0.000230789
0.000226021
0.000225782
0.000228882
0.000216722
0.000314474
0.000262499
0.000308752
0.000207663
0.000209093
0.000207186
0.000236988
0.000219107
0.000235558
0.000210285
0.000232935
0.000244617
0.000231028
0.000234127
0.000241995
0.000236750
0.000221252
0.000267029
0.000226498
0.000236034
0.000215054
0.000231743
0.000253439
0.000212669
0.000210524
0.000235796
0.000280380
0.000355959
0.000291586
0.000708103
0.000509977
0.000468016
0.000227213
0.000248671
0.000228167
0.000217199
0.000212669
0.000240088
0.000229120
0.000255823
0.000273466
0.000208616
0.000248909
0.000235796
0.000235319
0.000285625
0.000248909
0.000252485
0.000240564
0.000221968
0.000224829
0.000213146
0.000238895
0.000233650
0.000232935
0.000231504
0.000235319
0.000227451
0.000241518
0.000234365
0.000237226
0.000227451
0.000284672
0.000207663
0.000230074
0.000238419
0.000233650
0.000232697
0.000234604
0.000267506
0.000216007
0.000222683
0.000215530
0.000243187
0.000237465
0.000218391
0.000233412
0.000240326
0.000246048
0.000220776
0.000221968
0.000244141
0.000240326
0.000247240
0.000237942
0.000208139
0.000190020
0.000266075
0.000231504
0.000244617
0.000271320
0.000250816
0.000205755
0.000216484
0.000241280
0.000287771
0.000307083
0.000371933
0.000650883
0.000731468
0.000392675
0.000267029
0.000249863
0.000228643
0.000223160
0.000220537
0.000293493
0.000343561
0.000320196
0.000392914
0.000286341
0.000262737
0.000253677
0.000263691
0.000275850
0.000262737
0.000285864
0.000276089
0.000275612
0.000291348
0.000312567
0.000259638
0.000263453
0.000266075
0.000257015
0.000262737
0.000281334
0.000280380
0.000293970
0.000282288
0.000221014
0.000209570
0.000208855
0.000206947
0.000234604
0.000204086
0.000213623
0.000207663
0.000212669
0.000261307
0.000210285
0.000230551
0.000246286
0.000235558
0.000231028
0.000240564
0.000236511
0.000222445
0.000228643
0.000207424
0.000238180
0.000241995
0.000221968
0.000226974
0.000236988
0.000232935
0.000218630
0.000274658
0.000205755
0.000203609
0.000200510
0.000207424
0.000198841
0.000247717
0.000244617
0.000210285
0.000209093
0.000217438
0.000203848
0.000205517
0.000222683
0.000227451
0.000224829
0.000237465
0.000249386
0.000240326
0.000238657
0.000209332
0.000257254
0.000315905
0.000272274
0.000289202
0.000369549
0.000229120
0.000266552
0.000322104
0.000251055
0.000288725
0.000327587
0.000312805
0.000332832
0.000326872
0.000266075
0.000262260
0.000274897
0.000263929
0.000305891
0.000270367
0.000285149
0.000281811
0.000216007
0.000260115
0.000214815
0.000214100
0.000231028
0.000241756
0.000182152
0.000197172
0.000196695
0.000192404
0.000202417
0.000239611
0.000200987
0.000238419
0.000211239
0.000242472
0.000216484
0.000237226
0.000244856
0.000215769
0.000242472
0.000247240
0.000245810
0.000244379
0.000236750
0.000239372
0.000224352
0.000305414
0.000242710
0.000199556
0.000213861
0.000193834
0.000207663
0.000231743
0.000192881
0.000213623
0.000216484
0.000207424
0.000212669
0.000221729
0.000203609
0.000226974
0.000211239
0.000212193
0.000247240
0.000218153
0.000226259
0.000257254
0.000220776
0.000227451
0.000290871
0.000227928
0.000249624
0.000250101
0.000237942
0.000241518
0.000231981
0.000250340
0.000243664
0.000250101
0.000252485
0.000236988
0.000242472
0.000236511
0.000225782
0.000213861
0.000242233
0.000237226
0.000236034
0.000234604
0.000246763
0.000213385
0.000248671
0.000236750
0.000240803
0.000233412
0.000228405
0.000219345
0.000236034
0.000237226
0.000261545
0.000322342
0.000236750
0.000205755
0.000221729
0.000230551
0.000210524
0.000209332
0.000212431
0.000201702
0.000212669
0.000204563
0.000218153
0.000206470
0.000209570
0.000207424
0.000204802
0.000203133
0.000241041
0.000203609
0.000230789
0.000183821
0.000208139
0.000195980
0.000191689
0.000200033
0.000199318
0.000217915
0.000237226
0.000212431
0.000218868
0.000207424
0.000240088
0.000196695
0.000228405
0.000233650
0.000229836
0.000229597
0.000235081
0.000241041
0.000242233
0.000232935
0.000229597
0.000234604
0.000232697
0.000232697
0.000227690
0.000234127
0.000228643
0.000237465
0.000204325
0.000232458
0.000236988
0.000233412
0.000232220
0.000211954
0.000246525
