0.000598669
0.000635147
0.000554323
0.000623941
0.000577450
0.000546932
0.000619888
0.000529051
0.000684023
0.000625372
0.000543594
0.000615120
0.000625134
0.000642061
0.000598907
0.000557184
0.000631094
0.000731468
0.000568628
0.000675440
0.000596046
0.000737190
0.000640869
0.000703335
0.011111736
0.000747919
0.000695705
0.000588417
0.000574350
0.000595093
0.000677109
0.000643492
0.000568390
0.000707150
0.000643730
0.000626564
0.000683784
0.000558376
0.000636578
0.000613213
0.000571012
0.000550270
0.000621557
0.000557423
0.000555038
0.000656128
0.000625610
0.000594378
0.000550270
0.000574112
0.000799417
0.001680374
0.001393795
0.000613213
0.000835419
0.000959396
0.000755787
0.000597000
0.000651836
0.000718117
0.000597715
0.000653505
0.000664949
0.000636101
0.000665665
0.000594616
0.000590801
0.000679016
0.000709295
0.000701666
0.000648975
0.000560522
0.000628948
0.000533581
0.000512838
0.000521898
0.000649452
0.000631332
0.000576496
0.000566244
0.000561476
0.000657558
0.000689745
0.000746489
0.001205921
0.001757145
0.000753164
0.000567198
0.000756741
0.000733614
0.000737906
0.000586033
0.000913143
0.000643969
0.000766993
0.000831366
0.000760555
0.000693798
0.000698090
0.000649214
0.000632524
0.000528812
0.000525236
0.000525236
0.000517368
0.000519514
0.000501394
0.000533581
0.000542402
0.000556946
0.000498295
0.000536442
0.000536680
0.000554323
0.000524998
0.000496864
0.000562429
0.000495195
0.000510454
0.000518799
0.000493526
0.000524998
0.000587463
0.000562191
0.000547647
0.000638247
0.000544786
0.000582218
0.000540972
0.000597477
0.000597715
0.000574112
0.000543833
0.000548840
0.000593901
0.000569820
0.000600100
0.000596523
0.000548840
0.000560045
0.000577211
0.000571489
0.000579596
0.000541687
0.000535727
0.000558376
0.000579119
0.000571012
0.000579119
0.000583410
0.000532866
0.000528097
0.000513554
0.000552177
0.000501394
0.000498533
0.000565529
0.000539303
0.000532627
0.000573158
0.000562429
0.000529289
0.000599146
0.000530481
0.000596523
0.001157522
0.001379728
0.001190186
0.000560760
0.000622034
0.000889778
0.000705004
0.000790119
0.000946522
0.000644445
0.000708342
0.000681162
0.000635147
0.000620365
0.000738144
0.000682116
0.000633240
0.000574589
0.000528812
0.000514030
0.000547409
0.000549078
0.000540257
0.000539541
0.000531197
0.000519276
0.000560999
0.000507593
0.000546455
0.000564814
0.000530958
0.000508547
0.000541210
0.000527143
0.000522852
0.000540495
0.000558376
0.000576496
0.000788212
0.001067877
0.001290321
0.000594854
0.000601530
0.000951529
0.000721455
0.000644445
0.000801802
0.000668526
0.000728369
0.000646353
0.000674486
0.000641346
0.001728058
0.000573397
0.000646830
0.000665903
0.000499487
0.000529766
0.000530720
0.000509501
0.000531197
0.000503540
0.000521183
0.000526190
0.000555992
0.000565290
0.000505447
0.000498772
0.000555515
0.000559568
0.000528336
0.000557423
0.000585556
0.000594378
0.000599861
0.000599384
0.000597239
0.000595093
0.000612020
0.000589132
0.000599861
0.000632524
0.000602722
0.000567436
0.000566244
0.000563145
0.000531435
0.000519037
0.000512123
0.000550747
0.000536680
0.000499964
0.000508547
0.000574827
0.000538588
0.000539064
0.000576496
0.000611305
0.000573874
0.000533581
0.000588417
0.000579357
0.000620604
0.000588179
0.000575066
0.000576258
0.000526428
0.000540018
0.000554562
0.000581741
0.000577927
0.000583410
0.000542641
0.000561476
0.000588655
0.000540733
0.000513554
0.000502110
0.000504255
0.000522614
0.000521183
0.000539780
0.000507355
0.000523567
0.000526190
0.000545979
0.000514030
0.000526667
0.000525951
0.000516176
0.000514984
0.000511646
0.000512362
0.000512123
0.000515699
0.000483274
0.000519514
0.000514984
0.000525475
0.000519753
0.000520229
0.000523329
0.000507116
0.000495195
0.001557112
0.001586676
0.001475334
0.000519753
0.000554562
0.000514507
0.000512838
0.000516653
0.000486135
0.000513554
0.000498772
0.000539780
0.000515699
0.000510931
0.000511646
0.000512123
0.000550270
0.000524998
0.000511169
0.000556707
0.000529051
0.000482798
0.000523329
0.000569344
0.000552416
0.000517607
0.000519991
0.000494003
0.000502586
0.000536919
0.000538349
0.000521660
0.000522852
0.000495195
0.000529528
0.000546694
0.000542402
0.000532627
0.000537157
0.000564337
0.000506639
0.000502348
0.000539780
0.000498772
0.000500679
0.000528574
0.001084089
0.000706434
0.000796795
0.001344204
0.001214027
0.000683546
0.000698566
0.001438141
0.001479626
0.000690699
0.000656605
0.000860691
0.000694275
0.001282930
0.001807213
0.001348734
0.001292706
0.000755548
0.000685930
0.001535177
0.001156569
0.000991344
0.001003742
0.001657963
0.001317501
0.001518250
0.000737190
0.000582218
0.000849724
0.001042604
0.000864744
0.001572847
0.001374722
0.001459360
0.001317739
0.001552820
0.001508236
0.001460791
0.001592875
0.001233578
0.001377583
0.001441717
0.001472235
0.001583338
0.001498222
0.001409531
0.001528025
0.001612186
0.001445293
0.001455784
0.000939369
0.001340151
0.001310825
0.001449585
0.001387358
0.001260996
0.001439333
0.001396894
0.001528740
0.001384735
0.001386166
0.001553297
0.001398325
0.001033306
0.001224041
0.001271725
0.001060963
0.001019955
0.001173496
0.001186609
0.001203775
0.000823021
0.001166582
0.001122952
0.001042128
0.001077175
0.001009703
0.001020193
0.001030445
0.001043081
0.001233816
0.001134872
0.000943899
0.001070261
0.000856638
0.000938416
0.000977278
0.000980139
0.000787973
0.001023054
0.001010656
0.000995874
0.000877857
0.000984669
0.000931025
0.000867128
0.000976801
0.000820160
0.000910521
0.000700951
0.000784397
0.000796318
0.000819445
0.000927925
0.000959158
0.000864029
0.000804424
0.000785351
0.000833750
0.000737429
0.000768900
0.000775814
0.000683784
0.000715733
0.000905514
0.000668526
0.000674486
0.000752211
0.000722408
0.000781536
0.000688076
0.000629902
0.000770569
0.000724077
0.000601768
0.000621319
0.000714302
0.000624895
0.000612497
0.000662565
0.000641823
0.000624180
0.000605822
0.000588179
0.000600576
0.000614643
0.000608683
0.000674725
0.000634670
0.000548124
0.000644207
0.000560284
0.000606537
0.000646114
0.000803709
