0.000243187
0.000285625
0.000243187
0.000302553
0.000302076
0.000262499
0.000259161
0.000276566
0.000268936
0.000261545
0.000256062
0.000254393
0.000254154
0.000262260
0.000247478
0.000361681
0.000256062
0.000252485
0.000340223
0.000319481
0.000238180
0.000236511
0.000235081
0.000246286
0.000263929
0.000234842
0.000240564
0.000228405
0.000249624
0.000250101
0.000231981
0.000268698
0.000241280
0.000333309
0.000258446
0.000245571
0.000259876
0.000262022
0.000227690
0.000293016
0.000245810
0.000239134
0.000241518
0.000263214
0.000335455
0.000372648
0.000500679
0.000838518
0.000452518
0.000267029
0.000318527
0.000321150
0.000350237
0.000237226
0.000383377
0.000405788
0.000313044
0.000310183
0.000308514
0.000342131
0.000310421
0.000333786
0.000358820
0.000293255
0.000313044
0.000311852
0.000334501
0.000300169
0.000372171
0.000288010
0.000298500
0.000296831
0.000308037
0.000308275
0.000294685
0.000253916
0.000226736
0.000232220
0.000232220
0.000231743
0.000244379
0.000236988
0.000232935
0.000256777
0.000230551
0.000366211
0.000260592
0.000265360
0.000300407
0.000252485
0.000224352
0.000225782
0.000251293
0.000261307
0.000284433
0.000243902
0.000283241
0.000263214
0.000269651
0.000248671
0.000241518
0.000260115
0.000244856
0.000218391
0.000212908
0.000238180
0.000227928
0.000247002
0.000236273
0.000226736
0.000252247
0.000222683
0.000246525
0.000224829
0.000233650
0.000258923
0.000245333
0.000257015
0.000260353
0.000252724
0.000258923
0.000262499
0.000359297
0.000298977
0.000303268
0.000324249
0.000288963
0.000299931
0.000295162
0.000274181
0.000325918
0.000287533
0.000302553
0.000306368
0.000345945
0.000311613
0.000297785
0.000294447
0.000295877
0.000344276
0.000290632
0.000289917
0.000292063
0.000314951
0.000299215
0.000224829
0.000225782
0.000247002
0.000240088
0.000240803
0.000226498
0.000236750
0.000238895
0.000225544
0.000236511
0.000223875
0.000228167
0.000256777
0.000262499
0.000224590
0.000261307
0.000252962
0.000224590
0.000249863
0.000255585
0.000258684
0.000241995
0.000267267
0.000227451
0.000236988
0.000273943
0.000250340
0.000223875
0.000211000
0.000250340
0.000254393
0.000223398
0.000271797
0.000244379
0.000247955
0.000225306
0.000227213
0.000435114
0.000239849
0.000247478
0.000248909
0.000245333
0.000238180
0.000257969
0.000229836
0.000241756
0.000257015
0.000268221
0.000243664
0.000308275
0.000258684
0.000263214
0.000258923
0.000259876
0.000323057
0.000262976
0.000326872
0.000310421
0.000260830
0.000252724
0.000245571
0.000244856
0.000248194
0.000252724
0.000256062
0.000261307
0.000261307
0.000252008
0.000253439
0.000258684
0.000254869
0.000245571
0.000246286
0.000249624
0.000251293
0.000318289
0.000263214
0.000237703
0.000232458
0.000225544
0.000234365
0.000234127
0.000258207
0.000255108
0.000241518
0.000257254
0.000224352
0.000240088
0.000250578
0.000249386
0.000250816
0.000279665
0.000247478
0.000272989
0.000279665
0.000229120
0.000273228
0.000252247
0.000222921
0.000240088
0.000262499
0.000316143
0.000367165
0.000543833
0.000764608
0.000609159
0.000357389
0.000239372
0.000259399
0.000254631
0.000250578
0.000338554
0.000559807
0.000360012
0.000319004
0.000290155
0.000292540
0.000300169
0.000306368
0.000274420
0.000479698
0.000258923
0.000319481
0.000294209
0.000246525
0.000247478
0.000292778
0.000241041
0.000249147
0.000235081
0.000248909
0.000258446
0.000299692
0.000300884
0.000253916
0.000271797
0.000256777
0.000243425
0.000249863
0.000256777
0.000314474
0.000314951
0.000226498
0.000238657
0.000231266
0.000232220
0.000254631
0.000251770
0.000253201
0.000258446
0.000254154
0.000276804
0.000243187
0.000256777
0.000252485
0.000244617
0.000274897
0.000239134
0.000254393
0.000266314
0.000298023
0.000255108
0.000220776
0.000231266
0.000268698
0.000334501
0.000353336
0.000357151
0.000665426
0.000363588
0.000479698
0.000280619
0.000246525
0.000285387
0.000257730
0.000247717
0.000301600
0.000725508
0.000306368
0.000301361
0.000282764
0.000224590
0.000281572
0.000517130
0.000275612
0.000290871
0.000279427
0.000330448
0.000299215
0.000298738
0.000328064
0.000337362
0.000300884
0.000293970
0.000302553
0.000297308
0.000292778
0.000306129
0.000355244
0.000236750
0.000234604
0.000242710
0.000225306
0.000247478
0.000298023
0.000264645
0.000239372
0.000229597
0.000233650
0.000226498
0.000250816
0.000188112
0.000254393
0.000235319
0.000256538
0.000254393
0.000223398
0.000256300
0.000233412
0.000291109
0.000268698
0.000250101
0.000275373
0.000258923
0.000268459
0.000288963
0.000235796
0.000213146
0.000215769
0.000255823
0.000270605
0.000247240
0.000245810
0.000234842
0.000222921
0.000224590
0.000239611
0.000239372
0.000227451
0.000237703
0.000226736
0.000260830
0.000264406
0.000238657
0.000244379
0.000240326
0.000264168
0.000259161
0.000248671
0.000262022
0.000252962
0.000260353
0.000257492
0.000274897
0.000266075
0.000308275
0.000278473
0.000235319
0.000245571
0.000272274
0.000256538
0.000259399
0.000228643
0.000238180
0.000268459
0.000228167
0.000286579
0.000286818
0.000323534
0.000208855
0.000327826
0.000227690
0.000228405
0.000293255
0.000231266
0.000218630
0.000218630
0.000272274
0.000229597
0.000233650
0.000235081
0.000237942
0.000227213
0.000227928
0.000235081
0.000257730
0.000242472
0.000228882
0.000245094
0.000228405
0.000236988
0.000234127
0.000233889
0.000278473
0.000235319
0.000230074
0.000234127
0.000231981
0.000240088
0.000269890
0.000260115
0.000238895
0.000237465
0.000258923
0.000239134
0.000275135
0.000229836
0.000234127
0.000227213
0.000257969
0.000235319
0.000227928
0.000238180
0.000208378
0.000232458
0.000238657
0.000235319
0.000236034
0.000244617
0.000235796
0.000230074
0.000238657
0.000222683
0.000223875
0.000224590
0.000236034
0.000271559
0.000234127
0.000233173
0.000234365
0.000230789
0.000233412
0.000279427
0.000219822
0.000260353
0.000231266
0.000224113
0.000233650
0.000260592
0.000225782
0.000233173
0.000229836
0.000230312
0.000249147
0.000233650
0.000228167
0.000230789
0.000228405
0.000230312
0.000263453
0.000238895
0.000230074
0.000234365
0.000229120
0.000241041
