0.085913181
0.000436306
0.000562429
0.000539303
0.000375271
0.000515223
0.000406265
0.000253201
0.000237703
0.000332594
0.000234127
0.000570297
0.000376940
0.000261307
0.000254869
0.000220299
0.000433207
0.000376225
0.000563622
0.000461102
0.000380754
0.000412703
0.000480652
0.000334740
0.000412464
0.000442028
0.000354052
0.000251055
0.000334978
0.000435591
0.000337124
0.000367165
0.000350237
0.000236034
0.000377893
0.000237703
0.000224113
0.000214815
0.000247002
0.000208855
0.000202656
0.000210762
0.000216246
0.000215769
0.000204563
0.000221014
0.000259161
0.000447035
0.000267029
0.000208616
0.000273466
0.000263691
0.000243664
0.000260830
0.000288486
0.000250816
0.000230312
0.000211954
0.000217438
0.000214815
0.000205755
0.000231266
0.000226974
0.000253439
0.000212431
0.000238895
0.000246763
0.000234365
0.000821114
0.000252247
0.000246286
0.000223637
0.000234842
0.000235796
0.000257015
0.001094580
0.000429392
0.000242949
0.000264645
0.000272751
0.000248432
0.000281811
0.000226498
0.000962019
0.000367403
0.000233650
0.000290632
0.000229359
0.000222921
0.000224829
0.000232220
0.000233412
0.000212908
0.000210762
0.000235558
0.000285387
0.000221968
0.000253677
0.000217438
0.000219345
0.000258923
0.000228882
0.000253677
0.000209093
0.000233173
0.000289679
0.000231266
0.000228167
0.000272036
0.000226974
0.000231981
0.000245810
0.000277758
0.000235796
0.000210762
0.000223637
0.000222921
0.000227451
0.000213861
0.000213146
0.000216007
0.000209570
0.000222445
0.000208139
0.000214338
0.000223398
0.000210762
0.000217199
0.000218391
0.000216961
0.000206232
0.000207186
0.000207424
0.000219822
0.000218153
0.000220299
0.000220776
0.000224590
0.000215054
0.000239372
0.000216484
0.000205040
0.000205755
0.000222683
0.000306845
0.000214100
0.000208855
0.000247002
0.000243902
0.000273466
0.000234365
0.000258446
0.000211954
0.000224829
0.000209570
0.000283718
0.000203133
0.000239372
0.000242710
0.000294209
0.000225306
0.000234604
0.000271320
0.000267267
0.000214815
0.000227213
0.000238180
0.000258684
0.000258207
0.000268698
0.000252485
0.000256062
0.000253916
0.000234127
0.000241280
0.000226974
0.000216246
0.000246525
0.000238895
0.000240564
0.000231504
0.000244617
0.000240803
0.000236750
0.000234127
0.000245333
0.000226259
0.000224113
0.000219107
0.000225544
0.000220776
0.000220299
0.000219345
0.000257254
0.000215054
0.000231743
0.000228167
0.000221729
0.000205994
0.000225067
0.000210762
0.000220776
0.000221968
0.000220060
0.000218153
0.000217438
0.000220299
0.000218391
0.000235081
0.000228643
0.000227213
0.000217915
0.000226259
0.000230789
0.000218868
0.000224829
0.000229836
0.000218153
0.000225782
0.000222683
0.000252247
0.000219822
0.000215292
0.000224352
0.000226736
0.000224829
0.000235319
0.000227213
0.000231743
0.000232220
0.000226736
0.000239372
0.000226498
0.000231743
0.000223875
0.000220060
0.000233412
0.000248194
0.000233412
0.000222445
0.000223398
0.000216007
0.000238419
0.000224352
0.000210524
0.000228405
0.000227213
0.000216961
0.000221491
0.000225306
0.000273466
0.000246286
0.000226736
0.000246763
0.000240564
0.000242233
0.000227690
0.000244141
0.000246048
0.000278950
0.000244856
0.000257015
0.000249386
0.000266075
0.000227928
0.000247240
0.000246525
0.000273943
0.000269890
0.000252962
0.000247478
0.000255823
0.000254631
0.000240326
0.000240803
0.000248909
0.000406981
0.000259876
0.000339270
0.000253916
0.000241518
0.000267744
0.000246286
0.000462532
0.000262737
0.000250101
0.000241995
0.000247955
0.000244379
0.000247240
0.000298023
0.000193834
0.000306606
0.000244617
0.000242710
0.000247002
0.000408173
0.000249624
0.000325203
0.000249863
0.000256062
0.000305176
0.000243187
0.000247955
0.000248671
0.000271320
0.000286341
0.000238657
0.000250340
0.000248432
0.000276566
0.000247955
0.000246763
0.000246525
0.000247955
0.000253677
0.000392437
0.000243902
0.000247240
0.000379086
0.000248671
0.000253916
0.000342607
0.000257015
0.000245571
0.000287533
0.000252962
0.000245571
0.000308514
0.000244617
0.000253439
0.000253916
0.000251770
0.000267982
0.000241756
0.000263691
0.000227451
0.000424862
0.000228167
0.000245094
0.000254631
0.000290155
0.000238895
0.000231981
0.000249147
0.000247240
0.000246763
0.000274420
0.000252485
0.000245571
0.000250578
0.000330448
0.000262260
0.000473261
0.000272036
0.000312090
0.000338554
0.000263214
0.000256062
0.000260592
0.000252485
0.000268698
0.000293732
0.000244379
0.000234604
0.000250101
0.000280619
0.000249624
0.000262022
0.000256777
0.000262499
0.000250101
0.000247955
0.000254869
0.000366449
0.000304461
0.000256777
0.000245571
0.000383854
0.000249147
0.000239611
0.000262976
0.000272989
0.000259876
0.000246048
0.000250101
0.000406742
0.000256777
0.000241995
0.000368834
0.000249386
0.000252485
0.000245571
0.000239849
0.000223875
0.000265360
0.000243664
0.000270128
0.000230789
0.000293255
0.000241756
0.000241041
0.000246763
0.000320911
0.000252962
0.000256300
0.000214100
0.000208616
0.000220537
0.000222683
0.000209570
0.000210524
0.000221014
0.000210524
0.000225782
0.000231504
0.000226259
0.000223160
0.000221014
0.000210285
0.000221968
0.000228643
0.000209093
0.000230551
0.000212431
0.000231028
0.000213146
0.000228882
0.000213146
0.000210047
0.000223875
0.000212669
0.000222206
0.000220776
0.000221491
0.000215530
0.000227690
0.000201225
0.000217438
0.000211000
0.000202656
0.000212193
0.000219345
0.000226736
0.000211716
0.000213623
0.000228167
0.000243664
0.000213861
0.000227451
0.000223875
0.000222445
0.000222683
0.000212431
0.000195980
0.000221491
0.000224590
0.000215292
0.000226498
0.000214577
0.000223160
0.000221968
0.000211954
0.000213146
0.000211239
0.000228405
0.000211477
0.000217438
0.000227451
0.000231266
0.000223875
0.000230074
0.000213146
0.000219822
0.000214815
0.000212908
0.000222921
0.000225306
0.000224113
0.000226498
0.000217438
0.000230074
0.000243664
0.000216007
0.000206709
0.000224590
0.000215530
0.000208616
0.000217676
0.000227928
0.000215530
0.000222921
0.000226021
0.000222683
0.000232458
0.000216484
0.000218391
0.000225782
0.000226021
0.000294447
