0.000494480
0.000504732
0.000595331
0.000541925
0.000607967
0.000488520
0.000445127
0.000457525
0.000455141
0.000589848
0.000635386
0.000499725
0.000718117
0.000484467
0.000467062
0.000389338
0.000491858
0.000375986
0.000416756
0.000550270
0.000363827
0.000339746
0.000356197
0.000456572
0.000402451
0.000374317
0.000479221
0.000379801
0.000403166
0.000334501
0.000364065
0.000498533
0.000401497
0.000457525
0.000427246
0.000373840
0.000380516
0.000777245
0.000474453
0.001262426
0.000601292
0.000366688
0.000458002
0.000383139
0.000577450
0.000523329
0.000591993
0.000540495
0.000566244
0.000427723
0.000871420
0.000482798
0.000465155
0.000446081
0.000523329
0.000581264
0.000448942
0.000355244
0.000411987
0.000373840
0.000451088
0.000379324
0.000338554
0.000455618
0.000371218
0.000455856
0.000368118
0.000409126
0.000407457
0.000447512
0.000399351
0.000373602
0.000380516
0.000428438
0.000378609
0.000385046
0.000367165
0.000392199
0.000395060
0.000345945
0.000353098
0.000347376
0.000425816
0.000356913
0.000369787
0.000428200
0.000356674
0.000360489
0.000345469
0.000365019
0.000360727
0.000386238
0.000428200
0.000447989
0.000375748
0.000490904
0.000412226
0.000379801
0.000405073
0.000423431
0.000458241
0.000406504
0.000344515
0.000390053
0.000364780
0.000391960
0.000366688
0.000367641
0.000389099
0.000393629
0.000379801
0.000371933
0.000355721
0.000343800
0.000437975
0.000359535
0.000362635
0.000398397
0.000398636
0.000406027
0.000401020
0.000369787
0.000404596
0.000380993
0.000398636
0.000366688
0.000405550
0.000339508
0.000395060
0.000413656
0.000375986
0.000333786
0.000382900
0.000384569
0.000508308
0.000717402
0.001081705
0.000520229
0.000388384
0.000347853
0.000352621
0.000588179
0.000555754
0.000412226
0.000439644
0.000417471
0.000421524
0.000435591
0.000419140
0.000409842
0.000487804
0.000514030
0.000457525
0.000447512
0.000439405
0.000422239
0.000433207
0.000424385
0.000418186
0.000358582
0.000358582
0.000334263
0.000373363
0.000385046
0.000362396
0.000345707
0.000329971
0.000364542
0.000376463
0.000380278
0.000349760
0.000317097
0.000330687
0.000325680
0.000328302
0.000320911
0.000372887
0.000351667
0.000314713
0.000314951
0.000441790
0.000389576
0.000355482
0.000357628
0.000417709
0.000485182
0.000467062
0.001131773
0.000583649
0.000343084
0.000380993
0.000385284
0.000469208
0.000516653
0.000440121
0.000441551
0.000577450
0.000463724
0.000468016
0.000416517
0.000500441
0.000416994
0.000439167
0.000427008
0.000412226
0.000442266
0.000408411
0.000410318
0.000445843
0.000380993
0.000331402
0.000365973
0.000417233
0.000365257
0.000361204
0.000365496
0.000358343
0.000344515
0.000399828
0.000350952
0.000395298
0.000394821
0.000396252
0.000341415
0.000310898
0.000335932
0.000408888
0.000368834
0.000342607
0.000410080
0.000334501
0.000355005
0.000352621
0.000316381
0.000369310
0.000384331
0.000351191
0.000339270
0.000346899
0.000331879
0.000323772
0.000373840
0.000373840
0.000362396
0.000365973
0.000338078
0.000365496
0.000407934
0.000378370
0.000362158
0.000400305
0.000380516
0.000384808
0.000421286
0.000385523
0.000392675
0.000340223
0.000382662
0.000391960
0.000385046
0.000388145
0.000369787
0.000391006
0.000365734
0.000354767
0.000399351
0.000359774
0.000358820
0.000502586
0.000424862
0.000356913
0.000632048
0.000359774
0.000401735
0.000364065
0.000403404
0.000404596
0.000401735
0.000357151
0.000370741
0.000361681
0.000360012
0.000362158
0.000361681
0.000397921
0.000373840
0.000372171
0.000319958
0.000381947
0.000436783
0.000664711
0.000771761
0.000649452
0.000353336
0.000380039
0.000344992
0.000478983
0.000511646
0.000439882
0.000463486
0.000441790
0.000423670
0.000442266
0.000444651
0.000418425
0.000452042
0.000447035
0.000436306
0.000445604
0.000555754
0.000452757
0.000441074
0.000468969
0.000387430
0.000389099
0.000389576
0.000351429
0.000336409
0.000446320
0.000384808
0.000407219
0.000391483
0.000388384
0.000352621
0.000356674
0.000366926
0.000343561
0.000356197
0.000396013
0.000389576
0.000382900
0.000386477
0.000387907
0.000388384
0.000385046
0.000436306
0.000388622
0.000370979
0.000398397
0.000392914
0.000378847
0.000411749
0.000392675
0.000347614
0.000354528
0.000354052
0.000361681
0.000361204
0.000355005
0.000387192
0.000395298
0.000388384
0.000385523
0.000358105
0.000381708
0.000349760
0.000381947
0.000358105
0.000435114
0.000393152
0.000355721
0.000389338
0.000390768
0.000388384
0.000386477
0.000388861
0.000369072
0.000382423
0.000389576
0.000388622
0.000391245
0.000384808
0.000377417
0.000347614
0.000375032
0.000366449
0.000386953
0.000390530
0.000363111
0.000392437
0.000390291
0.000365257
0.000387192
0.000347137
0.000360489
0.000361681
0.000392675
0.000386953
0.000350952
0.000383615
0.000357628
0.000366688
0.000388622
0.000356197
0.000393391
0.000396252
0.000375509
0.000389576
0.000394106
0.000393152
0.000367403
0.000360489
0.000389576
0.000392437
0.000358343
0.000391722
0.000356913
0.000393867
0.000396729
0.000361443
0.000359297
0.000393391
0.000360012
0.000385761
0.000362873
0.000349045
0.000349998
0.000365019
0.000395775
0.000383615
0.000362873
0.000395775
0.000389576
0.000381708
0.000406027
0.000402689
0.000390530
0.000394106
0.000387669
0.000388384
0.000366926
0.000366449
0.000347376
0.000403166
0.000370026
0.000394344
0.000397682
0.000355482
0.000394344
0.000403166
0.000391483
0.000399113
0.000388145
0.000361204
0.000390530
0.000385761
0.000353813
0.000385761
0.000387192
0.000390530
0.000365734
0.000388145
0.000395298
0.000394821
0.000386715
0.000395536
0.000385761
0.000352859
0.000430584
0.000446081
0.000532150
0.000455379
0.000449419
0.000457764
0.000427008
0.000466824
0.000418663
0.000483751
0.000444412
0.000445366
0.000509977
0.000434875
0.000442266
0.000441790
0.000403643
0.000485659
0.000435829
0.000384808
0.000387192
0.000427008
0.000373125
0.000513792
0.000460863
0.000437021
0.000389099
0.000399113
0.000460148
0.000397205
0.000377893
0.000411749
0.000377893
0.000341177
0.000333071
0.000359774
0.000430822
0.000389576
0.000358343
0.000409603
0.000410557
0.000381470
