0.012201548
0.012336969
0.001784086
0.001778603
0.001708508
0.001538515
0.001429319
0.001664639
0.001432896
0.011983395
0.001566648
0.001903296
0.002159357
0.001686573
0.002062559
0.001809359
0.001938820
0.001628160
0.001838207
0.001445532
0.001590967
0.001599550
0.001716614
0.001433134
0.001409769
0.001809359
0.002224684
0.003880739
0.002754927
0.001824617
0.001835346
0.001960278
0.001767159
0.001719952
0.001420498
0.001679420
0.001439810
0.001453161
0.001681566
0.001441002
0.001531839
0.001808643
0.001809597
0.001895189
0.001574993
0.001995087
0.001732111
0.001931667
0.001840353
0.001911163
0.001653910
0.001537800
0.001732349
0.001650572
0.001484632
0.001425743
0.002018452
0.003498316
0.003904104
0.001880646
0.002166271
0.001893997
0.001760244
0.001683950
0.001710415
0.001688957
0.001458645
0.001432657
0.001739740
0.001468420
0.001489401
0.012057304
0.001598835
0.001863003
0.001977444
0.001772642
0.001975775
0.001562834
0.001828432
0.001821995
0.001605272
0.001756907
0.001473904
0.001704931
0.001425743
0.001800537
0.003129482
0.003062963
0.003170490
0.002175808
0.001816750
0.002479076
0.001822472
0.001870155
0.002022982
0.002086163
0.002120256
0.001904249
0.002083302
0.001846075
0.002051592
0.001669168
0.001685619
0.001566887
0.001606464
0.001624823
0.001863718
0.001745462
0.001822710
0.001624584
0.001616955
0.001636267
0.001628637
0.001644850
0.001600027
0.001669168
0.001846313
0.001632214
0.001683474
0.001606703
0.001641989
0.001646757
0.001718998
0.001636267
0.001650810
0.001640558
0.001679182
0.001624107
0.001619101
0.001667261
0.001635075
0.001809359
0.001661539
0.001632929
0.001890182
0.001631021
0.001695395
0.001648664
0.001627445
0.001670122
0.001694918
0.001566648
0.001648188
0.001612902
0.001550198
0.001549482
0.001573563
0.001573801
0.001550913
0.001636028
0.001616955
0.001535892
0.001576185
0.001545906
0.001533270
0.001581907
0.001555443
0.001549482
0.001571894
0.001549006
0.001592159
0.001550198
0.001563311
0.001550198
0.001558542
0.001570940
0.001568556
0.001637220
0.001548767
0.001540184
0.001520395
0.001574039
0.001590729
0.001502514
0.001536846
0.001559019
0.001549482
0.001528978
0.001527786
0.001537800
0.001648664
0.001556158
0.001581669
0.001566172
0.001513958
0.001555443
0.001534939
0.001546383
0.001531601
0.001482487
0.001473427
0.001493454
0.001502991
0.001563549
0.001526594
0.001485825
0.001528263
0.001467943
0.001524210
0.001523256
0.001481056
0.001500845
0.001573086
0.001497746
0.001788139
0.004089117
0.003421068
0.003057241
0.003501892
0.002694845
0.003287077
0.002258062
0.001532316
0.001514673
0.001944304
0.002241373
0.002216339
0.001677752
0.001878738
0.001866102
0.004118919
0.004223824
0.003353119
0.018616915
0.001407385
0.001377106
0.002678633
0.001605988
0.001661062
0.001390934
0.001372576
0.011602402
0.001531124
0.001377821
0.001489639
0.001376629
0.001379967
0.001384497
0.002357960
0.001377583
0.001562357
0.001441717
0.001386404
0.001372814
0.001383781
0.001665831
0.001670361
0.001370907
0.001396179
0.001702547
0.001684666
0.001384258
0.001398325
0.001375198
0.001409531
0.001379728
0.011809587
0.001397848
0.001375437
0.001401663
0.001413107
0.001504421
0.002253532
0.002213955
0.001406193
0.001382828
0.001410246
0.001379728
0.001741171
0.001724720
0.002236128
0.001574755
0.001513243
0.001932621
0.001467943
0.002737522
0.001394749
0.001383066
0.001375198
0.001669168
0.001438618
0.001384735
0.001377106
0.001473904
0.001385689
0.001574516
0.001521826
0.001580954
0.001461506
0.001376152
0.001368046
0.001387119
0.001527786
0.001711845
0.001741171
0.002717018
0.001843691
0.001712322
0.001785040
0.002192736
0.001522303
0.005792379
0.002005100
0.002401114
0.001608133
0.001422882
0.002475023
0.002661228
0.002905846
0.001523018
0.001407146
0.002150297
0.001770973
0.002390146
0.001918554
0.011611223
0.001923084
0.001559734
0.001517534
0.001497269
0.001382113
0.001410723
0.001388788
0.001723528
0.001390219
0.001380444
0.001378775
0.001360178
0.001358271
0.001481056
0.011593103
0.001393080
0.001390457
0.001466751
0.001396179
0.001398563
0.001434326
0.001392365
0.011521339
0.001443863
0.001399279
0.001404047
0.001411915
0.001446962
0.001386166
0.011587620
0.001502991
0.001436949
0.001885891
0.001804113
0.001400471
0.001401663
0.001372099
0.001383543
0.001382589
0.011615753
0.001389027
0.011593819
0.001392603
0.001420975
0.001414299
0.001359224
0.001419544
0.001418352
0.001675606
0.001391649
0.001656055
0.001536131
0.002038717
0.011514187
0.001463413
0.001667738
0.001561165
0.002573490
0.002040148
0.003420353
0.001773119
0.001572132
0.001927614
0.012922525
0.001429796
0.001621008
0.001445055
0.002320290
0.011567354
0.001456022
0.001406193
0.001403093
0.011670589
0.001429796
0.001569271
0.001531124
0.001495600
0.001376390
0.001391888
0.001387358
0.001648664
0.001351595
0.001393557
0.001390457
0.001392603
0.001494884
0.001383305
0.001388788
0.001390457
0.001408100
0.001361370
0.001372337
0.001411200
0.001376867
0.001396418
0.001687050
0.001404762
0.011450768
0.001598835
0.001379728
0.013120651
0.001825809
0.001557589
0.001756430
0.001687050
0.002124548
0.001446724
0.001473427
0.001419544
0.001399755
0.001395226
0.001456022
0.001402140
0.001417398
0.001403809
0.001568556
0.011522293
0.001514435
0.001487017
0.001482725
0.001427650
0.001373291
0.001451492
0.011701822
0.001393795
0.001384735
0.001394510
0.001381397
0.001435757
0.001750231
0.003064871
0.001425505
0.001393557
0.001451731
0.001382828
0.001383066
0.001433611
0.001402140
0.001403093
0.001401424
0.001518488
0.001391888
0.001435041
0.001453400
0.001395941
0.001491070
0.001402617
0.001486778
0.001409054
0.001381397
0.001396418
0.001420259
0.001392365
0.001944780
0.001427889
0.001751184
0.001817703
0.001416922
0.001413107
0.001385689
0.001396656
0.001438618
0.001380920
0.001396179
0.001404285
0.001397610
0.001390934
0.001395702
0.001418352
0.001403093
0.001408100
0.001432896
0.001379490
0.001398325
0.001387835
0.001449108
0.001421213
0.011660814
0.001390696
0.001385212
0.001415730
0.001397610
0.001430750
0.001658916
