0.000331879
0.000534296
0.000291586
0.000266790
0.000350475
0.000697374
0.000274420
0.000266790
0.000264645
0.000295877
0.000318050
0.000214577
0.000315905
0.000270128
0.000267267
0.000368118
0.000286341
0.000284672
0.000247478
0.000207186
0.000246048
0.000212431
0.000216246
0.000215054
0.000231981
0.000205755
0.000243664
0.000217915
0.000207424
0.000263691
0.000245571
0.000203848
0.000216246
0.000214100
0.000216722
0.000237226
0.000235319
0.000246763
0.000246048
0.000258446
0.000243425
0.000242710
0.000236750
0.000199556
0.000266075
0.000222206
0.000215530
0.000234842
0.000313520
0.000357628
0.000802517
0.000681400
0.000607729
0.000297308
0.000230789
0.000240803
0.000250578
0.000241518
0.000252008
0.000339985
0.000288248
0.000289440
0.000325441
0.000356197
0.000262499
0.000285864
0.000291109
0.000293016
0.000322342
0.000265121
0.000320435
0.000279903
0.000289679
0.000270605
0.000331640
0.000346422
0.000224590
0.000280619
0.000286818
0.000286102
0.000275850
0.000322342
0.000280619
0.000215530
0.000227690
0.000253439
0.000228882
0.000247002
0.000237703
0.000223875
0.000235081
0.000261545
0.000233412
0.000253677
0.000214815
0.000245810
0.000242233
0.000249863
0.000248671
0.000249386
0.000248671
0.000241041
0.000248671
0.000240088
0.000212908
0.000243902
0.000238419
0.000208139
0.000207901
0.000195026
0.000206470
0.000210047
0.000207663
0.000214815
0.000223160
0.000214577
0.000225782
0.000221252
0.000229836
0.000212193
0.000207901
0.000223160
0.000254154
0.000230074
0.000247240
0.000240326
0.000252962
0.000238895
0.000241518
0.000227213
0.000232697
0.000237465
0.000253201
0.000247717
0.000244617
0.000250816
0.000251055
0.000249147
0.000274658
0.000251770
0.000237465
0.000228643
0.000259638
0.000237465
0.000230074
0.000245333
0.000236273
0.000237226
0.000232458
0.000238895
0.000231743
0.000236511
0.000239372
0.000242710
0.000243187
0.000221491
0.000241041
0.000240564
0.000256062
0.000216246
0.000223875
0.000218630
0.000236273
0.000236034
0.000226498
0.000231743
0.000220776
0.000250578
0.000244856
0.000222206
0.000244617
0.000240564
0.000237465
0.000241995
0.000243425
0.000244379
0.000247717
0.000235796
0.000227213
0.000287771
0.000233889
0.000204086
0.000206232
0.000210285
0.000211716
0.000207901
0.000219107
0.000223160
0.000220776
0.000219345
0.000219345
0.000209332
0.000216722
0.000239134
0.000251532
0.000222445
0.000227213
0.000241995
0.000243187
0.000221491
0.000222445
0.000222445
0.000279188
0.000247478
0.000244856
0.000245094
0.000252724
0.000258923
0.000267029
0.000247002
0.000259399
0.000252724
0.000230074
0.000235319
0.000231266
0.000207901
0.000214100
0.000240803
0.000218391
0.000239849
0.000306606
0.000252008
0.000245094
0.000236988
0.000258207
0.000234365
0.000235319
0.000238895
0.000248194
0.000241041
0.000317335
0.000276566
0.000231743
0.000213146
0.000212669
0.000215054
0.000237703
0.000230312
0.000210762
0.000217915
0.000245333
0.000241995
0.000239611
0.000204325
0.000245094
0.000237226
0.000235796
0.000235796
0.000239372
0.000241041
0.000238419
0.000224113
0.000281334
0.000243902
0.000219345
0.000217676
0.000271320
0.000277519
0.000339508
0.000446796
0.000473738
0.000473022
0.000542879
0.000261545
0.000253439
0.000244617
0.000262260
0.000262022
0.000219107
0.000405788
0.000306845
0.000287771
0.000315905
0.000336170
0.000359535
0.000298977
0.000380278
0.000342369
0.000284433
0.000416756
0.000300646
0.000280142
0.000279665
0.000261545
0.000285387
0.000284910
0.000277281
0.000308752
0.000367880
0.000319481
0.000284672
0.000247240
0.000223160
0.000230312
0.000250816
0.000257254
0.000252724
0.000215530
0.000239849
0.000237942
0.000210285
0.000238419
0.000233412
0.000279188
0.000232697
0.000223160
0.000246763
0.000243664
0.000241995
0.000205755
0.000204802
0.000196695
0.000246525
0.000189781
0.000210762
0.000197172
0.000210047
0.000286341
0.000223875
0.000188589
0.000197649
0.000234365
0.000231504
0.000222445
0.000217676
0.000237942
0.000667810
0.000436068
0.000310183
0.000242472
0.000255823
0.000258446
0.000216722
0.000260353
0.000481844
0.000353813
0.000278234
0.000467539
0.000592232
0.000321388
0.000274658
0.000294447
0.000323057
0.000302792
0.000278711
0.000289202
0.000280142
0.000334501
0.000259638
0.000268459
0.000278950
0.000278950
0.000262737
0.000281334
0.000261545
0.000271559
0.000295877
0.000257969
0.000213146
0.000242233
0.000217438
0.000212669
0.000240088
0.000233889
0.000219345
0.000214100
0.000239372
0.000243664
0.000213146
0.000238895
0.000245810
0.000215292
0.000243664
0.000235081
0.000209332
0.000216722
0.000239611
0.000237942
0.000246048
0.000237942
0.000241995
0.000220060
0.000259161
0.000227690
0.000247240
0.000215769
0.000194550
0.000195265
0.000210524
0.000194311
0.000241280
0.000201702
0.000222445
0.000207424
0.000229597
0.000216007
0.000222206
0.000221252
0.000209808
0.000276089
0.000235796
0.000239134
0.000231743
0.000228167
0.000227451
0.000252247
0.000268698
0.000232935
0.000245810
0.000303507
0.000294447
0.000282049
0.000248671
0.000266552
0.000252724
0.000243187
0.000237465
0.000242472
0.000240564
0.000291586
0.000240326
0.000244856
0.000246286
0.000241518
0.000238895
0.000248194
0.000229836
0.000279903
0.000250816
0.000245094
0.000243425
0.000242710
0.000243187
0.000245333
0.000225067
0.000233650
0.000256062
0.000307560
0.000295877
0.000271082
0.000262499
0.000252247
0.000235796
0.000306606
0.000271797
0.000301838
0.000319004
0.000296354
0.000266314
0.000262022
0.000247002
0.000283480
0.000270605
0.000282049
0.000235081
0.000264168
0.000258923
0.000267744
0.000247717
0.000271320
0.000256777
0.000305653
0.000263929
0.000273705
0.000229120
0.000244141
0.000265360
0.000315428
0.000247002
0.000250340
0.000226498
0.000308275
0.000223875
0.000229836
0.000229120
0.000262499
0.000271320
0.000226736
0.000219345
0.000219107
0.000217438
0.000253439
0.000216007
0.000239611
0.000249386
0.000226259
0.000241518
0.000233412
0.000236273
0.000217438
0.000213385
0.000251055
0.000257492
0.000228643
0.000247002
0.000253916
0.000223875
0.000252008
0.000221252
0.000230789
