0.000202894
0.000237942
0.000230074
0.000234365
0.000231028
0.000230074
0.000230789
0.000198126
0.000224829
0.000234365
0.000225067
0.000195742
0.000207663
0.000270844
0.000213861
0.000190258
0.000188112
0.000205278
0.000208139
0.000209093
0.000220060
0.000229836
0.000210285
0.000202417
0.000226974
0.000207186
0.000257254
0.000211000
0.000213861
0.000257015
0.000252485
0.000231504
0.000204086
0.000235796
0.000216007
0.000266314
0.000278473
0.000234604
0.000227690
0.000223875
0.000249863
0.000225306
0.000231743
0.000260592
0.000320196
0.000243187
0.000230551
0.000211954
0.000237703
0.000213623
0.000226736
0.000221968
0.000228405
0.000233650
0.000226021
0.000229359
0.000224829
0.000227451
0.000225306
0.000224590
0.000225782
0.000224352
0.000245094
0.000227690
0.000258207
0.000249624
0.000213385
0.000206470
0.000209808
0.000210762
0.000207424
0.000208139
0.000235558
0.000203609
0.000208139
0.000228882
0.000208139
0.000210047
0.000236034
0.000232697
0.000230312
0.000226259
0.000220299
0.000217915
0.000202179
0.000204563
0.000253201
0.000207901
0.000191450
0.000209570
0.000251055
0.000289917
0.000331879
0.000753403
0.000741482
0.000463247
0.000236988
0.000250578
0.000270128
0.000245810
0.000242710
0.000338078
0.000308514
0.000267267
0.000295401
0.000285864
0.000257492
0.000272274
0.000267506
0.000276566
0.000252247
0.000250340
0.000252724
0.000262260
0.000257492
0.000255108
0.000503540
0.000253439
0.000267506
0.000255108
0.000244617
0.000266075
0.000274897
0.000262737
0.000289440
0.000202417
0.000206709
0.000202656
0.000225782
0.000226498
0.000224829
0.000226498
0.000234365
0.000215530
0.000202656
0.000229120
0.000195026
0.000237942
0.000214815
0.000213861
0.000224590
0.000226259
0.000227451
0.000229836
0.000221968
0.000237465
0.000227690
0.000232220
0.000225782
0.000242472
0.000279665
0.000214100
0.000187635
0.000186205
0.000191212
0.000229359
0.000205040
0.000216484
0.000424862
0.000586748
0.000615597
0.000260830
0.000222206
0.000244141
0.000277519
0.000218868
0.000290871
0.000351667
0.000280142
0.000327349
0.000259399
0.000246525
0.000261068
0.000256300
0.000246525
0.000241995
0.000277281
0.000242233
0.000275850
0.000306606
0.000357389
0.000257730
0.000251532
0.000246763
0.000296593
0.000281334
0.000249624
0.000289440
0.000257492
0.000261545
0.000247717
0.000214100
0.000195026
0.000239849
0.000225544
0.000244617
0.000215292
0.000224113
0.000211239
0.000242472
0.000198603
0.000196218
0.000224829
0.000223637
0.000222683
0.000220299
0.000205994
0.000218868
0.000236273
0.000199318
0.000226498
0.000216484
0.000196457
0.000200748
0.000227690
0.000204802
0.000232458
0.000281096
0.000193357
0.000184774
0.000190020
0.000193357
0.000198603
0.000204086
0.000211716
0.000209808
0.000202417
0.000200987
0.000195503
0.000215292
0.000216246
0.000236511
0.000211239
0.000212669
0.000213385
0.000227690
0.000217915
0.000220537
0.000209332
0.000217676
0.000246048
0.000251770
0.000218630
0.000222206
0.000227690
0.000233173
0.000247240
0.000266314
0.000237942
0.000225067
0.000231504
0.000221968
0.000214577
0.000211477
0.000223637
0.000236750
0.000231504
0.000230551
0.000224352
0.000225067
0.000225782
0.000215530
0.000214577
0.000223637
0.000226974
0.000214577
0.000229836
0.000247240
0.000224829
0.000197649
0.000234604
0.000201225
0.000226736
0.000222445
0.000203371
0.000199080
0.000208378
0.000196218
0.000226736
0.000221968
0.000231981
0.000222206
0.000221491
0.000221014
0.000219584
0.000220776
0.000221491
0.000239372
0.000217915
0.000221491
0.000265360
0.000217676
0.000206470
0.000229597
0.000270605
0.000347376
0.000606060
0.000574827
0.000306606
0.000413418
0.000231028
0.000230074
0.000221968
0.000256062
0.000212908
0.000210047
0.000271082
0.000252724
0.000226498
0.000231266
0.000221014
0.000225782
0.000226974
0.000231028
0.000236750
0.000237942
0.000258207
0.000221729
0.000215292
0.000217676
0.000219822
0.000217676
0.000222683
0.000223398
0.000230551
0.000246048
0.000208855
0.000231028
0.000211239
0.000212193
0.000220537
0.000224113
0.000251770
0.000225544
0.000228882
0.000252247
0.000216007
0.000200510
0.000218153
0.000231504
0.000203848
0.000193596
0.000226736
0.000216961
0.000223160
0.000231028
0.000229120
0.000229120
0.000215769
0.000196218
0.000225067
0.000225306
0.000226736
0.000224590
0.000223398
0.000226259
0.000222921
0.000279188
0.000223160
0.000206947
0.000208378
0.000225306
0.000236273
0.000286102
0.000332355
0.000672340
0.000379801
0.000607967
0.000314236
0.000209808
0.000225306
0.000257969
0.000214338
0.000384331
0.000321150
0.000307083
0.000291348
0.000245333
0.000246048
0.000246525
0.000260115
0.000287294
0.000248194
0.000381708
0.000252485
0.000294924
0.000262022
0.000251293
0.000272512
0.000249863
0.000249624
0.000414371
0.000253916
0.000242949
0.000288725
0.000290155
0.000292540
0.000244617
0.000249863
0.000213623
0.000218391
0.000243187
0.000207424
0.000209570
0.000211000
0.000237703
0.000234127
0.000229120
0.000247240
0.000226736
0.000264645
0.000228405
0.000242472
0.000206232
0.000157595
0.000243425
0.000236988
0.000278234
0.000245094
0.000207424
0.000229597
0.000245810
0.000236034
0.000234365
0.000224590
0.000188351
0.000195742
0.000192404
0.000212669
0.000208139
0.000203609
0.000202894
0.000218153
0.000211239
0.000206709
0.000209332
0.000224113
0.000221968
0.000212193
0.000222206
0.000229836
0.000222683
0.000221014
0.000208855
0.000229597
0.000236034
0.000288963
0.000247717
0.000325680
0.000414133
0.000274420
0.000343084
0.000310898
0.000317335
0.000335217
0.000375509
0.000338078
0.000307322
0.000280380
0.000250578
0.000283480
0.000239134
0.000234604
0.000258684
0.000281572
0.000271082
0.000264883
0.000230789
0.000232220
0.000228882
0.000228643
0.000241518
0.000236988
0.000222206
0.000226498
0.000226974
0.000240564
0.000235558
0.000235081
0.000216961
0.000272989
0.000242472
0.000277519
0.000230789
0.000226021
0.000226974
0.000265360
0.000250816
0.000237226
0.000241756
0.000249624
0.000241280
0.000218153
0.000229836
0.000254393
0.000295877
0.000236988
0.000236511
0.000227451
0.000270844
