0.011870861
0.001027822
0.001049757
0.000922441
0.000952482
0.000936985
0.001088619
0.000996590
0.000966549
0.000840187
0.000855923
0.000979185
0.000981092
0.000879049
0.000880957
0.001024961
0.001182079
0.002240181
0.002459526
0.001175642
0.001329660
0.001036644
0.001212120
0.001073360
0.001172543
0.001189470
0.001183510
0.000862122
0.000849962
0.000955582
0.000848770
0.000965595
0.000979900
0.001027822
0.000842333
0.000858545
0.000855684
0.001020908
0.001000881
0.000837326
0.000994682
0.001049995
0.000927210
0.000893831
0.001019716
0.000872612
0.001171589
0.000968933
0.001110077
0.000951767
0.000910759
0.000899792
0.001079321
0.001060724
0.001047134
0.001109838
0.000847578
0.000965357
0.000914812
0.000880241
0.000960350
0.000867128
0.000983715
0.001111269
0.000981808
0.002060175
0.002121449
0.001350164
0.001317024
0.001071692
0.001155615
0.001140356
0.001360893
0.001043558
0.001137972
0.000865459
0.000858545
0.000996351
0.001018763
0.000867844
0.000868082
0.000859499
0.000868082
0.001003265
0.001002789
0.001015902
0.000967979
0.000860691
0.001045227
0.000857115
0.000919580
0.001373291
0.001062393
0.001136303
0.001122475
0.000967741
0.001065731
0.000933886
0.001101971
0.001130581
0.001024008
0.000969410
0.000828028
0.000801802
0.000801086
0.000841856
0.000818491
0.000822544
0.000796318
0.000828028
0.000819683
0.000821829
0.000802994
0.000896215
0.000886202
0.000812292
0.000804663
0.000800371
0.000873804
0.000857353
0.000864744
0.000911236
0.000921011
0.000803471
0.000905991
0.000874758
0.000869513
0.000882387
0.000904799
0.000859976
0.000869036
0.000937939
0.000870466
0.000841141
0.000867367
0.000876188
0.000904083
0.000861883
0.000834227
0.000823736
0.000821829
0.000818014
0.000810623
0.000827312
0.000800610
0.000813723
0.000868559
0.000811577
0.001121759
0.002149105
0.001963854
0.011599779
0.000969887
0.001181602
0.001007080
0.000954151
0.000951767
0.001205444
0.000947714
0.000955820
0.000988722
0.000970840
0.000976801
0.000951290
0.000947475
0.000969410
0.000963926
0.000925303
0.001006365
0.000941992
0.000965118
0.000963211
0.000946045
0.000975847
0.000947714
0.000953913
0.000929594
0.000953913
0.000936031
0.000989437
0.001105785
0.000964403
0.000952482
0.000964165
0.000962973
0.000953674
0.000938654
0.000917912
0.000962496
0.000955582
0.000969648
0.000919819
0.000956774
0.000959635
0.000981808
0.000920534
0.000939369
0.000935555
0.001016140
0.000972509
0.000940084
0.001184940
0.000813961
0.000950575
0.000998974
0.000960588
0.000936508
0.000962734
0.001026154
0.000998735
0.001001835
0.000928640
0.001367569
0.001025438
0.000998974
0.000941277
0.001048565
0.000938177
0.000950575
0.000946522
0.001024008
0.000954390
0.001031876
0.000980139
0.001138926
0.000992775
0.000875950
0.000941992
0.001017332
0.000935078
0.000976086
0.000883341
0.001079082
0.000980377
0.001204729
0.000958204
0.000921965
0.000917196
0.000946283
0.000928164
0.000955343
0.000931025
0.000887394
0.000953674
0.000953913
0.000867367
0.000878096
0.000843287
0.000834703
0.000877857
0.000873804
0.000862360
0.000852346
0.000862360
0.000851631
0.000844240
0.000845909
0.000874281
0.000866413
0.000877857
0.000831604
0.000875473
0.000880480
0.000872374
0.000841379
0.000863791
0.000858784
0.000892401
0.000863075
0.000839233
0.000889063
0.000864983
0.000867128
0.000868797
0.000875950
0.000867367
0.000865698
0.000866890
0.000869751
0.000853777
0.000858307
0.000878811
0.000865698
0.000862837
0.000861168
0.000860453
0.000866413
0.000870705
0.000914335
0.000864029
0.000865459
0.000881433
0.000866413
0.000868559
0.001001358
0.000896454
0.000841141
0.000869274
0.000838041
0.000868797
0.000871658
0.000865936
0.000861168
0.000874996
0.000873566
0.000873089
0.000870466
0.000885248
0.000888824
0.000915527
0.000880241
0.000890255
0.000873089
0.000897884
0.000870228
0.000905752
0.000881910
0.000894785
0.000885963
0.000849962
0.000916243
0.000884295
0.000891447
0.000883579
0.000867367
0.000908852
0.000833988
0.000883579
0.000886202
0.000905275
0.000905037
0.000894308
0.000893116
0.000933170
0.000886202
0.000874758
0.000901937
0.000879049
0.000866890
0.000866175
0.000867367
0.000826597
0.000903130
0.000846386
0.000899553
0.000909567
0.000950098
0.000891447
0.000900030
0.000907660
0.000886202
0.000878096
0.000852108
0.000842810
0.000899553
0.000911236
0.000914097
0.000827074
0.000831366
0.000902176
0.000901699
0.000854731
0.000845194
0.000890970
0.000847101
0.000840187
0.000904083
0.000905514
0.000898361
0.000851631
0.000866413
0.000823975
0.000833750
0.000837803
0.000812769
0.000903368
0.000874996
0.000881195
0.000896215
0.000959635
0.000810862
0.000821114
0.000857830
0.000808477
0.000826836
0.000876427
0.000809908
0.000886440
0.000820160
0.000908375
0.000869989
0.000816345
0.000825882
0.000808001
0.000813961
0.000820875
0.000813961
0.000844955
0.000819206
0.000808716
0.000801086
0.000821590
0.000818968
0.000798464
0.000818253
0.000818014
0.000822067
0.000824928
0.000844717
0.000816345
0.000831842
0.000817537
0.000823736
0.000820160
0.000819445
0.000834942
0.000808001
0.000811338
0.000818014
0.000817537
0.000817537
0.000820160
0.000811338
0.000820160
0.000801802
0.000792503
0.000825167
0.000815868
0.000822544
0.000843287
0.000828266
0.000820875
0.000830173
0.000824928
0.000797033
0.000825882
0.000819445
0.000818729
0.000826597
0.000796795
0.000814676
0.000798464
0.000807285
0.000808239
0.000813007
0.000821829
0.000833273
0.000820875
0.000797749
0.000827074
0.000811815
0.000828505
0.000836372
0.000805855
0.000842094
0.000831127
0.000808716
0.000833035
0.000810862
0.000804424
0.000811815
0.000793934
0.000803232
0.000825405
0.000819445
0.000825405
0.000817299
0.000828981
0.000787735
0.000828743
0.000824928
0.000824690
0.000832319
0.000828981
0.000821590
0.000822544
0.000818968
0.000833988
0.000831127
0.000828981
0.000821590
0.000806093
0.000817299
0.000805616
0.000817299
0.000816584
0.000821352
0.000830889
0.000816822
0.000828028
0.000824928
0.000812054
0.000845194
0.000828266
0.000822783
0.000823498
0.000806570
0.000823021
0.000826120
0.000868797
