0.016545057
0.007672787
0.006428480
0.007504463
0.006341219
0.006520987
0.007571459
0.007482767
0.008853912
0.005823612
0.016423225
0.006323576
0.007659912
0.007968426
0.007438660
0.006477118
0.007607937
0.006509304
0.007402658
0.007542372
0.007210255
0.006431818
0.007672787
0.007472754
0.006439686
0.011264563
0.006480217
0.006332159
0.006449223
0.007351875
0.011168718
0.015799522
0.006338120
0.007393360
0.007472515
0.011917114
0.006426334
0.006375790
0.007383823
0.007420301
0.017238855
0.007357359
0.006345987
0.006330729
0.006868362
0.019922018
0.007387877
0.007989168
0.006648302
0.016902924
0.008484125
0.007362604
0.006297112
0.006428003
0.007458687
0.010667801
0.006408453
0.006995201
0.007406473
0.006423712
0.010699749
0.007321596
0.007430315
0.007217646
0.015929937
0.010864735
0.007405996
0.006350994
0.006433964
0.007322311
0.009813547
0.006283998
0.006377459
0.007423639
0.006324053
0.008981705
0.007519007
0.007410526
0.007355213
0.006285191
0.007940769
0.007584810
0.007521629
0.006312847
0.007490873
0.007070065
0.006399393
0.007584810
0.007296562
0.006322622
0.007614136
0.006355524
0.007353544
0.006379366
0.007465363
0.008435249
0.007553101
0.006218433
0.006366491
0.006318331
0.005861521
0.005798340
0.005930901
0.005926371
0.006263256
0.006327391
0.006530285
0.006078959
0.006167650
0.006147146
0.005789757
0.005830765
0.005818844
0.005843401
0.005810738
0.005841732
0.005916357
0.005834579
0.005942822
0.005936146
0.005865097
0.005822182
0.005838633
0.005823851
0.005810261
0.005752802
0.005787611
0.005901098
0.005821943
0.005881548
0.005821943
0.006018877
0.005825520
0.005800009
0.005770922
0.005802155
0.005800724
0.005776167
0.005838633
0.005855083
0.005978584
0.005801439
0.005837202
0.005818367
0.005778551
0.005812883
0.005797625
0.005916119
0.006016016
0.005841255
0.005850554
0.005888939
0.005921125
0.005895376
0.005848169
0.006006718
0.005806684
0.005832672
0.006001472
0.005950928
0.005895138
0.006006718
0.005891800
0.005876064
0.005877495
0.005989552
0.005845308
0.005994558
0.006064892
0.005864382
0.005884886
0.005942345
0.005884647
0.005846024
0.005915880
0.005874872
0.006037951
0.005920172
0.006010294
0.005903244
0.005897522
0.005985975
0.005850554
0.005900383
0.005879641
0.005900621
0.005869865
0.005818605
0.005908728
0.005826712
0.005923033
0.005881786
0.005991220
0.005970001
0.006060362
0.005896091
0.005939722
0.005947590
0.005943298
0.005832911
0.006058693
0.006391048
0.006337881
0.006031990
0.005981684
0.006177187
0.006268024
0.006322145
0.005905151
0.005850077
0.005963802
0.005938292
0.005907059
0.005974770
0.005908728
0.005875826
0.005875826
0.006057262
0.007277727
0.005903721
0.005935669
0.005917072
0.005941153
0.007472515
0.006063938
0.005871534
0.006009340
0.005901575
0.005947351
0.006019831
0.005886078
0.005950689
0.006372452
0.006269217
0.005975485
0.008836746
0.006156921
0.006021976
0.005931616
0.006167889
0.010991812
0.009316444
0.005953312
0.005922556
0.006990671
0.007488251
0.006057024
0.005886316
0.005817413
0.005868196
0.005851746
0.005903959
0.005974054
0.005820036
0.005928993
0.005872250
0.006060600
0.005888939
0.006120205
0.006170273
0.005903959
0.005877256
0.006014347
0.007106066
0.005973339
0.009733677
0.006055355
0.005891085
0.006207228
0.006028175
0.005902529
0.005892754
0.006064892
0.005902529
0.005968094
0.006024122
0.006188869
0.005910635
0.007515907
0.005961418
0.006246567
0.005963564
0.007796288
0.015419483
0.005863667
0.005941629
0.006031752
0.005848169
0.009901524
0.006243944
0.008074999
0.005905390
0.006062269
0.010281324
0.005858421
0.007526636
0.005975008
0.010437965
0.008082151
0.005822182
0.005820274
0.006772280
0.008006096
0.009379625
0.005833864
0.005890131
0.008870602
0.007651329
0.011298418
0.009318590
0.009956837
0.007160664
0.009554386
0.012824774
0.006575108
0.014630079
0.010592222
0.007424593
0.009324789
0.006476879
0.006845236
0.006223440
0.008034229
0.009372473
0.012584209
0.006469488
0.005884409
0.006188869
0.012659788
0.006242275
0.005938053
0.005964994
0.005907059
0.016074896
0.006738424
0.011148453
0.011407852
0.005920410
0.007262945
0.005861998
0.005993605
0.005992174
0.005822420
0.007241964
0.006069183
0.005873203
0.005935669
0.008479595
0.006806612
0.005871773
0.005815029
0.005979538
0.005911112
0.006246090
0.005980492
0.005834103
0.007508516
0.005972385
0.005979538
0.010809422
0.008564949
0.020679951
0.005939245
0.006757736
0.006383419
0.006021023
0.005923510
0.006022930
0.008938074
0.008254528
0.005958319
0.006046057
0.005842924
0.005895376
0.005977392
0.005837440
0.005977869
0.006067991
0.005858183
0.005810976
0.005816460
0.005888224
0.005874157
0.005985022
0.005816698
0.005903482
0.006059408
0.006106853
0.005856514
0.005978584
0.005990028
0.005911827
0.005949020
0.006046772
0.005886793
0.005915642
0.005854368
0.005933046
0.005888700
0.005797148
0.005935431
0.005907536
0.005939007
0.006081820
0.005930424
0.006093025
0.006044388
0.005997658
0.005927801
0.006081104
0.005971670
0.005915165
0.006071806
0.005896568
0.005858421
0.005892277
0.006005049
0.005920410
0.005962133
0.007025719
0.008360147
0.005875111
0.005882502
0.005909681
0.005850077
0.005971193
0.005758047
0.006165266
0.006164312
0.006088495
0.005849361
0.005837917
0.005909681
0.006015062
0.005813360
0.005902529
0.005798817
0.005845070
0.005949497
0.005953312
0.005874634
0.005831718
0.006008148
0.005842924
0.005957603
0.005855560
0.006114721
0.005911350
0.005976915
0.005870342
0.008360863
0.008321762
0.010263443
0.013602972
0.009464264
0.009172916
0.010887384
0.008613825
0.021531343
0.010899067
0.006641150
0.017316103
0.008808613
0.011121273
0.008892775
0.009569407
0.022773981
0.005922318
0.009589672
0.012613058
0.009581089
0.017809391
0.010272503
0.010138512
0.006609678
0.008828640
0.006373882
0.005839586
0.005860329
0.005795240
0.005946875
0.005792141
0.006047249
0.005713463
0.005813837
0.005855083
0.006953001
0.005880117
0.005889893
0.007013559
0.007380724
0.009165287
0.006143570
0.005915642
0.005836964
0.006127834
0.005931139
0.005943298
0.005881310
0.010970592
