0.000210524
0.000247955
0.000213623
0.000202417
0.000194788
0.000161409
0.000261784
0.000210047
0.000207186
0.000227690
0.000275612
0.000264883
0.000208378
0.000210524
0.000263453
0.000228167
0.000248432
0.000257015
0.000239372
0.000228405
0.000222683
0.000219584
0.000224352
0.000227690
0.000224352
0.000265360
0.000227451
0.000233650
0.000244617
0.000224590
0.000234365
0.000264168
0.000280142
0.000250101
0.000261784
0.000256300
0.000270128
0.000251532
0.000265837
0.000282288
0.000262737
0.000244617
0.000308275
0.000251532
0.000238657
0.000249863
0.000238419
0.000251055
0.000239611
0.000243187
0.000242472
0.000255108
0.000246286
0.000253916
0.000254869
0.000259638
0.000252724
0.000240088
0.000242233
0.000246286
0.000337124
0.000295877
0.000228405
0.000231504
0.000234127
0.000250578
0.000255823
0.000232935
0.000244379
0.000243664
0.000233889
0.000256538
0.000250340
0.000245810
0.000298500
0.000251532
0.000259638
0.000246286
0.000237226
0.000225544
0.000295162
0.000250101
0.000207424
0.000218153
0.000221252
0.000230074
0.000225067
0.000260830
0.000227928
0.000238419
0.000228643
0.000217915
0.000271559
0.000239849
0.000222445
0.000222921
0.000255346
0.000265360
0.000249863
0.000231266
0.000230312
0.000256538
0.000277996
0.000239849
0.000231981
0.000234842
0.000254631
0.000242233
0.000283480
0.000249624
0.000289917
0.000223637
0.000241518
0.000231266
0.000251770
0.000241041
0.000239134
0.000245333
0.000287056
0.000282049
0.000252008
0.000244617
0.000246286
0.000293493
0.000246525
0.000245094
0.000298500
0.000247955
0.000251293
0.000231981
0.000243425
0.000281811
0.000247717
0.000230312
0.000211000
0.000221729
0.000226736
0.000221014
0.000223160
0.000245333
0.000230074
0.000228643
0.000270128
0.000269890
0.000251770
0.000247955
0.000248194
0.000251532
0.000232935
0.000250101
0.000261545
0.000242949
0.000238895
0.000241280
0.000297546
0.000225067
0.000254869
0.000274658
0.000353336
0.000617743
0.000649214
0.000643492
0.000247478
0.000242710
0.000252485
0.000262260
0.000284910
0.000359774
0.000792503
0.000326633
0.000290632
0.000308990
0.000281096
0.000290394
0.000283957
0.000278711
0.000339985
0.000284433
0.000269651
0.000269890
0.000283241
0.000278473
0.000284672
0.000297546
0.000321627
0.000313759
0.000334024
0.000288010
0.000296593
0.000288963
0.000266552
0.000224113
0.000225067
0.000240088
0.000255108
0.000244617
0.000230312
0.000218868
0.000214815
0.000209332
0.000202656
0.000215292
0.000206709
0.000255823
0.000255108
0.000246763
0.000252485
0.000243187
0.000255823
0.000247478
0.000252008
0.000251532
0.000238657
0.000236273
0.000252008
0.000214100
0.000293493
0.000228643
0.000220537
0.000208139
0.000233173
0.000225306
0.000246525
0.000241041
0.000679016
0.000757217
0.000349998
0.000272512
0.000251055
0.000241518
0.000263929
0.000261068
0.000355959
0.000333548
0.000324011
0.000299931
0.000328779
0.000293732
0.000277281
0.000291348
0.000308514
0.000599623
0.000281096
0.000287294
0.000262976
0.000257254
0.000303984
0.000323296
0.000279427
0.000278950
0.000278234
0.000319004
0.000328302
0.000364780
0.000291348
0.000256062
0.000218391
0.000243187
0.000220299
0.000243664
0.000255346
0.000238657
0.000250816
0.000232458
0.000220060
0.000218630
0.000245571
0.000225782
0.000241995
0.000245094
0.000249147
0.000248194
0.000232935
0.000259399
0.000246763
0.000256062
0.000250101
0.000216722
0.000248194
0.000316143
0.000241518
0.000216961
0.000204325
0.000216961
0.000212193
0.000233650
0.000255346
0.000240803
0.000235081
0.000232220
0.000227451
0.000227451
0.000232697
0.000237465
0.000225306
0.000231981
0.000226021
0.000226259
0.000228643
0.000241756
0.000216484
0.000228405
0.000272989
0.000341892
0.000250101
0.000254154
0.000274658
0.000255585
0.000303984
0.000306606
0.000265121
0.000242949
0.000248432
0.000243187
0.000245094
0.000231266
0.000260115
0.000248671
0.000292301
0.000267267
0.000257730
0.000251055
0.000248194
0.000275135
0.000241041
0.000251770
0.000230074
0.000238419
0.000264883
0.000254631
0.000285864
0.000210285
0.000231266
0.000228167
0.000246048
0.000231266
0.000212908
0.000233412
0.000254154
0.000246763
0.000248671
0.000245571
0.000222683
0.000252247
0.000251532
0.000251532
0.000239611
0.000250101
0.000213385
0.000236273
0.000234365
0.000230789
0.000223637
0.000322819
0.000269890
0.000320673
0.000296354
0.000451565
0.000345945
0.000740767
0.000543594
0.000246763
0.000253916
0.000253677
0.000238419
0.000245094
0.000372171
0.000347853
0.000257015
0.000230789
0.000245333
0.000267029
0.000290871
0.000302315
0.000240088
0.000278473
0.000252962
0.000273705
0.000237703
0.000246048
0.000241280
0.000241041
0.000231266
0.000235558
0.000267029
0.000264883
0.000249147
0.000253201
0.000254631
0.000293493
0.000295877
0.000247002
0.000245094
0.000256062
0.000241041
0.000276804
0.000282764
0.000227451
0.000216484
0.000224352
0.000215054
0.000227451
0.000232935
0.000219584
0.000244617
0.000259161
0.000255346
0.000218153
0.000249624
0.000242949
0.000244379
0.000251055
0.000246286
0.000222206
0.000250816
0.000229597
0.000230312
0.000294685
0.000233650
0.000233889
0.000222206
0.000249624
0.000300884
0.000457764
0.000587702
0.000522614
0.000610590
0.000272751
0.000273228
0.000237226
0.000263691
0.000276804
0.000249624
0.000259161
0.000274181
0.000265837
0.000251055
0.000245333
0.000303984
0.000237703
0.000238419
0.000230789
0.000244856
0.000226021
0.000233173
0.000256538
0.000288963
0.000260353
0.000348806
0.000247478
0.000293255
0.000239611
0.000237226
0.000269175
0.000286341
0.000236273
0.000233889
0.000255823
0.000223637
0.000230551
0.000249863
0.000243425
0.000254631
0.000255585
0.000288010
0.000238895
0.000250340
0.000299931
0.000252962
0.000286579
0.000240803
0.000235319
0.000267744
0.000256538
0.000222683
0.000261307
0.000243664
0.000342846
0.000309944
0.000246525
0.000290394
0.000406027
0.000341177
0.000243425
0.000647783
0.000385523
0.000534058
0.000648260
0.000407219
0.000356913
0.000326633
0.000268459
0.000352859
0.000481606
0.000414848
0.000481606
0.000527143
0.000355959
0.000328779
0.000491381
