0.000267744
0.000260830
0.000247955
0.000244856
0.000241041
0.000265121
0.000277519
0.000332832
0.000284910
0.000273705
0.000257492
0.000298977
0.000304222
0.000499249
0.000340939
0.000341654
0.000331879
0.000327110
0.000324965
0.000311613
0.000321150
0.000320911
0.000325203
0.000498056
0.000349283
0.000318766
0.000323772
0.000321627
0.000311136
0.000308275
0.000329971
0.000324249
0.000351906
0.000322819
0.000318766
0.000271082
0.000242233
0.000251055
0.000292778
0.000289440
0.000287533
0.000348568
0.000290155
0.000232220
0.000265837
0.000233889
0.000290394
0.000277281
0.000242233
0.000244141
0.000280380
0.000272512
0.000275135
0.000313997
0.000253201
0.000293493
0.000285149
0.000282764
0.000247240
0.000236511
0.000225306
0.000241756
0.000246286
0.000320911
0.000270605
0.000242472
0.000246763
0.000234604
0.000266552
0.000269175
0.000252724
0.000344276
0.000256538
0.000268936
0.000254393
0.000252485
0.000261784
0.000310898
0.000274897
0.000288248
0.000304461
0.000358343
0.000294924
0.000328064
0.000337839
0.000316381
0.000275373
0.000270367
0.000313997
0.000285625
0.000282526
0.000267744
0.000339031
0.000271559
0.000271797
0.000264645
0.000333309
0.000326157
0.000318527
0.000267982
0.000318527
0.000282764
0.000302076
0.000295639
0.000296593
0.000315428
0.000288010
0.000314951
0.000243187
0.000237942
0.000263929
0.000240088
0.000234604
0.000272512
0.000287056
0.000862360
0.000234604
0.000248671
0.000309467
0.000250101
0.000565290
0.000251770
0.000320435
0.000277519
0.000648975
0.000667334
0.000897169
0.000665188
0.000342846
0.000274897
0.000257254
0.001122236
0.000248432
0.000591993
0.000241756
0.000743628
0.000260353
0.000535727
0.000248432
0.000450134
0.000318050
0.000269175
0.000375748
0.000283957
0.000244379
0.000814915
0.000471592
0.000242472
0.000247240
0.000238895
0.000300169
0.000336647
0.000393391
0.000298738
0.000313282
0.000265598
0.000720739
0.000240088
0.000274420
0.000284195
0.000283241
0.000272989
0.000753880
0.000715494
0.000242949
0.000348091
0.000361681
0.000330210
0.000285864
0.000295162
0.000287771
0.000306129
0.000290871
0.000244856
0.000338793
0.000323057
0.000332832
0.000287533
0.000332355
0.000559568
0.000394821
0.000364780
0.000402927
0.000277996
0.000268698
0.000253677
0.000411510
0.000276089
0.000279665
0.000271797
0.000244856
0.000704050
0.000241995
0.000243902
0.000501394
0.000360012
0.000395536
0.000414371
0.000407696
0.000298977
0.000341177
0.000428915
0.000310659
0.000266075
0.000264645
0.000257492
0.000291348
0.000297308
0.000322104
0.000378132
0.000276327
0.000275612
0.000276327
0.000248194
0.000238180
0.000291109
0.000286341
0.000304699
0.000288486
0.000270605
0.000277758
0.000262737
0.000281334
0.000337362
0.000262737
0.000382662
0.000252724
0.000236034
0.000223875
0.000234365
0.000298262
0.001389027
0.000234604
0.000932455
0.001197338
0.000888586
0.000291824
0.001122713
0.001206636
0.000279188
0.001211882
0.000942945
0.000360250
0.000809669
0.000670910
0.000991821
0.000737429
0.000604868
0.000343084
0.000539780
0.000430346
0.000283718
0.000344992
0.000370264
0.000293255
0.000583410
0.001024723
0.000473022
0.000614643
0.000251293
0.000426054
0.000339031
0.000256062
0.000247240
0.000275135
0.000277758
0.000325203
0.000244617
0.000285864
0.000241995
0.000280857
0.000248194
0.000287771
0.000233173
0.000232220
0.000230074
0.000227928
0.000225306
0.000273228
0.000236273
0.000247955
0.000248432
0.000244379
0.000268698
0.000234365
0.000258923
0.000270605
0.000255823
0.000282764
0.000285149
0.000259161
0.000265360
0.000268221
0.000305176
0.000261784
0.000270605
0.000265837
0.000291348
0.000291824
0.000293493
0.000328779
0.000287533
0.000286102
0.000271082
0.000257969
0.000264168
0.000262260
0.000314951
0.000270844
0.000273943
0.000292301
0.000269175
0.000289917
0.000280380
0.000245094
0.000266790
0.000259876
0.000242472
0.000328064
0.000289917
0.000338554
0.000303268
0.000241518
0.000239134
0.000271797
0.000281096
0.000274181
0.000270844
0.000277281
0.000291348
0.000244141
0.000250578
0.000274658
0.000273943
0.000278473
0.000236273
0.000288486
0.000286818
0.000282288
0.000271082
0.000244856
0.000284195
0.000239134
0.000270605
0.000344276
0.000318289
0.000752211
0.000412464
0.000643492
0.000481367
0.000297785
0.000267267
0.000263691
0.000328779
0.000434160
0.000355005
0.000313997
0.000307560
0.000337362
0.000339270
0.000303984
0.000345945
0.000308037
0.000290155
0.000308514
0.000288963
0.000321388
0.000310183
0.000395298
0.000577927
0.000291586
0.000317574
0.000315428
0.000329733
0.000271082
0.000305653
0.000327587
0.000300407
0.000271797
0.000286579
0.000330210
0.000333548
0.000287533
0.000283003
0.000279903
0.000328064
0.000296116
0.000332355
0.000283718
0.000286341
0.000281334
0.000266314
0.000278473
0.000296116
0.000289202
0.000325680
0.000299692
0.000284910
0.000255346
0.000280857
0.000282049
0.000278234
0.000273466
0.000281572
0.000273466
0.000274897
0.000319004
0.000291109
0.000306368
0.000309467
0.000260592
0.000277996
0.000278950
0.000252962
0.000240564
0.000274897
0.000257730
0.000255823
0.000303745
0.000262260
0.000260592
0.000306129
0.000304937
0.000303984
0.000258207
0.000264168
0.000294209
0.000262976
0.000264883
0.000269175
0.000252724
0.000263453
0.000265121
0.000292778
0.000310183
0.000284195
0.000276089
0.000277519
0.000276804
0.000277042
0.000307322
0.000290632
0.000265360
0.000260115
0.000267982
0.000272751
0.000306129
0.000320196
0.000277281
0.000307083
0.000259876
0.000260830
0.000308275
0.000268936
0.000277042
0.000287771
0.000265598
0.000266075
0.000274897
0.000257254
0.000261545
0.000271082
0.000311136
0.000256777
0.000248432
0.000259161
0.000260830
0.000244617
0.000268698
0.000261784
0.000309944
0.000268936
0.000306129
0.000272989
0.000258207
0.000262499
0.000269651
0.000268459
0.000266075
0.000269413
0.000260830
0.000268698
0.000269413
0.000264883
0.000270367
0.000264168
0.000259161
0.000311852
0.000265121
0.000257730
0.000288963
0.000310421
0.000277281
0.000313759
0.000262976
0.000273466
0.000309467
0.000272274
0.000263214
0.000300169
