0.000240088
0.000236750
0.000234365
0.000231743
0.000233650
0.000235558
0.000235796
0.000218153
0.000220060
0.000238180
0.000228167
0.000238895
0.000204802
0.000234842
0.000216007
0.000220776
0.000193357
0.000198126
0.000203133
0.000198364
0.000216961
0.000241280
0.000233650
0.000210762
0.000229836
0.000236511
0.000232220
0.000234842
0.000240088
0.000231743
0.000240088
0.000234842
0.000234842
0.000235319
0.000235558
0.000232697
0.000223875
0.000240564
0.000199556
0.000236750
0.000210524
0.000241041
0.000240803
0.000244379
0.000243425
0.000246286
0.000240326
0.000237465
0.000243664
0.000215292
0.000240088
0.000241041
0.000212908
0.000213623
0.000227690
0.000234365
0.000216484
0.000237465
0.000233650
0.000239611
0.000250101
0.000237703
0.000238895
0.000239134
0.000195742
0.000194073
0.000208139
0.000211000
0.000214338
0.000243664
0.000231266
0.000228405
0.000233412
0.000232458
0.000212669
0.000238657
0.000219584
0.000189781
0.000258207
0.000215292
0.000234127
0.000243425
0.000220299
0.000236273
0.000234842
0.000250816
0.000235796
0.000240803
0.000231981
0.000241518
0.000244379
0.000220060
0.000208616
0.000232697
0.000216722
0.000248909
0.000205755
0.000240326
0.000282764
0.000238895
0.000235558
0.000238419
0.000237465
0.000233889
0.000207663
0.000229836
0.000233173
0.000240564
0.000203133
0.000229120
0.000234604
0.000236988
0.000240326
0.000230312
0.000159979
0.000197411
0.000229836
0.000200033
0.000194311
0.000208855
0.000231981
0.000237942
0.000233650
0.000241995
0.000245333
0.000235081
0.000215054
0.000243902
0.000218153
0.000210047
0.000231981
0.000206232
0.000228882
0.000237465
0.000231743
0.000241756
0.000237703
0.000250816
0.000231743
0.000231981
0.000238895
0.000241041
0.000235796
0.000213385
0.000216961
0.000239849
0.000229359
0.000243425
0.000210524
0.000232935
0.000228167
0.000221252
0.000232697
0.000227451
0.000230789
0.000243425
0.000231504
0.000207424
0.000242472
0.000228405
0.000236034
0.000232220
0.000232697
0.000210524
0.000238180
0.000230789
0.000222683
0.000234842
0.000233650
0.000207186
0.000230312
0.000248432
0.000237465
0.000228405
0.000234604
0.000240564
0.000235558
0.000230074
0.000236273
0.000216722
0.000231266
0.000233650
0.000228167
0.000238895
0.000239849
0.000241756
0.000205278
0.000243425
0.000232458
0.000214577
0.000210047
0.000233412
0.000235319
0.000231743
0.000231266
0.000239372
0.000208378
0.000242949
0.000230312
0.000232220
0.000241756
0.000235319
0.000225306
0.000243902
0.000231266
0.000208378
0.000233889
0.000233889
0.000236511
0.000241041
0.000226498
0.000223398
0.000235319
0.000198126
0.000233650
0.000233650
0.000233889
0.000232220
0.000236988
0.000237465
0.000225306
0.000212908
0.000237703
0.000239849
0.000243425
0.000210047
0.000239611
0.000240564
0.000226974
0.000211000
0.000212193
0.000196934
0.000215054
0.000233412
0.000230074
0.000233412
0.000214815
0.000241756
0.000234127
0.000240088
0.000238895
0.000244856
0.000239134
0.000227213
0.000244141
0.000239134
0.000237226
0.000244141
0.000211716
0.000219584
0.000230074
0.000231504
0.000203371
0.000205755
0.000235558
0.000232935
0.000202656
0.000234127
0.000240088
0.000242710
0.000217676
0.000238180
0.000208855
0.000233412
0.000233173
0.000212431
0.000241995
0.000208855
0.000232220
0.000234604
0.000229359
0.000236273
0.000228643
0.000212908
0.000240088
0.000236750
0.000273466
0.000281334
0.000205278
0.000281096
0.000267267
0.000247955
0.000240803
0.000242472
0.000262976
0.000276566
0.000214577
0.000296354
0.000274181
0.000289202
0.000286579
0.000274897
0.000275135
0.000272989
0.000231743
0.000236988
0.000232697
0.000236034
0.000400782
0.000226974
0.000235558
0.000230789
0.000234365
0.000230551
0.000240088
0.000229120
0.000208616
0.000216007
0.000207663
0.000212908
0.000200987
0.000200987
0.000213623
0.000218391
0.000195026
0.000197887
0.000202656
0.000198364
0.000196934
0.000188589
0.000198603
0.000195742
0.000194788
0.000201225
0.000195742
0.000195742
0.000196457
0.000200033
0.000197649
0.000191689
0.000196934
0.000201225
0.000197411
0.000197411
0.000228167
0.000203133
0.000199080
0.000202656
0.000238895
0.000200748
0.000233412
0.000200748
0.000205755
0.000225544
0.000188351
0.000200987
0.000199080
0.000197649
0.000204086
0.000233173
0.000233412
0.000204802
0.000237226
0.000220537
0.000225782
0.000207186
0.000202894
0.000207901
0.000232220
0.000231266
0.000206470
0.000200033
0.000197172
0.000209808
0.000202656
0.000239611
0.000224829
0.000227213
0.000234365
0.000202656
0.000610113
0.000571012
0.000637531
0.000206470
0.000212908
0.000203371
0.000245571
0.000234842
0.000212431
0.000207186
0.000200033
0.000194311
0.000217676
0.000203133
0.000204325
0.000244856
0.000235319
0.000235319
0.000241995
0.000206232
0.000234365
0.000208139
0.000254393
0.000214815
0.000235796
0.000233650
0.000247002
0.000214100
0.000221252
0.000218391
0.000205278
0.000225067
0.000261307
0.000234127
0.000222206
0.000228167
0.000225544
0.000212669
0.000217199
0.000226021
0.000223398
0.000214100
0.000214815
0.000225306
0.000160694
0.000225782
0.000217199
0.000212431
0.000214338
0.000198841
0.000238657
0.000211716
0.000235558
0.000207186
0.000217915
0.000218153
0.000208616
0.000211716
0.000231028
0.000212193
0.000204802
0.000219584
0.000211716
0.000209570
0.000215054
0.000588417
0.000560045
0.000385523
0.000635147
0.000544071
0.000606775
0.000622988
0.000518560
0.000347614
0.000321865
0.000258684
0.000708103
0.000535965
0.000394583
0.000361681
0.000553131
0.000382185
0.000508547
0.000546455
0.000612974
0.000553846
0.000518560
0.000563622
0.000814676
0.000419378
0.000502348
0.000467300
0.000359058
0.000502110
0.000512838
0.000505924
0.000527143
0.000427485
0.000522375
0.000487089
0.000647306
0.000635862
0.000611782
0.000399590
0.000548124
0.000605345
0.000610828
0.000619411
0.000499964
0.000483751
0.000442028
0.000538111
0.000375509
0.000506639
0.000552416
0.000515223
0.000479937
0.000500917
0.000520468
0.000486374
0.000477314
0.000527382
0.000491381
0.000432730
0.000518560
0.000360727
0.000494242
0.000501871
0.000442266
0.000416756
