0.000638008
0.000662565
0.000563383
0.000677586
0.000716686
0.000582695
0.000670195
0.000598907
0.000595808
0.000551701
0.000664949
0.000582218
0.000662804
0.000625134
0.000604868
0.000641108
0.000594139
0.000668287
0.000662088
0.000663996
0.000658989
0.000581026
0.000613213
0.000675201
0.000593185
0.000582457
0.000644684
0.000657558
0.000672579
0.000592232
0.000595570
0.000654936
0.000617504
0.000654459
0.000660419
0.000658274
0.000592709
0.000590324
0.000655890
0.000577927
0.000586510
0.000649214
0.000576735
0.000652790
0.000590563
0.000581503
0.000659704
0.000591040
0.000656366
0.000658989
0.000619650
0.000581503
0.000657082
0.000571966
0.000671625
0.000642300
0.000656366
0.000562191
0.000582933
0.000604630
0.000668526
0.000549316
0.000654459
0.000530720
0.000662804
0.000621796
0.000662804
0.000581980
0.000590086
0.000668287
0.000592470
0.000656605
0.000565529
0.000659466
0.000589848
0.000579596
0.000595093
0.000659227
0.000585794
0.000597954
0.000648260
0.000655413
0.000590801
0.000651598
0.000570059
0.000659466
0.000652790
0.000662565
0.000609636
0.000584841
0.000557423
0.000653267
0.000588894
0.000657558
0.000656605
0.000652552
0.000576019
0.000654221
0.000658035
0.000585794
0.000573397
0.000558376
0.000571251
0.000570774
0.000568628
0.000562191
0.000573397
0.000556231
0.000607014
0.000560522
0.000572920
0.000535965
0.000565052
0.000561714
0.000574827
0.000564098
0.000569820
0.000584841
0.000617743
0.000614882
0.000603676
0.000595093
0.000608683
0.000591040
0.000551701
0.000571728
0.000578165
0.000599623
0.000573158
0.000586271
0.000572681
0.000605106
0.000576019
0.000570774
0.000606775
0.000596285
0.000606298
0.000591993
0.000573397
0.000555515
0.000606298
0.000554323
0.000597239
0.000578880
0.000607252
0.000541449
0.000608921
0.000580549
0.000612497
0.000576496
0.000603199
0.000529766
0.000595093
0.000590324
0.000602484
0.000593185
0.000598192
0.000587702
0.000546694
0.000567198
0.000582457
0.000563383
0.000591040
0.000562191
0.000586271
0.000560284
0.000572920
0.000563860
0.000567913
0.000562668
0.000578165
0.000568867
0.000600338
0.000559330
0.000576973
0.000576496
0.000571728
0.000547647
0.000572681
0.000567675
0.000575781
0.000562906
0.000573158
0.000538111
0.000583887
0.000561237
0.000570774
0.000564337
0.000559092
0.000563860
0.000553131
0.000565052
0.000571251
0.000566244
0.000515938
0.000557661
0.000575781
0.000568628
0.000570059
0.000550747
0.000572443
0.000562668
0.000579119
0.000542402
0.000570774
0.000568628
0.000560760
0.000559568
0.000575304
0.000554085
0.000580549
0.000563145
0.000568151
0.000559330
0.000568390
0.000571966
0.000550032
0.000559092
0.000602722
0.000562191
0.000571728
0.000566959
0.000571966
0.000563145
0.000584126
0.000557184
0.000571728
0.000598669
0.000573397
0.000571251
0.000590324
0.000588894
0.000598907
0.000568390
0.000598192
0.000588417
0.000598907
0.000566244
0.000599146
0.000591278
0.000603199
0.000593185
0.000599384
0.000593901
0.000578642
0.000591993
0.000600815
0.000567913
0.000589132
0.000581980
0.000595093
0.000596285
0.000597239
0.000596762
0.000607014
0.000574589
0.000609398
0.000604153
0.000601530
0.000591993
0.000599384
0.000592947
0.000602484
0.000570297
0.000596285
0.000587702
0.000593424
0.000589609
0.000569105
0.000567436
0.000599384
0.000568867
0.000599623
0.000564814
0.000605822
0.000564337
0.000606060
0.000590801
0.000595331
0.000591755
0.000603676
0.000590086
0.000598907
0.000592947
0.000575066
0.000594854
0.000577927
0.000599384
0.000605822
0.000593901
0.000571728
0.000562668
0.000571489
0.000519991
0.000571966
0.000563860
0.000568867
0.000563383
0.000592947
0.000564337
0.000536919
0.000568628
0.000578880
0.000569344
0.000572920
0.000564098
0.000578642
0.000566006
0.000570536
0.000565529
0.000585318
0.000578642
0.000573397
0.000568390
0.000576258
0.000574112
0.000557184
0.000567913
0.000579596
0.000572920
0.000579119
0.000567913
0.000577211
0.000573635
0.000577450
0.000568390
0.000577211
0.000574589
0.000586033
0.000553608
0.000558853
0.000575542
0.000580549
0.000565290
0.000557661
0.000573635
0.000581026
0.000572681
0.000578165
0.000573397
0.000576019
0.000546932
0.000580311
0.000573874
0.000586748
0.000578403
0.000576019
0.000575781
0.000583649
0.000572681
0.000576735
0.000568867
0.000576258
0.000569344
0.000580311
0.000572681
0.000579357
0.000552654
0.000582933
0.000566006
0.000559330
0.000574827
0.000558376
0.000572443
0.000579834
0.000565052
0.000581980
0.000551701
0.000577688
0.000568151
0.000578880
0.000568390
0.000556707
0.000566959
0.000576735
0.000564337
0.000574112
0.000554562
0.000572443
0.000527620
0.000573397
0.000570297
0.000570774
0.000563383
0.000571728
0.000570059
0.000577688
0.000555515
0.000573158
0.000564337
0.000558376
0.000571966
0.000558615
0.000576496
0.000560045
0.000569105
0.000581980
0.000571966
0.000581503
0.000578403
0.000578642
0.000568151
0.000583887
0.000561953
0.000573635
0.000562906
0.000572205
0.000561476
0.000578403
0.000559568
0.000576019
0.000592470
0.000594139
0.000591040
0.000599384
0.000571489
0.000597715
0.000587940
0.000605583
0.000597000
0.000576735
0.000589609
0.000603914
0.000600576
0.000599146
0.000574589
0.000607252
0.000580072
0.000595808
0.000591755
0.000574112
0.000590324
0.000598669
0.000593901
0.000598907
0.000559330
0.000606060
0.000590086
0.000600100
0.000597000
0.000551701
0.000604391
0.000616789
0.000608683
0.000616312
0.000598669
0.000612736
0.000590563
0.000611544
0.000603199
0.000575542
0.000601053
0.000605822
0.000602961
0.000604868
0.000569105
0.000606060
0.000599623
0.000607252
0.000601530
0.000582218
0.000600338
0.000609636
0.000579119
0.000607967
0.000597239
0.000609875
0.000599861
0.000571012
0.000598669
0.000606537
0.000598907
0.000607252
0.000597000
0.000605583
0.000585794
0.000603437
0.000597239
0.000617266
0.000603437
0.000610113
0.000606537
0.000610590
0.000602245
0.000605822
0.000596285
0.000599861
0.000595808
0.000615597
0.000597239
0.000607252
0.000600576
0.000604868
0.000602961
0.000604153
0.000599384
0.000585079
0.000600576
0.000606537
0.000570536
