0.000284672
0.000303030
0.000306368
0.000303984
0.000307560
0.000366688
0.000306129
0.000302553
0.000308514
0.000303745
0.000305414
0.000306845
0.000292063
0.000294209
0.000298500
0.000300646
0.000383139
0.000302076
0.000306368
0.000307560
0.000307083
0.000303268
0.000306368
0.000291586
0.000309706
0.000304461
0.000377655
0.000318527
0.000305891
0.000306129
0.000303984
0.000309944
0.000293016
0.000304937
0.000287294
0.000302315
0.000369787
0.000303268
0.000302315
0.000302076
0.000303268
0.000302553
0.000301838
0.000288963
0.000305414
0.000278950
0.000365973
0.000302076
0.000301600
0.000299931
0.000303507
0.000303745
0.000303745
0.000300646
0.000288248
0.000304222
0.000376463
0.000301600
0.000298977
0.000303745
0.000298500
0.000295639
0.000301838
0.000303268
0.000300884
0.000303984
0.000369072
0.000300884
0.000304461
0.000299931
0.000305653
0.000302076
0.000303984
0.000305176
0.000359297
0.000307560
0.000289917
0.000300407
0.000295877
0.000303030
0.000303507
0.000302315
0.000303268
0.000304222
0.000305653
0.000300407
0.000301600
0.000365496
0.000303030
0.000304699
0.000316143
0.000301600
0.000306845
0.000301838
0.000302315
0.000302553
0.000367403
0.000301838
0.000302553
0.000302076
0.000300884
0.000290155
0.000302553
0.000301838
0.000299692
0.000313044
0.000316381
0.000300169
0.000304461
0.000299692
0.000286102
0.000297070
0.000299454
0.000299215
0.000303030
0.000301123
0.000300884
0.000302553
0.000303745
0.000300884
0.000299692
0.000292301
0.000298023
0.000305891
0.000301123
0.000301123
0.000299454
0.000300646
0.000300407
0.000302076
0.000289202
0.000301600
0.000301123
0.000278234
0.000299692
0.000297785
0.000296831
0.000292540
0.000298977
0.000294447
0.000311375
0.000305176
0.000299931
0.000300407
0.000297785
0.000298738
0.000257730
0.000263214
0.000222445
0.000228167
0.000269651
0.000292778
0.000301600
0.000298738
0.000314713
0.000308752
0.000288486
0.000298262
0.000296593
0.000300169
0.000297785
0.000297308
0.000303745
0.000295877
0.000298500
0.000295877
0.000295639
0.000292778
0.000297308
0.000295877
0.000291586
0.000283003
0.000279903
0.000284433
0.000284433
0.000293970
0.000295877
0.000293970
0.000291586
0.000293970
0.000288963
0.000278950
0.000297308
0.000296831
0.000297308
0.000296593
0.000295401
0.000297785
0.000298500
0.000295877
0.000275850
0.000298738
0.000294685
0.000296116
0.000294924
0.000293255
0.000298738
0.000293732
0.000296354
0.000296593
0.000303507
0.000293970
0.000291348
0.000307322
0.000294685
0.000296354
0.000297308
0.000299692
0.000297070
0.000297070
0.000297308
0.000295877
0.000297785
0.000294447
0.000296831
0.000299454
0.000299215
0.000292540
0.000296831
0.000288963
0.000292540
0.000298977
0.000293255
0.000297546
0.000302553
0.000293016
0.000302076
0.000296831
0.000300169
0.000296831
0.000298977
0.000298977
0.000297785
0.000296354
0.000316381
0.000279665
0.000299692
0.000294924
0.000298023
0.000297785
0.000296354
0.000297546
0.000298023
0.000295162
0.000293970
0.000298262
0.000298500
0.000296593
0.000297785
0.000298977
0.000308752
0.000295877
0.000293732
0.000298023
0.000298977
0.000287533
0.000299931
0.000299454
0.000300407
0.000298500
0.000303030
0.000296116
0.000291348
0.000292063
0.000286102
0.000287533
0.000301361
0.000288963
0.000298500
0.000293016
0.000292540
0.000294924
0.000294209
0.000295401
0.000290871
0.000299931
0.000294924
0.000291348
0.000297546
0.000295162
0.000289202
0.000285864
0.000318766
0.000292778
0.000295639
0.000291824
0.000294685
0.000294685
0.000292778
0.000287294
0.000288963
0.000288725
0.000294924
0.000280857
0.000297070
0.000296354
0.000296831
0.000299215
0.000305176
0.000288963
0.000298023
0.000295639
0.000297546
0.000294685
0.000299692
0.000293255
0.000298262
0.000324249
0.000295877
0.000296831
0.000298262
0.000297546
0.000295639
0.000295639
0.000301600
0.000290394
0.000283957
0.000292540
0.000295162
0.000294685
0.000295401
0.000290632
0.000292301
0.000291348
0.000295162
0.000296593
0.000295639
0.000282288
0.000286579
0.000282526
0.000306606
0.000289440
0.000293016
0.000294924
0.000281096
0.000296831
0.000296593
0.000296831
0.000298500
0.000299454
0.000293732
0.000296116
0.000300407
0.000283003
0.000297308
0.000299454
0.000309467
0.000287533
0.000295162
0.000297308
0.000297070
0.000298262
0.000295401
0.000297070
0.000295639
0.000294924
0.000293493
0.000295877
0.000295877
0.000293255
0.000297070
0.000278234
0.000307322
0.000291348
0.000288486
0.000292063
0.000292063
0.000293970
0.000296116
0.000289917
0.000306129
0.000294924
0.000299215
0.000298738
0.000297546
0.000293970
0.000298977
0.000286341
0.000295162
0.000290394
0.000291824
0.000291586
0.000302076
0.000297546
0.000297546
0.000298262
0.000280380
0.000293255
0.000289917
0.000294447
0.000291586
0.000286341
0.000288725
0.000288725
0.000294447
0.000294209
0.000293255
0.000294685
0.000295877
0.000295639
0.000298738
0.000295639
0.000292778
0.000291109
0.000293732
0.000294685
0.000293255
0.000293970
0.000293493
0.000294924
0.000295877
0.000293970
0.000294924
0.000295639
0.000294685
0.000278473
0.000294924
0.000294447
0.000294924
0.000296831
0.000308275
0.000295639
0.000296593
0.000296593
0.000298262
0.000296116
0.000293493
0.000295639
0.000294924
0.000297308
0.000297308
0.000283003
0.000287056
0.000303745
0.000290871
0.000296831
0.000294685
0.000293493
0.000295639
0.000295401
0.000293255
0.000293255
0.000292540
0.000294209
0.000284910
0.000293255
0.000289679
0.000293970
0.000294924
0.000296116
0.000293493
0.000294924
0.000295639
0.000286579
0.000287294
0.000292540
0.000295639
0.000294447
0.000295877
0.000291109
0.000296831
0.000284672
0.000281096
0.000301123
0.000300407
0.000301600
0.000301361
0.000302315
0.000281811
0.000295162
0.000297785
0.000294209
0.000298500
0.000294209
0.000295162
0.000293493
0.000295877
0.000297308
0.000291586
0.000294447
0.000294209
0.000281572
0.000298738
0.000298023
0.000297070
0.000296593
0.000281096
0.000299215
0.000297070
0.000300407
0.000296116
0.000286102
0.000298738
0.000295877
0.000298262
0.000296116
0.000297308
0.000297785
0.000297785
0.000312090
