0.013217688
0.004324913
0.002745867
0.002943754
0.002964020
0.002992630
0.003531933
0.003488302
0.002964735
0.003479719
0.003796339
0.003518820
0.003036737
0.003505468
0.002944708
0.003059864
0.002932310
0.003480911
0.003487349
0.003483295
0.002925873
0.002932072
0.002994537
0.003506660
0.003468513
0.003475189
0.002945900
0.003482819
0.002976179
0.002898693
0.003525019
0.003468513
0.003543854
0.002926588
0.003563881
0.002903700
0.002951384
0.002974272
0.003539801
0.003536224
0.002959728
0.002935410
0.002980709
0.003569841
0.003497839
0.003470659
0.002959967
0.003549099
0.002918005
0.003520012
0.002934694
0.002944708
0.012017727
0.003496885
0.002970457
0.003479481
0.003492832
0.002913237
0.002931356
0.003522396
0.003464937
0.003515959
0.002985001
0.002948761
0.003473520
0.002919674
0.002942085
0.002936602
0.003488779
0.003478289
0.002948999
0.003490925
0.002950907
0.003496885
0.002992630
0.003472328
0.003474712
0.002951145
0.003487349
0.003500700
0.002963543
0.002904415
0.002937317
0.003466129
0.002962351
0.003550053
0.003490925
0.002927542
0.002947330
0.003504992
0.003501654
0.003487349
0.002949238
0.003471613
0.003447771
0.002927065
0.003514528
0.002924442
0.002943516
0.002933502
0.002918959
0.002823591
0.002810955
0.002752542
0.002730370
0.002712727
0.002748966
0.002742052
0.002781391
0.002736568
0.002731562
0.002799511
0.002766609
0.002768993
0.002724171
0.002783775
0.002717257
0.002744436
0.002756834
0.002732277
0.002798080
0.002752066
0.002769470
0.002747774
0.002749681
0.002733469
0.002764225
0.002739191
0.002774715
0.002786636
0.002745390
0.002796173
0.002723455
0.002745390
0.002750874
0.002752304
0.002735853
0.002736807
0.002767086
0.002732038
0.002788782
0.002794266
0.002735376
0.002810478
0.002752066
0.002743006
0.002753973
0.002752066
0.002753258
0.002736092
0.002756357
0.002763510
0.002738953
0.002736330
0.002760887
0.002747536
0.002753258
0.002753496
0.002752066
0.002754450
0.002760172
0.002747536
0.002778292
0.002813339
0.002817154
0.002748966
0.002806902
0.002749205
0.002783537
0.002737045
0.003017902
0.002717495
0.002780437
0.002737999
0.002757311
0.002827883
0.002756596
0.002734423
0.002748251
0.002815723
0.002741814
0.002741337
0.002743959
0.002757788
0.012155533
0.002754450
0.002758026
0.002783537
0.002754927
0.012205124
0.002771378
0.002795458
0.002738476
0.002794266
0.002798796
0.002748013
0.002805948
0.002777576
0.002778053
0.002788782
0.002769709
0.002780437
0.002780437
0.002844334
0.002784252
0.002790213
0.002795219
0.002820015
0.002807617
0.002795935
0.002798080
0.002798796
0.002762794
0.002748966
0.002808809
0.002710581
0.002804279
0.002792358
0.002724648
0.002723217
0.002735615
0.002877235
0.002732754
0.002756596
0.002789497
0.002755404
0.002757072
0.002791405
0.002763271
0.002773046
0.002785206
0.002765417
0.002832890
0.002740622
0.002735138
0.002738237
0.002773285
0.002775192
0.002751827
0.002786398
0.002794027
0.002826214
0.002885818
0.002760887
0.002820969
0.002735138
0.002809286
0.002757311
0.002770185
0.002747774
0.002753496
0.002755642
0.002796412
0.002747297
0.002754927
0.002743483
0.002753973
0.002803326
0.002751350
0.002768040
0.002779961
0.002746820
0.002813578
0.002769470
0.002765894
0.002783537
0.002741098
0.002760887
0.002732754
0.002752781
0.002735138
0.002792597
0.002777576
0.002802134
0.002757549
0.002760649
0.002798080
0.002759933
0.002991199
0.002869368
0.002792120
0.002781153
0.002762794
0.002871037
0.002813339
0.002743959
0.002771378
0.002791643
0.002817631
0.002775669
0.002779961
0.002785206
0.002825260
0.002786160
0.002787113
0.002830982
0.002783537
0.002785206
0.002789259
0.002819300
0.002766848
0.002790451
0.002786875
0.002824783
0.002826929
0.002784014
0.002819300
0.002807617
0.002774954
0.002786398
0.002784014
0.002811193
0.002830505
0.002816677
0.002810001
0.002834320
0.002782106
0.002836466
0.002794981
0.002771378
0.002781868
0.002800465
0.002830505
0.002795458
0.002810478
0.002799034
0.002845526
0.002806187
0.002786636
0.002778053
0.002779961
0.002827883
0.002805233
0.002781391
0.002794743
0.002773285
0.002790689
0.002779245
0.002773285
0.002799273
0.002770662
0.002793550
0.002841473
0.002792358
0.002762556
0.002813101
0.002788544
0.002771139
0.002773762
0.002819300
0.002768278
0.002793312
0.002800226
0.002771854
0.002767324
0.002777338
0.002775908
0.002778053
0.002764225
0.002773762
0.002748728
0.002775192
0.002792358
0.002762079
0.002825022
0.002816916
0.002804279
0.002807617
0.002789736
0.002759457
0.002791166
0.002771616
0.002822638
0.002768993
0.002819538
0.002778769
0.002806187
0.002856493
0.002794981
0.002769470
0.002790689
0.002847195
0.002846003
0.002784491
0.002815962
0.002805710
0.002829313
0.002761602
0.002830505
0.002830267
0.002793789
0.002831221
0.002793789
0.002828121
0.002833605
0.002797604
0.002831936
0.002807379
0.002783775
0.002761364
0.002761364
0.002770901
0.002768278
0.002805233
0.002789497
0.002820730
0.002731800
0.002770424
0.002772808
0.002835989
0.002788782
0.002763271
0.012062788
0.002803087
0.002748728
0.002801895
0.002849579
0.002773762
0.002830982
0.002799034
0.002761126
0.002738953
0.002774000
0.002872229
0.002748966
0.002769232
0.002767563
0.002750397
0.002750635
0.002758741
0.002901554
0.002784967
0.002826929
0.002775431
0.002770901
0.002757549
0.002763033
0.002777338
0.002775192
0.002831221
0.002766132
0.002807379
0.002785206
0.002825260
0.002844810
0.002784252
0.002827168
0.002750874
0.002763748
0.002761841
0.002788782
0.002959728
0.002797842
0.002788067
0.002767801
0.002787828
0.002816439
0.002793074
0.002816916
0.002806664
0.002801657
0.002788782
0.002803802
0.002834082
0.002741575
0.002827644
0.002826929
0.002828360
0.002847195
0.002787590
0.002796650
0.002799988
0.002784729
0.002848387
0.002755165
0.002846956
0.002803564
0.002780914
0.002841711
0.002797365
0.002767563
0.002810001
0.002829552
0.002843142
0.002756119
0.002768993
0.002785921
0.002764225
0.002812862
0.002780199
0.002767563
0.002865076
0.002780676
0.002783060
0.002765179
0.002800941
0.002778769
0.002796650
0.002797127
0.002811909
