0.000264168
0.000263453
0.000262499
0.000262499
0.000294685
0.000262976
0.000265121
0.000266790
0.000261545
0.000257254
0.000265360
0.000263929
0.000263929
0.000266075
0.000271797
0.000266790
0.000262499
0.000262976
0.000263691
0.000263691
0.000263929
0.000262260
0.000263929
0.000262499
0.000254154
0.000266790
0.000265121
0.000253439
0.000263453
0.000264168
0.000264168
0.000268221
0.000280857
0.000263691
0.000263453
0.000265598
0.000265837
0.000264883
0.000262022
0.000261784
0.000264168
0.000260115
0.000264883
0.000262737
0.000262022
0.000264168
0.000262976
0.000265121
0.000263453
0.000262976
0.000257969
0.000255108
0.000263214
0.000261784
0.000257730
0.000261307
0.000266552
0.000263929
0.000262260
0.000263453
0.000268459
0.000262022
0.000263691
0.000256062
0.000262976
0.000264168
0.000266075
0.000265837
0.000255108
0.000262499
0.000265360
0.000262022
0.000263691
0.000260353
0.000259638
0.000264168
0.000265837
0.000262737
0.000258446
0.000262976
0.000264406
0.000262260
0.000262737
0.000264645
0.000252962
0.000262499
0.000263691
0.000257015
0.000263214
0.000266552
0.000264883
0.000257492
0.000264406
0.000255346
0.000254869
0.000256538
0.000248909
0.000259876
0.000257730
0.000255823
0.000257254
0.000256538
0.000257730
0.000255823
0.000257254
0.000260115
0.000260592
0.000261784
0.000268936
0.000295877
0.000293016
0.000298500
0.000256062
0.000295401
0.000283241
0.000295639
0.000266552
0.000254631
0.000267029
0.000296593
0.000265837
0.000265360
0.000261307
0.000265598
0.000267982
0.000264406
0.000265837
0.000267029
0.000294209
0.000261068
0.000254869
0.000264883
0.000267982
0.000266552
0.000243664
0.000268221
0.000266790
0.000245333
0.000265598
0.000269413
0.000259638
0.000297308
0.000264645
0.000257254
0.000259399
0.000262737
0.000259638
0.000260830
0.000261784
0.000264883
0.000261784
0.000260830
0.000263929
0.000255585
0.000252962
0.000252247
0.000253677
0.000257254
0.000254393
0.000255108
0.000250101
0.000254154
0.000255346
0.000264645
0.000251293
0.000262260
0.000260353
0.000257730
0.000258684
0.000242949
0.000240326
0.000243187
0.000249386
0.000252962
0.000252247
0.000262499
0.000260830
0.000251055
0.000262499
0.000253677
0.000258207
0.000255823
0.000255585
0.000254154
0.000257015
0.000256300
0.000258446
0.000258684
0.000259399
0.000257015
0.000257730
0.000256538
0.000256777
0.000259876
0.000255823
0.000261545
0.000257254
0.000257254
0.000255585
0.000254631
0.000262737
0.000266314
0.000261545
0.000255346
0.000226736
0.000259638
0.000262737
0.000261545
0.000261545
0.000256300
0.000258684
0.000263691
0.000258207
0.000252962
0.000254154
0.000262499
0.000255823
0.000260353
0.000261307
0.000253677
0.000259161
0.000263691
0.000261784
0.000260353
0.000255823
0.000246286
0.000262499
0.000263929
0.000264883
0.000257730
0.000264406
0.000259638
0.000245094
0.000256300
0.000227928
0.000269651
0.000266790
0.000267267
0.000265121
0.000254869
0.000266790
0.000270128
0.000265598
0.000293732
0.000255585
0.000261545
0.000296116
0.000295162
0.000262737
0.000258684
0.000259638
0.000285149
0.000267744
0.000260353
0.000252247
0.000266314
0.000265837
0.000266314
0.000269413
0.000255108
0.000265837
0.000264406
0.000256538
0.000249386
0.000201702
0.000262260
0.000261545
0.000262737
0.000261068
0.000261545
0.000263691
0.000261307
0.000260353
0.000297785
0.000261784
0.000261307
0.000260115
0.000254869
0.000264406
0.000260353
0.000261068
0.000259399
0.000261068
0.000255823
0.000261068
0.000261307
0.000252485
0.000260353
0.000262022
0.000261784
0.000262022
0.000253201
0.000260830
0.000259876
0.000192881
0.000258446
0.000267982
0.000263214
0.000262499
0.000260830
0.000265360
0.000265121
0.000256300
0.000261545
0.000263214
0.000262022
0.000261545
0.000262976
0.000265837
0.000261545
0.000262022
0.000262976
0.000263214
0.000262022
0.000262022
0.000253439
0.000261784
0.000262976
0.000261068
0.000260592
0.000262022
0.000261307
0.000262260
0.000261784
0.000252008
0.000262737
0.000262022
0.000263691
0.000263214
0.000264645
0.000261784
0.000249386
0.000248194
0.000231266
0.000247002
0.000249386
0.000249386
0.000254393
0.000249386
0.000246763
0.000247955
0.000264645
0.000253439
0.000249147
0.000236273
0.000252008
0.000249386
0.000250101
0.000247240
0.000310659
0.000252008
0.000255585
0.000247240
0.000248671
0.000187635
0.000244856
0.000245810
0.000242710
0.000248671
0.000249863
0.000241995
0.000241995
0.000260592
0.000253677
0.000252724
0.000254631
0.000256062
0.000254393
0.000254869
0.000252724
0.000255346
0.000246286
0.000254393
0.000250578
0.000253201
0.000252962
0.000256300
0.000253677
0.000252724
0.000252962
0.000254869
0.000253677
0.000252962
0.000241041
0.000252247
0.000254631
0.000252485
0.000256300
0.000263453
0.000254869
0.000254154
0.000257492
0.000252724
0.000238180
0.000241041
0.000250101
0.000249624
0.000250340
0.000253677
0.000251532
0.000252724
0.000245094
0.000254393
0.000237942
0.000254393
0.000252962
0.000259161
0.000254154
0.000254631
0.000253201
0.000258923
0.000255346
0.000259399
0.000259161
0.000182629
0.000262499
0.000262499
0.000261068
0.000256777
0.000262499
0.000258923
0.000257254
0.000257015
0.000257730
0.000257254
0.000259161
0.000260115
0.000259638
0.000260353
0.000259399
0.000263929
0.000253916
0.000262022
0.000260830
0.000259638
0.000263929
0.000260592
0.000262976
0.000260592
0.000260830
0.000260115
0.000259638
0.000262976
0.000263691
0.000178099
0.000262022
0.000258684
0.000262022
0.000261545
0.000257730
0.000259876
0.000259876
0.000257969
0.000231266
0.000252247
0.000246286
0.000248432
0.000249147
0.000248909
0.000247717
0.000252962
0.000256300
0.000257254
0.000259161
0.000257254
0.000259638
0.000256300
0.000258684
0.000256300
0.000257015
0.000257254
0.000258207
0.000256538
0.000252247
0.000186443
0.000260353
0.000259638
0.000261784
0.000259876
0.000261307
0.000265598
0.000262499
0.000260830
0.000260115
0.000257969
0.000260592
0.000261784
0.000263691
0.000259876
0.000263691
0.000262499
0.000262499
0.000261068
0.000265121
0.000262737
0.000261784
0.000261068
0.000261307
0.000259876
0.000281334
