0.016723871
0.007537842
0.007772923
0.007676601
0.007591486
0.006637573
0.007569313
0.005969048
0.006120920
0.007668495
0.006743193
0.006406069
0.006500721
0.007649899
0.007596254
0.006659031
0.006647587
0.007524967
0.007562160
0.006545544
0.006814718
0.007669687
0.006796360
0.007558584
0.006542444
0.007570028
0.006457090
0.006475687
0.007577658
0.006536007
0.007621765
0.006511927
0.006578922
0.007623911
0.007748127
0.007666111
0.006589174
0.007683516
0.006513357
0.006764650
0.007604837
0.006523609
0.007676363
0.007629395
0.006501198
0.007672071
0.007622719
0.006566525
0.007630825
0.006525278
0.007643461
0.006574392
0.007567167
0.007622242
0.007589579
0.006563663
0.006586075
0.006630421
0.006647348
0.007522583
0.007609844
0.006551504
0.007622480
0.007640839
0.006552458
0.006536484
0.007651806
0.006550789
0.007586718
0.006657124
0.007597923
0.006577730
0.006536245
0.007643700
0.006541014
0.007680178
0.007593155
0.006598711
0.006632328
0.007631302
0.007581234
0.006528139
0.007763624
0.007661581
0.006492138
0.007731199
0.006613493
0.006487131
0.006557226
0.006520271
0.007642746
0.007616282
0.006644011
0.005975723
0.006547689
0.007642984
0.006547928
0.007643223
0.007558823
0.006607533
0.006025553
0.006081820
0.006001472
0.006154776
0.005990744
0.006135464
0.006002665
0.006100178
0.005957127
0.006097794
0.005973816
0.006081343
0.005973339
0.006137848
0.005959272
0.006098270
0.005983353
0.006202936
0.005980492
0.006092310
0.006021976
0.006073952
0.006058216
0.006111622
0.005953074
0.006123781
0.006046057
0.006037951
0.005923748
0.006104231
0.005988598
0.006077051
0.006011724
0.006054163
0.006021976
0.006234884
0.006008387
0.006094694
0.006105185
0.006098986
0.006196737
0.006096601
0.006024837
0.006036997
0.006010056
0.006098032
0.006006479
0.006134272
0.006098986
0.006216764
0.006087303
0.006134987
0.006037712
0.006163597
0.005991936
0.006224394
0.006218910
0.006790638
0.006011963
0.006177664
0.005978346
0.006049871
0.005995274
0.006110907
0.006093025
0.006111860
0.005974531
0.006238699
0.006001711
0.006093740
0.005965948
0.006045818
0.006001234
0.006056547
0.005959272
0.006136656
0.006051302
0.006071329
0.006179810
0.006073475
0.005983114
0.006171942
0.005944490
0.006247282
0.005990267
0.006275654
0.006084919
0.006090641
0.006040096
0.006176472
0.006040812
0.006235123
0.006056547
0.006256342
0.006007910
0.006084442
0.005994081
0.006115198
0.006022453
0.006104231
0.006103516
0.006104946
0.006052017
0.006081581
0.006049633
0.006101608
0.006062269
0.006170511
0.005999088
0.006092072
0.006085157
0.006160259
0.006075144
0.006132841
0.006015539
0.006116867
0.006148577
0.006105185
0.006090879
0.006108522
0.006053448
0.006105423
0.006024122
0.006128550
0.006064177
0.006174088
0.006045580
0.006121874
0.006002188
0.006035089
0.006051540
0.006135941
0.006022453
0.006127834
0.006051540
0.006188393
0.006099463
0.006202936
0.006036043
0.006203890
0.006030560
0.006157875
0.006043434
0.006154060
0.005999327
0.006064653
0.006033659
0.006220579
0.006021023
0.006113529
0.006037712
0.006094217
0.006187439
0.006139278
0.005978823
0.006047010
0.006087542
0.006132126
0.006040096
0.006108046
0.006131887
0.006087303
0.006003141
0.006107569
0.005989790
0.006096363
0.006011248
0.006115675
0.006024599
0.006090879
0.006006718
0.006087542
0.006007671
0.006129026
0.005990744
0.006137133
0.006026506
0.006167650
0.005986929
0.006251335
0.006042004
0.006096601
0.005995035
0.006192446
0.006159782
0.006135702
0.005998135
0.006209850
0.006021500
0.006112099
0.005987167
0.006103516
0.006050825
0.006138325
0.005986929
0.006138086
0.005998135
0.006129980
0.006024837
0.006132841
0.005968809
0.006094694
0.006052256
0.006103039
0.005976915
0.006115913
0.005990505
0.006978035
0.007343054
0.006187439
0.006748438
0.006946087
0.006871462
0.006944895
0.006849051
0.006941795
0.006851673
0.006306887
0.005862236
0.006065130
0.006084442
0.006081343
0.005989075
0.006068707
0.006014824
0.006182432
0.005957365
0.006175995
0.006039381
0.006050110
0.005955219
0.006113768
0.006029129
0.006120920
0.005999804
0.006068707
0.005999565
0.006248713
0.005995512
0.006094933
0.006023407
0.006100178
0.006159067
0.006092072
0.006056309
0.006219387
0.005973816
0.006092310
0.006050348
0.006178617
0.006073475
0.006168842
0.006027937
0.006137133
0.006042004
0.006178379
0.006008625
0.006071091
0.006002903
0.006197691
0.006078959
0.006187677
0.006015778
0.006116152
0.006068230
0.006178379
0.006154060
0.006088495
0.006048441
0.006294966
0.006015539
0.006166220
0.006036282
0.006134272
0.006094694
0.006128550
0.006072998
0.006106853
0.006074190
0.006075382
0.006163836
0.006244421
0.006031990
0.006165743
0.005938530
0.006166458
0.006000280
0.006251335
0.006095886
0.006143570
0.006002426
0.006172895
0.005952358
0.006085634
0.006061077
0.006160021
0.006028652
0.006061316
0.005987644
0.006069899
0.006006718
0.006106377
0.006044865
0.006135225
0.006027460
0.006047010
0.006055832
0.006072044
0.006069422
0.006097794
0.005980730
0.006057739
0.006045580
0.006176949
0.005976200
0.006095886
0.005990982
0.006053686
0.006006718
0.006148100
0.006103277
0.006078005
0.005949497
0.006124020
0.005985737
0.006157398
0.006776094
0.006903410
0.006768703
0.006902456
0.006792545
0.006893396
0.006869555
0.006916046
0.006791353
0.006922007
0.006757498
0.006893635
0.006762981
0.006922483
0.006804705
0.006911278
0.006792545
0.006891251
0.006777763
0.006876469
0.006765366
0.006908894
0.006755352
0.006918907
0.006770849
0.006894588
0.006842136
0.006875992
0.006078959
0.006097078
0.006019354
0.006080389
0.006017208
0.006196976
0.006024599
0.006246805
0.006178856
0.006080866
0.006011724
0.006076813
0.006020069
0.006093740
0.005980730
0.006108761
0.006019115
0.006192207
0.006043911
0.006238937
0.006010771
0.006181240
0.006023169
0.006108284
0.006248951
0.006163359
0.007485390
0.015770197
0.006056786
0.006196976
0.005963802
0.006140232
0.006095409
0.006080866
0.006097078
0.006151438
0.006035566
0.006069422
0.006026983
0.006024122
0.006000519
0.006139040
0.006078720
0.006142139
0.005940199
0.006105423
