0.011903524
0.001732111
0.001722813
0.001717329
0.001471996
0.001533031
0.001464128
0.001700640
0.001393795
0.001713037
0.001532316
0.001456499
0.001725912
0.001466990
0.001452923
0.001475573
0.001726389
0.001461506
0.001724482
0.001483679
0.001723051
0.001713753
0.001789808
0.001481056
0.001473665
0.001668692
0.001437902
0.001707554
0.001718760
0.001458168
0.001445293
0.001706362
0.001742363
0.001475573
0.001448631
0.001712322
0.001452923
0.001711130
0.001475573
0.001436949
0.001692295
0.001463652
0.001480341
0.001711845
0.001439810
0.001472473
0.001691580
0.001725435
0.001714468
0.001443624
0.001717806
0.001451969
0.001734734
0.001455545
0.001682758
0.001460552
0.001736879
0.001490831
0.001709938
0.001694202
0.001447678
0.001472473
0.001775742
0.001452923
0.001703262
0.001715183
0.001698494
0.001458168
0.001458645
0.001708746
0.001473427
0.001752377
0.001734018
0.001446962
0.001714468
0.001480103
0.001456261
0.001705885
0.001724005
0.001467228
0.001737356
0.001701117
0.001444817
0.001442432
0.001727343
0.001450777
0.001716137
0.001712799
0.001433134
0.001757622
0.001763105
0.001472235
0.001453400
0.001480818
0.001733780
0.001452923
0.001714468
0.001729250
0.001457691
0.001433611
0.001707554
0.001379013
0.001395226
0.001408339
0.001391649
0.001389980
0.001380920
0.001388311
0.001387119
0.001399755
0.001367092
0.001384020
0.001384974
0.001393795
0.001410007
0.001401424
0.001380444
0.001399755
0.001389980
0.001399994
0.001395464
0.001388311
0.001388311
0.001408815
0.001399517
0.001394272
0.001393318
0.001391172
0.001389027
0.001387835
0.001389265
0.001391172
0.001399755
0.001381397
0.001393318
0.001396418
0.001392365
0.001395226
0.001385450
0.001389027
0.001384735
0.001387119
0.001387358
0.001368523
0.001378775
0.001374006
0.001371861
0.001359224
0.001367807
0.001375437
0.001383066
0.001365662
0.001412630
0.001391411
0.001403809
0.001390457
0.001408339
0.001403570
0.001411676
0.001399040
0.001435757
0.001402378
0.001401424
0.001395226
0.001410961
0.001407146
0.001389742
0.001384497
0.001408100
0.001409769
0.001398325
0.001404762
0.001391888
0.001403809
0.001416445
0.001398325
0.001404762
0.001399040
0.001399755
0.001408100
0.001418114
0.001397133
0.001405716
0.001409531
0.001420736
0.001400709
0.001410246
0.001400232
0.001394749
0.001397133
0.001396418
0.001415014
0.001403093
0.001393318
0.001401186
0.001410007
0.001407623
0.001406193
0.001404762
0.001392126
0.001405954
0.001425028
0.001377821
0.001372576
0.001373053
0.001370668
0.001379728
0.001369953
0.001379967
0.001398563
0.001407862
0.001387835
0.001397848
0.001414299
0.001397133
0.001398325
0.001393795
0.001400709
0.001404762
0.001392126
0.001404047
0.001398563
0.001392126
0.001403809
0.001388311
0.001394510
0.001389503
0.001393557
0.001398802
0.001394510
0.001398563
0.001392603
0.001390457
0.001414299
0.001411676
0.001418114
0.001399279
0.001380920
0.001399994
0.001388311
0.001407862
0.001390219
0.001400709
0.001393318
0.001396656
0.001381874
0.001397371
0.001398563
0.001397848
0.001393318
0.001394749
0.001391172
0.001393557
0.001399517
0.001397610
0.001389503
0.001384020
0.001402140
0.001398087
0.001399517
0.001389742
0.001395464
0.001394749
0.001389742
0.001393080
0.001396418
0.001367092
0.001433611
0.001393557
0.001409292
0.001402617
0.001390696
0.001402855
0.001392603
0.001411200
0.001393080
0.001392365
0.001393795
0.001402140
0.001403809
0.001408100
0.001399517
0.001398087
0.001394033
0.001405478
0.001399517
0.001415014
0.001397848
0.001405001
0.001400232
0.001434803
0.001397371
0.001406908
0.001434565
0.001411438
0.001408577
0.001415491
0.001395941
0.001421690
0.001403570
0.001413822
0.001402617
0.001404047
0.001412392
0.001399517
0.001407146
0.001390219
0.001398802
0.001406193
0.001396894
0.001388073
0.001391888
0.001382828
0.001399040
0.001390457
0.001391888
0.001391172
0.001382589
0.001400948
0.001395226
0.001434088
0.001399994
0.001409531
0.001399755
0.001433134
0.001392841
0.001392365
0.001396418
0.001394510
0.001393557
0.001390457
0.001395702
0.001388788
0.001397371
0.001400232
0.001408100
0.001385450
0.001399517
0.001398563
0.001399517
0.001401663
0.001399040
0.001389980
0.001388311
0.001393318
0.001399755
0.001399040
0.001395941
0.001405478
0.001415014
0.001404762
0.001404285
0.001410723
0.001409292
0.001424074
0.001403570
0.001411915
0.001410961
0.001412392
0.001405954
0.001419783
0.001415491
0.001446962
0.001406908
0.001410007
0.001391649
0.001409769
0.001381636
0.001375198
0.001365185
0.001380920
0.001374960
0.001385927
0.001377821
0.001382828
0.001379013
0.001380444
0.001391888
0.001387358
0.001400232
0.001376629
0.001385450
0.001371145
0.001377583
0.001406670
0.001405478
0.001397848
0.001377583
0.001369476
0.001386166
0.001385450
0.001388073
0.001374960
0.001384497
0.001398087
0.001386881
0.001383781
0.001396418
0.001383781
0.001387835
0.001391649
0.001391888
0.001390219
0.001389980
0.001396656
0.001379251
0.001379967
0.001384974
0.001389742
0.001385212
0.001382351
0.001388550
0.001381874
0.001378298
0.001411438
0.001379967
0.001400232
0.001376152
0.001379967
0.001399040
0.001406908
0.001384735
0.001393318
0.001381397
0.001389503
0.001392365
0.001389027
0.001383543
0.001380205
0.001382589
0.001375675
0.001385450
0.001382351
0.001389503
0.001375675
0.001389503
0.001389503
0.001394987
0.001389742
0.001376152
0.001382589
0.001392126
0.001389503
0.001368284
0.001386881
0.001381397
0.001380444
0.001379490
0.001385212
0.001372337
0.001384735
0.001387119
0.001394033
0.001381159
0.001383543
0.001397848
0.001389742
0.001395464
0.001391411
0.001386166
0.001389503
0.001402855
0.001393080
0.001405001
0.001393557
0.001394987
0.001390219
0.001383781
0.001395702
0.001379490
0.001379728
0.001395702
0.001384258
0.001383066
0.001381874
0.001371861
0.001384735
0.001382113
0.001386404
0.001385450
0.001386642
0.001394510
0.001397848
0.001380205
0.001383066
0.001381874
0.001392603
0.001384020
0.001385450
0.001380444
0.001389503
0.001396418
0.001423836
0.001399279
0.001391649
0.001385689
0.001374006
0.001388788
0.001400948
0.001428843
