0.011592150
0.000965834
0.001009941
0.000918388
0.001038551
0.000939369
0.001065254
0.000884771
0.001050711
0.000912905
0.001050234
0.001051426
0.000931740
0.000913143
0.001042604
0.000918627
0.000885487
0.001048803
0.000901461
0.001047611
0.001047134
0.000866890
0.001044035
0.001031876
0.000917196
0.001058817
0.000913858
0.001035929
0.000915527
0.001037598
0.001048326
0.001046896
0.000935793
0.001047373
0.000915766
0.000916243
0.000915527
0.001046658
0.001037836
0.000938654
0.001124382
0.000916243
0.000913143
0.001019716
0.001029730
0.001064539
0.001003981
0.000916243
0.000915051
0.001039267
0.000911236
0.000904083
0.000855923
0.001055956
0.001017332
0.000902414
0.001028538
0.001029253
0.000876427
0.000925541
0.001035213
0.000913382
0.001027107
0.001029968
0.001033306
0.000881433
0.000922918
0.000904799
0.001025200
0.001034260
0.000908136
0.001025915
0.000878334
0.001056910
0.001043320
0.000877857
0.001040697
0.000913858
0.000888824
0.001054287
0.000900984
0.000896692
0.001029253
0.000876427
0.000905275
0.000906229
0.001051664
0.000899315
0.001032352
0.001025677
0.001031399
0.000901461
0.001034737
0.000921249
0.000906944
0.001010418
0.000908136
0.000876665
0.001038551
0.000909805
0.001040459
0.000827312
0.000879526
0.000872374
0.000874996
0.000877142
0.000873089
0.000868320
0.000881433
0.000859737
0.000856876
0.000860691
0.000873804
0.000865459
0.000866652
0.000860214
0.000881195
0.000884771
0.000869513
0.000876665
0.000875950
0.000875950
0.000862122
0.000870466
0.000861883
0.000880480
0.000888348
0.000872374
0.000880003
0.000876904
0.000877857
0.000869989
0.000877619
0.000872135
0.000869751
0.000876188
0.000841618
0.000872374
0.000840902
0.000871420
0.000880003
0.000823975
0.000824213
0.000866413
0.000856876
0.000840187
0.000816345
0.000875235
0.000859022
0.000880718
0.000870228
0.000875950
0.000868320
0.000864506
0.000880957
0.000863791
0.000873566
0.000871181
0.000852346
0.000894070
0.000871181
0.000873566
0.000881195
0.000861645
0.000877857
0.000869274
0.000877619
0.000812054
0.000895262
0.000881433
0.000877857
0.000884056
0.000877857
0.000865221
0.000871420
0.000859499
0.000890493
0.000865698
0.000878811
0.000863791
0.000870228
0.000850439
0.000878334
0.000868320
0.000830412
0.000858307
0.000897646
0.000889778
0.000891924
0.000892639
0.000869513
0.000881910
0.000846148
0.000883102
0.000891447
0.000861406
0.000873804
0.000868797
0.000865936
0.000865936
0.000817299
0.000862122
0.000880480
0.000879288
0.000881195
0.000877380
0.000866413
0.000846624
0.000873566
0.000867844
0.000877619
0.000861883
0.000891924
0.000871897
0.000888586
0.000861168
0.000866413
0.000862122
0.000854254
0.000864029
0.000861883
0.000868797
0.000836849
0.000880718
0.000885487
0.000869513
0.000865221
0.000822067
0.000867844
0.000887156
0.000834942
0.000882864
0.000873089
0.000868559
0.000891209
0.000879526
0.000869036
0.000843763
0.000871420
0.000859737
0.000812531
0.000859022
0.000859261
0.000882626
0.000869751
0.000879288
0.000862360
0.000864744
0.000885963
0.000808239
0.000866413
0.000861883
0.000880480
0.000885248
0.000863552
0.000857115
0.000884295
0.000873089
0.000891447
0.000889540
0.000888109
0.000896454
0.000874519
0.000872612
0.000899315
0.000859737
0.000895977
0.000875950
0.000892878
0.000896215
0.000866175
0.000865936
0.000838280
0.000846148
0.000892878
0.000898123
0.000891209
0.000878096
0.000893116
0.000891447
0.000884533
0.000892162
0.000879288
0.000889540
0.000890732
0.000805378
0.000894308
0.000832319
0.000892639
0.000901937
0.000875473
0.000888824
0.000837564
0.000886917
0.000899553
0.000874758
0.000895500
0.000816345
0.000894547
0.000892401
0.000865936
0.000897884
0.000831842
0.000887871
0.000896931
0.000855923
0.000869513
0.000827551
0.000881910
0.000863791
0.000872850
0.000885725
0.000832796
0.000884056
0.000892878
0.000882387
0.000885010
0.000822067
0.000860691
0.000886917
0.000861406
0.000886917
0.000845432
0.000879765
0.000880003
0.000852823
0.000853300
0.000851154
0.000854492
0.000840425
0.000854731
0.000855207
0.000862122
0.000859022
0.000884771
0.000857115
0.000859261
0.000855684
0.000856638
0.000855207
0.000880957
0.000856876
0.000881672
0.000861645
0.000861168
0.000851154
0.000864506
0.000871658
0.000871420
0.000858545
0.000878334
0.000879765
0.000874043
0.000892878
0.000862360
0.000870466
0.000873327
0.000884771
0.000868559
0.000862360
0.000849009
0.000874043
0.000871181
0.000828981
0.000878572
0.000876188
0.000894070
0.000865459
0.000867367
0.000879049
0.000869274
0.000877142
0.000883579
0.000851393
0.000866175
0.000867128
0.000867128
0.000867605
0.000838518
0.000863552
0.000871897
0.000871658
0.000870466
0.000864506
0.000898600
0.000840425
0.000895977
0.000895023
0.000827074
0.000845909
0.000865698
0.000857115
0.000862837
0.000833035
0.000878811
0.000841618
0.000863075
0.000865698
0.000850439
0.000856400
0.000897169
0.000888109
0.000862360
0.000871897
0.000860214
0.000886202
0.000865221
0.000883818
0.000873327
0.000848293
0.000863791
0.000865221
0.000861406
0.000840902
0.000864506
0.000869989
0.000867128
0.000867367
0.000855446
0.000882387
0.000880718
0.000862598
0.000869989
0.000868320
0.000866890
0.000861645
0.000863552
0.000881433
0.000887871
0.000798225
0.000869989
0.000866413
0.000879288
0.000868797
0.000860929
0.000863552
0.000871897
0.000888109
0.000888824
0.000888586
0.000863314
0.000867128
0.000866413
0.000823259
0.000866652
0.000882387
0.000873566
0.000820160
0.000877142
0.000863552
0.000864983
0.000893593
0.000876427
0.000885963
0.000885010
0.000866175
0.000874758
0.000888348
0.000889778
0.000888824
0.000889540
0.000877857
0.000889540
0.000839710
0.000868082
0.000866652
0.000848770
0.000856876
0.000863791
0.000885725
0.000867605
0.000854969
0.000864744
0.000891924
0.000866652
0.000857353
0.000880957
0.000864506
0.000870228
0.000867605
0.000827551
0.000827074
0.000895739
0.000869274
0.000865698
0.000867128
0.000832319
0.000873089
0.000892401
0.000865698
0.000869036
0.000856876
0.000862360
0.000890017
0.000882387
0.000886202
0.000868797
0.000847816
0.000861168
0.000838280
