0.000465155
0.000493526
0.000390291
0.000416994
0.000417471
0.000487566
0.000411272
0.000405073
0.000440359
0.000410080
0.000498772
0.000407696
0.000415564
0.000411034
0.000411272
0.000403643
0.000495672
0.000405788
0.000496387
0.000382185
0.000406265
0.000397205
0.000402689
0.000494719
0.000406265
0.000404358
0.000499487
0.000406027
0.000406981
0.000409365
0.000461817
0.000397921
0.000411034
0.000481844
0.000447750
0.000406027
0.000417233
0.000405312
0.000407696
0.000494957
0.000401735
0.000489950
0.000410318
0.000403404
0.000406742
0.000421047
0.000415564
0.000493526
0.000416279
0.000406027
0.000405788
0.000461578
0.000409842
0.000403166
0.000424147
0.000481844
0.000412703
0.000467539
0.000412941
0.000410318
0.000411034
0.000492334
0.000373840
0.000402451
0.000410080
0.000417233
0.000492573
0.000404835
0.000382900
0.000401020
0.000478745
0.000398636
0.000380278
0.000484467
0.000395536
0.000399828
0.000386238
0.000394344
0.000486374
0.000401020
0.000397205
0.000382662
0.000488520
0.000402451
0.000402927
0.000349998
0.000492096
0.000397682
0.000421524
0.000397921
0.000493288
0.000401020
0.000398397
0.000393152
0.000394344
0.000378370
0.000456572
0.000394583
0.000401258
0.000463486
0.000426292
0.000388384
0.000389338
0.000357151
0.000392199
0.000392914
0.000389576
0.000337124
0.000391722
0.000363588
0.000361919
0.000363111
0.000364542
0.000410795
0.000372648
0.000359058
0.000397205
0.000386715
0.000354052
0.000394344
0.000393391
0.000370979
0.000329971
0.000332594
0.000319004
0.000343800
0.000355244
0.000354528
0.000339746
0.000323057
0.000349283
0.000354528
0.000346184
0.000345230
0.000348806
0.000357151
0.000372648
0.000361919
0.000359058
0.000356674
0.000394821
0.000348330
0.000360012
0.000361204
0.000370741
0.000385523
0.000384092
0.000388145
0.000379324
0.000376225
0.000384092
0.000390053
0.000355005
0.000370979
0.000388861
0.000368357
0.000384569
0.000392437
0.000378370
0.000392675
0.000391006
0.000392675
0.000387192
0.000360250
0.000392199
0.000362396
0.000367165
0.000366211
0.000365496
0.000369787
0.000367641
0.000389814
0.000391960
0.000391960
0.000391960
0.000394583
0.000379801
0.000387192
0.000387669
0.000384331
0.000403643
0.000391722
0.000392199
0.000394821
0.000393629
0.000398636
0.000393629
0.000396490
0.000370026
0.000394344
0.000368118
0.000391006
0.000392199
0.000402212
0.000387907
0.000391483
0.000391960
0.000391960
0.000392675
0.000389814
0.000381231
0.000383377
0.000390053
0.000383854
0.000392437
0.000394106
0.000409365
0.000387669
0.000393391
0.000391245
0.000389814
0.000392914
0.000403643
0.000362158
0.000392199
0.000393152
0.000391245
0.000385046
0.000385046
0.000382185
0.000383615
0.000391006
0.000388384
0.000363588
0.000358343
0.000362158
0.000360727
0.000393152
0.000374079
0.000388861
0.000359774
0.000360966
0.000412226
0.000379086
0.000394344
0.000366449
0.000386238
0.000388145
0.000364780
0.000374556
0.000393152
0.000386953
0.000388861
0.000389338
0.000392914
0.000402927
0.000384092
0.000358820
0.000401020
0.000391245
0.000380516
0.000382185
0.000379324
0.000377893
0.000387430
0.000382662
0.000388145
0.000341177
0.000392675
0.000382900
0.000324965
0.000392437
0.000388861
0.000382423
0.000390053
0.000363350
0.000375032
0.000388622
0.000390053
0.000388145
0.000389814
0.000375271
0.000352621
0.000333548
0.000390053
0.000388145
0.000392199
0.000388384
0.000386953
0.000386238
0.000391960
0.000389099
0.000387669
0.000386953
0.000387669
0.000411510
0.000371695
0.000387669
0.000394106
0.000393391
0.000391483
0.000394583
0.000393867
0.000390053
0.000392437
0.000389099
0.000383377
0.000387669
0.000398636
0.000386715
0.000386953
0.000392914
0.000370026
0.000365734
0.000370979
0.000381470
0.000379086
0.000386238
0.000389576
0.000387669
0.000394583
0.000404835
0.000385284
0.000400066
0.000386477
0.000394106
0.000392675
0.000390530
0.000391006
0.000385046
0.000391483
0.000382900
0.000392675
0.000388622
0.000391960
0.000387669
0.000370979
0.000383615
0.000388861
0.000360012
0.000383854
0.000387669
0.000390530
0.000384808
0.000382423
0.000382423
0.000362635
0.000387669
0.000387669
0.000386238
0.000360250
0.000392199
0.000371456
0.000386000
0.000374556
0.000388145
0.000387669
0.000386477
0.000386477
0.000359774
0.000387907
0.000384808
0.000390053
0.000385523
0.000389576
0.000384092
0.000385284
0.000387907
0.000386715
0.000386953
0.000356913
0.000384808
0.000372887
0.000383139
0.000382900
0.000388861
0.000389099
0.000372887
0.000389099
0.000383377
0.000386953
0.000384808
0.000365496
0.000386000
0.000386953
0.000384808
0.000388145
0.000383854
0.000387192
0.000384569
0.000368118
0.000387430
0.000386953
0.000384569
0.000385523
0.000397921
0.000387430
0.000385523
0.000383854
0.000385046
0.000362635
0.000385761
0.000365257
0.000338554
0.000385761
0.000380754
0.000383139
0.000385284
0.000366688
0.000385284
0.000390053
0.000386238
0.000383615
0.000366688
0.000386477
0.000388622
0.000384092
0.000379801
0.000377893
0.000356436
0.000384331
0.000394821
0.000384092
0.000385523
0.000390768
0.000386477
0.000385284
0.000389814
0.000387430
0.000387907
0.000359535
0.000383854
0.000384331
0.000382662
0.000387192
0.000382662
0.000395775
0.000387430
0.000380754
0.000391960
0.000386238
0.000370502
0.000382185
0.000389814
0.000363350
0.000357628
0.000387192
0.000393867
0.000388145
0.000386953
0.000389099
0.000372410
0.000363111
0.000360012
0.000370979
0.000386238
0.000394106
0.000389338
0.000384331
0.000385523
0.000363588
0.000389814
0.000387430
0.000738859
0.000379801
0.000384808
0.000383377
0.000388861
0.000388622
0.000397682
0.000385046
0.000381708
0.000386000
0.000388145
0.000385284
0.000385046
0.000387430
0.000386000
0.000388861
0.000386000
0.000384331
0.000386238
0.000386238
0.000358343
0.000382900
0.000383615
0.000391483
0.000344992
0.000389099
0.000387430
0.000345469
0.000384808
0.000388622
0.000388145
0.000388384
0.000379324
0.000387669
0.000391006
0.000384331
0.000387430
0.000386000
0.000381947
0.000385523
0.000383854
0.000373602
0.000386953
0.000390768
0.000386715
0.000396490
0.000364542
