0.000299931
0.000406265
0.000314236
0.000324488
0.000325680
0.000329494
0.000407219
0.000327110
0.000327110
0.000327349
0.000329971
0.000306129
0.000327110
0.000308752
0.000403643
0.000319004
0.000325680
0.000329256
0.000324726
0.000406027
0.000337124
0.000326157
0.000312090
0.000324965
0.000331402
0.000406981
0.000323057
0.000325918
0.000325918
0.000311613
0.000296831
0.000364780
0.000299692
0.000315428
0.000311136
0.000342846
0.000403881
0.000318527
0.000311852
0.000276089
0.000315905
0.000397444
0.000316381
0.000296593
0.000344515
0.000279903
0.000313282
0.000395536
0.000316143
0.000334501
0.000328064
0.000311613
0.000325918
0.000317335
0.000318766
0.000375509
0.000317097
0.000318050
0.000317097
0.000402927
0.000322580
0.000325441
0.000311136
0.000347376
0.000391722
0.000310659
0.000319719
0.000324488
0.000321388
0.000318766
0.000385046
0.000324965
0.000319004
0.000329256
0.000322580
0.000322819
0.000393867
0.000324249
0.000332832
0.000321865
0.000317097
0.000325203
0.000398874
0.000315905
0.000322819
0.000322342
0.000324011
0.000325918
0.000319004
0.000322104
0.000320435
0.000402689
0.000329494
0.000318766
0.000324011
0.000291824
0.000388622
0.000316858
0.000323057
0.000322104
0.000326395
0.000319481
0.000321627
0.000319958
0.000317574
0.000317097
0.000314713
0.000327826
0.000319242
0.000310659
0.000307083
0.000321150
0.000326633
0.000316858
0.000318289
0.000315189
0.000310898
0.000310421
0.000329494
0.000319481
0.000315428
0.000299215
0.000334501
0.000333548
0.000318527
0.000316143
0.000320196
0.000321627
0.000320196
0.000321627
0.000322104
0.000305176
0.000312328
0.000309467
0.000327110
0.000316381
0.000322819
0.000319481
0.000336647
0.000319242
0.000321865
0.000323772
0.000322580
0.000317335
0.000315905
0.000327587
0.000324011
0.000329256
0.000319958
0.000322819
0.000322104
0.000328302
0.000327826
0.000332117
0.000322342
0.000313997
0.000321388
0.000298500
0.000322580
0.000325203
0.000313282
0.000334263
0.000324488
0.000328064
0.000329733
0.000324488
0.000326157
0.000328541
0.000328779
0.000331163
0.000326395
0.000325680
0.000326633
0.000322819
0.000322819
0.000325918
0.000328302
0.000323296
0.000326395
0.000324011
0.000323296
0.000323057
0.000320911
0.000326395
0.000336647
0.000322819
0.000322580
0.000313997
0.000329256
0.000324249
0.000327587
0.000324488
0.000325680
0.000325441
0.000332117
0.000323057
0.000308752
0.000327826
0.000318289
0.000336647
0.000330448
0.000333309
0.000316620
0.000314951
0.000321150
0.000314474
0.000288963
0.000305414
0.000324965
0.000313282
0.000320673
0.000319004
0.000320435
0.000315666
0.000321150
0.000336170
0.000323057
0.000303745
0.000306129
0.000316381
0.000314951
0.000304699
0.000320196
0.000319719
0.000319242
0.000318289
0.000315428
0.000309229
0.000321627
0.000328302
0.000338554
0.000319958
0.000324249
0.000321388
0.000322819
0.000320673
0.000316620
0.000320196
0.000326157
0.000315905
0.000321150
0.000316620
0.000320911
0.000314474
0.000322104
0.000319004
0.000318289
0.000304222
0.000319719
0.000316858
0.000322342
0.000316143
0.000321865
0.000314713
0.000312805
0.000329256
0.000323057
0.000322342
0.000327826
0.000339031
0.000321150
0.000323772
0.000322104
0.000315905
0.000325918
0.000328302
0.000324488
0.000326395
0.000323534
0.000322580
0.000324249
0.000323057
0.000317812
0.000313997
0.000332117
0.000317335
0.000312090
0.000303984
0.000314474
0.000324488
0.000317335
0.000292778
0.000317097
0.000319242
0.000319481
0.000319481
0.000318289
0.000319481
0.000324249
0.000328064
0.000304461
0.000314713
0.000318766
0.000319719
0.000317335
0.000314236
0.000315666
0.000316381
0.000326633
0.000299215
0.000317812
0.000320196
0.000321627
0.000319719
0.000327826
0.000305414
0.000318289
0.000320673
0.000328064
0.000313520
0.000308990
0.000307083
0.000313282
0.000311375
0.000313759
0.000311375
0.000312805
0.000305176
0.000310898
0.000309706
0.000306845
0.000312805
0.000307083
0.000301361
0.000298500
0.000316381
0.000352383
0.000310659
0.000303507
0.000303984
0.000310898
0.000351429
0.000308752
0.000300169
0.000320435
0.000314474
0.000304222
0.000314236
0.000319481
0.000314474
0.000311852
0.000316620
0.000339031
0.000310659
0.000316143
0.000308037
0.000310183
0.000309706
0.000338554
0.000330448
0.000321388
0.000326633
0.000338793
0.000306845
0.000311136
0.000352621
0.000351191
0.000316620
0.000338793
0.000312567
0.000349998
0.000337601
0.000311613
0.000312805
0.000318766
0.000302315
0.000352383
0.000319242
0.000318766
0.000349760
0.000356913
0.000307083
0.000308990
0.000319242
0.000316143
0.000306606
0.000314474
0.000310421
0.000309467
0.000305414
0.000345707
0.000303030
0.000306129
0.000346661
0.000324726
0.000304222
0.000349522
0.000303268
0.000307083
0.000306368
0.000303745
0.000304461
0.000290394
0.000346899
0.000351191
0.000346899
0.000352621
0.000311136
0.000310659
0.000344992
0.000347137
0.000348568
0.000342607
0.000304699
0.000346422
0.000344515
0.000303745
0.000297070
0.000303745
0.000349998
0.000303268
0.000341892
0.000307798
0.000304222
0.000306368
0.000319004
0.000354052
0.000303030
0.000304699
0.000314951
0.000298738
0.000347853
0.000310183
0.000288486
0.000325680
0.000326872
0.000356674
0.000316858
0.000295401
0.000321388
0.000308275
0.000350475
0.000312567
0.000326395
0.000314474
0.000311852
0.000316381
0.000311852
0.000327110
0.000311613
0.000311613
0.000313997
0.000310421
0.000310898
0.000330925
0.000306368
0.000317097
0.000313044
0.000312567
0.000308275
0.000306606
0.000314951
0.000310183
0.000309944
0.000311136
0.000312567
0.000314236
0.000312567
0.000318050
0.000315428
0.000312805
0.000312328
0.000309229
0.000309706
0.000301600
0.000313520
0.000317574
0.000319719
0.000313282
0.000283480
0.000296354
0.000299215
0.000286818
0.000315189
0.000311852
0.000286579
0.000347853
0.000296593
0.000299931
0.000309229
0.000277042
0.000291348
0.000309467
0.000275373
0.000293255
0.000294447
0.000281096
0.000282526
0.000276566
0.000303030
0.000314236
0.000496864
0.000295401
0.000318527
0.000298500
0.000302315
0.000340462
0.000329256
0.000321388
0.000283957
