0.000337124
0.000301123
0.000298738
0.000298500
0.000370741
0.000300646
0.000300646
0.000276089
0.000295162
0.000292778
0.000297546
0.000300646
0.000362873
0.000296593
0.000294685
0.000299692
0.000293255
0.000299215
0.000307560
0.000304937
0.000287056
0.000278950
0.000283718
0.000371456
0.000275850
0.000301600
0.000297308
0.000298262
0.000339508
0.000267744
0.000289917
0.000256777
0.000299454
0.000370502
0.000285864
0.000271082
0.000318527
0.000298023
0.000299692
0.000291586
0.000310183
0.000353575
0.000297546
0.000302553
0.000303268
0.000301361
0.000300646
0.000310659
0.000284672
0.000298738
0.000306606
0.000367641
0.000299454
0.000302076
0.000299215
0.000265360
0.000290871
0.000301361
0.000276327
0.000302553
0.000301600
0.000303030
0.000286102
0.000302553
0.000304461
0.000367880
0.000302076
0.000314713
0.000299692
0.000293493
0.000445843
0.000273943
0.000289917
0.000303984
0.000585318
0.000292301
0.000297070
0.000304461
0.000306129
0.000300884
0.000303507
0.000293016
0.000297308
0.000330448
0.000296116
0.000302792
0.000289440
0.000300646
0.000301600
0.000264645
0.000290871
0.000342846
0.000301123
0.000298738
0.000283241
0.000295401
0.000295401
0.000298738
0.000270128
0.000291109
0.000289202
0.000293493
0.000299215
0.000298023
0.000298738
0.000286341
0.000284195
0.000293493
0.000297785
0.000297070
0.000300169
0.000268698
0.000275612
0.000282526
0.000326633
0.000283003
0.000281572
0.000273705
0.000275135
0.000279427
