0.000252485
0.000254393
0.000263214
0.000268459
0.000247717
0.000976086
0.000279903
0.000289202
0.000311852
0.001666307
0.000288725
0.000540018
0.010324717
0.000285149
0.000278950
0.000276327
0.000283957
0.000272751
0.000291348
0.000271797
0.000276327
0.000233412
0.000239372
0.000259876
0.000239849
0.000266075
0.000243425
0.000250340
0.000261545
0.000240088
0.000266790
0.000254154
0.000254631
0.000203133
0.000264406
0.000283718
0.000233889
0.000392437
0.000249863
0.000280142
0.000262260
0.000247955
0.000270128
0.000269890
0.000247478
0.000256538
0.000237703
0.000272751
0.000247955
0.000255585
0.000203371
0.000240326
0.000261068
0.000267982
0.000266790
0.000272512
0.000958681
0.000241041
0.000259161
0.000258446
0.000249863
0.000264883
0.000260353
0.000267744
0.000238657
0.000233889
0.000521421
0.000243902
0.000226498
0.000256777
0.000266552
0.000248194
0.000257015
0.000253677
0.000261307
0.000819921
0.000233889
0.000249147
0.000226021
0.000193834
0.000269890
0.000260353
0.000225306
0.000741243
0.000243425
0.000248909
0.000254631
0.000216484
0.000222445
0.000229120
0.000237942
0.000258923
0.000266314
0.000259876
0.000266075
0.000258923
0.000267029
0.000262976
0.000267267
0.000276566
0.000788450
0.000237942
0.000243425
0.000236273
0.000501871
0.000241756
0.000234127
0.000254631
0.000261307
0.000222683
0.000260115
0.000247717
0.000240326
0.000266790
0.000273466
0.000262976
0.000271320
0.000268221
0.000277042
0.000262737
