0.011622429
0.000993252
0.001062393
0.000909090
0.001042604
0.001073122
0.001059055
0.000912905
0.001062632
0.000913382
0.000906229
0.001038551
0.001061440
0.000915051
0.000893593
0.001063585
0.001036167
0.000908613
0.000862360
0.001067162
0.001010895
0.001060724
0.000894547
0.001059532
0.000898838
0.001094341
0.000905514
0.001056194
0.000913858
0.001055241
0.000911713
0.000873327
0.001039267
0.001054525
0.000908375
0.001055241
0.001058102
0.001058578
0.000870705
0.001073599
0.001063585
0.000915527
0.000910044
0.001051426
0.001040936
0.011221886
0.001052380
0.000900269
0.001021862
0.001366854
0.000911236
0.000891924
0.001084566
0.001055956
0.000934601
0.000909567
0.001060963
0.001055956
0.000866890
0.000920534
0.000913143
0.001060486
0.001033783
0.000910282
0.001087189
0.001008749
0.001072168
0.000905991
0.000908852
0.000887394
0.000914812
0.001037121
0.001027346
0.000911951
0.000880241
0.001052856
0.000910044
0.000873089
0.001057863
0.001034498
0.000895977
0.001048565
0.000956774
0.001057625
0.000874996
0.001059294
0.000894547
0.001047134
0.000913858
0.000906706
0.001060247
0.001051188
0.001060247
0.000912905
0.001073122
0.000914097
0.001074076
0.001067400
0.000911474
0.000904560
0.000905514
0.000915289
0.000872374
0.000859261
0.000877857
0.000883341
0.000879049
0.000882387
0.000859976
0.011134624
0.000872850
0.000863791
0.000877380
0.000865221
0.000877619
0.000858784
0.000848532
0.000843525
0.000880957
0.000867367
