0.085922480
0.000249386
0.000259161
0.000255823
0.000257492
0.000260353
0.000257015
0.000259876
0.000272036
0.000214100
0.000267744
0.000240564
0.000175714
0.000261784
0.000261068
0.000258207
0.000261068
0.000237703
0.000239611
0.000567675
0.000238180
0.000268221
0.000259399
0.000257015
0.000260592
0.000270367
0.000260353
0.000260353
0.000284195
0.000259638
0.000259638
0.000261068
0.000262499
0.000258446
0.000259876
0.000311613
0.000284195
0.000242472
0.000256300
0.000260115
0.000255585
0.000265837
0.000264883
0.000255823
0.000279665
0.000229597
0.000258446
0.000229359
0.000241995
0.000260830
0.000294447
0.000258446
0.000262737
0.000262737
0.000257492
0.000260115
0.000259638
0.000266552
0.000259399
0.000260592
0.000261545
0.000259161
0.000258446
0.000258923
0.000260353
0.000261068
0.000260592
0.000271320
0.000267506
0.000258684
0.000262499
0.000260830
0.000258923
0.000258684
0.000256300
0.000259399
0.000263214
0.000260830
0.000261307
0.000256300
0.000260353
0.000261068
0.000263691
0.000262022
0.000258923
0.000263453
0.000271559
0.000257254
0.000259399
0.000255585
0.000257254
0.000258207
0.000259161
0.000260115
0.000255823
0.000261307
0.000258923
0.000270605
0.000273943
0.000262260
0.000264645
0.000264645
0.000264406
0.000263929
0.000265598
0.000263691
0.000264168
0.000265121
0.000265837
0.000263929
0.000265360
0.000263214
0.000261068
0.000268698
0.000264883
0.000265837
0.000266075
0.000263691
0.000262976
0.000252962
