0.012063980
0.001725912
0.001473188
0.001721382
0.001729250
0.001468420
0.001471758
0.001759768
0.001728058
0.001467943
0.001730919
0.001787424
0.001711130
0.001471043
0.001466751
0.001823664
0.001732349
0.001568794
0.001727343
0.001464367
0.001477718
0.001756191
0.001461983
0.001721144
0.001732588
0.001734495
0.001464605
0.001480818
0.001739740
0.001486063
0.001489401
0.001473665
0.001725435
0.001776695
0.001759529
0.001445293
0.001709700
0.001472473
0.001482010
0.001509190
0.001464844
0.001726389
0.001460075
0.001765013
0.001479387
0.001454592
0.001724482
0.001468658
0.001734972
0.001725912
0.001455784
0.001727819
0.001758575
0.001482487
0.001768827
0.001466036
0.001522779
0.001523972
0.001746655
0.001736641
0.001727104
0.001425743
0.001469135
0.001562119
0.001716375
0.001460075
0.001741171
0.001414061
0.001731634
0.001442671
0.001500845
0.001495600
0.001738787
0.001443863
0.001726389
0.001757383
0.001490355
0.001475573
0.001723766
0.001474857
0.001472950
0.001730680
0.001525640
0.001718283
0.001722574
0.001489162
0.001797915
0.001713037
0.001470804
0.001738071
0.001478434
0.001457930
0.001735449
0.001705647
0.001747847
0.001459360
0.001725912
0.001472235
0.001743078
0.001487255
0.001508713
0.001435041
0.001392841
0.001390934
0.001403570
0.001417875
0.001400948
0.001406193
0.001405716
0.001392365
0.001394510
0.001414061
0.001397371
0.001407623
0.001382351
0.001394033
0.001422882
0.012428999
0.001405239
0.001424789
