0.000279903
0.000260353
0.000270605
0.000330448
0.000283003
0.000271320
0.000268936
0.000272751
0.000271559
0.000258923
0.000267982
0.000273705
0.000351906
0.000239849
0.000236034
0.000799417
0.000274897
0.000217915
0.000233889
0.000233173
0.000232220
0.000255585
0.000268459
0.000260830
0.000687361
0.000837564
0.000248194
0.000239134
0.000236750
0.000241041
0.000226498
0.000249624
0.000233650
0.000238657
0.000257730
0.000415564
0.000244617
0.000252962
0.000251293
0.000242710
0.000260592
0.000266790
0.000258684
0.000254869
0.000266790
0.000267267
0.000257015
0.000246763
0.000243902
0.000254869
0.000833273
0.000265121
0.000242710
0.000266552
0.000259399
0.000249863
0.000241518
0.000235796
0.000254393
0.000262260
0.000264645
0.000254869
0.000251055
0.000269890
0.000863791
0.000253439
0.000252962
0.000253677
0.000263929
0.000253439
0.000257015
0.000251532
0.000233650
0.000228882
0.000271082
0.000250340
0.000252008
0.000273705
0.000266552
0.000252247
0.000257492
0.000254631
0.000233650
0.000264406
0.000268698
0.000272036
0.000266790
0.000268936
0.000272512
0.000266552
0.000249386
0.000276566
0.000246763
0.000239849
0.000263214
0.000242233
0.000248909
0.000270128
0.000255585
0.000232220
0.000262499
0.000247002
0.000266075
0.000267982
0.000266314
0.000241041
0.000264883
0.000266552
0.000272751
0.000256777
0.000250816
0.000258684
0.000253201
0.000208616
0.000256777
0.000241280
0.000262022
0.000266552
0.000246525
0.000253201
