0.000338078
0.000282288
0.000289679
0.000275135
0.000285149
0.000287294
0.000290871
0.000287056
0.000281096
0.000267029
0.000271559
0.000295162
0.000283241
0.000266790
0.000285864
0.000283480
0.000266314
0.000259876
0.000342846
0.000287056
0.000287056
0.000285387
0.000278234
0.000285387
0.000280142
0.000286818
0.000298977
0.000288010
0.000272989
0.000270605
0.000284672
0.000285864
0.000285625
0.000285149
0.000286579
0.000337362
0.000284672
0.000283480
0.000325680
0.000283480
0.000282764
0.000288725
0.000293016
0.000278473
0.000286341
0.000285625
0.000281096
0.000280857
0.000287294
0.000283957
0.000279427
0.000282288
0.000308037
0.000348091
0.000286341
0.000287771
0.000276089
0.000287771
0.000297308
0.000286579
0.000275135
0.000290871
0.000288725
0.000262499
0.000284910
0.000287533
0.000293255
0.000288963
0.000283957
0.000346422
0.000282764
0.000287056
0.000284195
0.000285864
0.000285625
0.000282764
0.000296354
0.000285625
0.000284433
0.000282049
0.000282288
0.000281811
0.000286818
0.000277996
0.000266552
0.000352859
0.000285387
0.000283718
0.000291109
0.000283480
0.000283957
0.000272989
0.000283957
0.000267744
0.000283957
0.000286341
0.000286102
0.000278234
0.000281334
0.000279903
0.000280142
0.000274420
0.000275612
0.000284195
0.000282288
0.000275850
0.000285864
0.000297308
0.000281096
0.000296831
0.000278711
0.000310421
0.000282526
0.000264168
0.000283241
0.000297546
0.000281334
0.000276804
0.000283003
0.000283003
