0.000262976
0.000694275
0.000280857
0.000275373
0.000281572
0.000279427
0.000280142
0.000279427
0.000280142
0.000339508
0.000279665
0.000277996
0.000268459
0.000280857
0.000269413
0.000280142
0.000270605
0.000277996
0.000286102
0.000276804
0.000278473
0.000277042
0.000279427
0.000277281
0.000276804
0.000278950
0.000277758
0.000275373
0.000278234
0.000280857
0.000276804
0.000277281
0.000288248
0.000280380
0.000290155
0.000279903
0.000273943
0.000285625
0.000278711
0.000278234
0.000270367
0.000267506
0.000276566
0.000336409
0.000277758
0.000277758
0.000299215
0.000271082
0.000269175
0.000275135
0.000276327
0.000290394
0.000264168
0.000275373
0.000278950
0.000276089
0.000278234
0.000271082
0.000281811
0.000280619
0.000276804
0.000279903
0.000275612
0.000278234
0.000276089
0.000276566
0.000285149
0.000274897
0.000293016
0.000279188
0.000257015
0.000269413
0.000280857
0.000277996
0.000338554
0.000281096
0.000280619
0.000278473
0.000276566
0.000278950
0.000279665
0.000278950
0.000278711
0.000276566
0.000297785
0.000293255
0.000284195
0.000267506
0.000282049
0.000283241
0.000282764
0.000280380
0.000278234
0.000276566
0.000275612
0.000280619
0.000279188
0.000276804
0.000277996
0.000282049
0.000277042
0.000281811
0.000288725
0.000268459
0.000277281
0.000278950
0.000276804
0.000276566
0.000276566
0.000277281
0.000275850
0.000278711
0.000267267
0.000258923
0.000266314
0.000269413
0.000278473
0.000273943
0.000289917
0.000281096
