0.016540051
0.007632494
0.006556273
0.007605076
0.007709026
0.007561445
0.007689476
0.006534576
0.007578850
0.007538080
0.006579161
0.006482601
0.006625891
0.007705450
0.007620335
0.007678509
0.006587744
0.007884264
0.006649256
0.007742643
0.006592512
0.007620335
0.007555246
0.007804394
0.006664753
0.006883860
0.015797615
0.006659985
0.007601023
0.006611824
0.007593870
0.006529093
0.007723808
0.006633043
0.007715702
0.006571293
0.006508350
0.007754803
0.014664650
0.007620096
0.006580830
0.006608009
0.007758141
0.007721901
0.006633282
0.006557465
0.007635355
0.007714987
0.007673264
0.007627726
0.006583214
0.006584644
0.007766247
0.006596327
0.007565498
0.006583452
0.007637739
0.006084681
0.006703377
0.007635117
0.006640673
0.015917778
0.007808685
0.006955147
0.007645845
0.007719755
0.006500483
0.007913113
0.006591558
0.006583929
0.006624460
0.007787228
0.007939816
0.007593155
0.006586313
0.006560087
0.007627249
0.007761240
0.006509066
0.007631063
0.007644176
0.015668869
0.006676197
0.006511450
0.006556988
0.007631540
0.006530285
0.006635189
0.007630110
0.007559776
0.006526470
0.006525993
0.007686138
0.006551266
0.007593393
0.007563591
0.007626295
0.007627249
0.006521225
0.006540060
0.007591009
0.006012201
0.005990505
0.006011486
0.014547825
0.006026030
0.006042719
0.006032705
0.005990744
0.014643669
0.006045818
0.006173849
0.006052494
0.006003857
0.006008863
0.006015062
0.006026506
0.006059170
0.006090403
0.006112099
