0.000246763
0.000259876
0.000263453
0.000264645
0.000262499
0.000264883
0.000261784
0.000267267
0.000268459
0.000253201
0.000269651
0.000265360
0.000265837
0.000265598
0.000257969
0.000268221
0.000258923
0.000256777
0.000268459
0.000262260
0.000265360
0.000270844
0.000263214
0.000265837
0.000267267
0.000274658
0.000267744
0.000267744
0.000266314
0.000269890
0.000264168
0.000271082
0.000258446
0.000269413
0.000257969
0.000258446
0.000279427
0.000269651
0.000267744
0.000268221
0.000269175
0.000260592
0.000269413
0.000268936
0.000267982
0.000261545
0.000260830
0.000260353
0.000271559
0.000275850
0.000264168
0.000267506
0.000266314
0.000280619
0.000266790
0.000266314
0.000266075
0.000267029
0.000269413
0.000261068
0.000266790
0.000270128
0.000264645
0.000266552
0.000267029
0.000267744
0.000267982
0.000267267
0.000256777
0.000262737
0.000280857
0.000264406
0.000268221
0.000264406
0.000263214
0.000267267
0.000263929
0.000264883
0.000264406
0.000267982
0.000268698
0.000265837
0.000264168
0.000267267
0.000267982
0.000264883
0.000261545
0.000267267
0.000262022
0.000267029
0.000269651
0.000264406
0.000268221
0.000267506
0.000261307
0.000259161
0.000266314
0.000266075
0.000267267
0.000264883
0.000269413
0.000265598
0.000265121
0.000266552
0.000279427
0.000266314
0.000260830
0.000266075
0.000265121
0.000264406
0.000267029
0.000269175
0.000263453
0.000257969
0.000275373
0.000253916
0.000266552
0.000256300
0.000261545
0.000249863
