0.013604403
0.003484726
0.003579140
0.003764153
0.002918482
0.002915621
0.003560305
0.002910376
0.003534794
0.003509283
0.003530264
0.003515720
0.002947330
0.002927065
0.002947330
0.003529072
0.002923489
0.003479242
0.003532171
0.003472805
0.003528118
0.002896786
0.002916574
0.002946138
0.003538370
0.003508806
0.003593445
0.002963781
0.002944231
0.002865553
0.003541470
0.002891302
0.003035069
0.003502846
0.003643513
0.003542662
0.002974987
0.002977848
0.003564596
0.002930403
0.002962589
0.003552914
0.002931833
0.012676001
0.002997160
0.003508568
0.003552437
0.002902031
0.002903223
0.003527641
0.003574610
0.003580332
0.003567696
0.003525972
0.002940416
0.002926826
0.003563643
0.002952814
0.003546000
0.002919197
0.003538132
0.002906799
0.003530025
0.003027678
0.002912045
0.003515720
0.002901316
0.002959728
0.003504515
0.002948523
0.003551006
0.003520012
0.003534317
0.002939224
0.002903700
0.003531218
0.002883673
0.013086319
0.003528833
0.002935886
0.002914429
0.002904892
0.003035784
0.003532648
0.003535748
0.003529787
0.002925396
0.003555536
0.003031731
0.002966404
0.002912998
0.003661633
0.003499985
0.003016472
0.003498316
0.002910137
0.003576517
0.002951145
0.003525257
0.002887249
0.003545046
0.002762079
0.002768517
0.002807140
0.002765656
0.002777576
0.002780676
0.002755880
0.002792597
0.002779007
0.002756357
0.002741098
0.002736330
0.002782345
0.002739906
0.002748251
0.002750874
0.002738953
0.002756834
0.002815723
