0.000490665
0.000498295
0.000385046
0.000499249
0.000387430
0.000377178
0.000377893
0.000463963
0.000431299
0.000377417
0.000375032
0.000497818
0.000392437
0.000400543
0.000393152
0.000452280
0.000396967
0.000379324
0.000381231
0.000482559
0.000383377
0.000373840
0.000469923
0.000402689
0.000419140
0.000355244
0.000405550
0.000383854
0.000399113
0.000373602
0.000486851
0.000362396
0.000484228
0.000403643
0.000384092
0.000377417
0.000380039
0.000375271
0.000478268
0.000372648
0.000364780
0.000385761
0.000454187
0.000378609
0.000379801
0.000353813
0.000502110
0.000366688
0.000388384
0.000405550
0.000555754
0.000402212
0.000407219
0.000407219
0.000482321
0.000382185
0.000348330
0.000340462
0.001080751
0.001756907
0.000411272
0.000396967
0.000372171
0.000503063
0.000411272
0.000413895
0.000474691
0.000361681
0.000371933
0.000382662
0.000487328
0.000368357
0.000378847
0.000511885
0.000401020
0.000375509
0.000379801
0.000358105
0.000503063
0.000374794
0.000373125
0.000425339
0.000477791
0.000400305
0.000405073
0.000498533
0.000379086
0.000388384
0.000382423
0.000378609
0.000377893
0.000483990
0.000397921
0.000381231
0.000500679
0.000373125
0.000380516
0.000378370
0.000387430
0.000478268
0.000380993
0.000365734
0.000387669
0.000379086
0.000383615
0.000422716
0.000365019
0.000382662
0.000375509
0.000425100
0.000479937
0.000391960
0.000376701
0.000353813
0.000357866
0.000403643
0.000390530
0.000393867
0.000369310
0.000316381
