0.000782967
0.000753164
0.000651598
0.000867605
0.000649929
0.000607491
0.000668764
0.000626564
0.000593662
0.000592470
0.011145353
0.000738144
0.000864983
0.000654936
0.000764847
0.000646114
0.000596523
0.000669956
0.000595808
0.000559092
0.000643253
0.000654936
0.000595808
0.000589132
0.000633001
0.000671148
0.000658035
0.000587702
0.000669956
0.000614405
0.000634193
0.000628710
0.000696421
0.000721216
0.000540257
0.000578165
0.000667572
0.000597954
0.000639200
0.000686169
0.000675440
0.000667572
0.000674248
0.000580311
0.000636101
0.000671148
0.000559330
0.000585079
0.000643969
0.000590324
0.000686169
0.000674009
0.000675201
0.000593185
0.000602007
0.000672340
0.000684023
0.000596285
0.000666380
0.000590563
0.000672579
0.000592947
0.000627041
0.000591278
0.000671387
0.000597239
0.000683546
0.000682592
0.000672340
0.000594616
0.000574827
0.000704527
0.000592470
0.000656843
0.000602007
0.000672340
0.000684500
0.000747681
0.000577211
0.000732660
0.000577927
0.000673056
0.000623941
0.000578403
0.000658035
0.000587463
0.000528812
0.000681877
0.000585794
0.000596762
0.000684738
0.000599623
0.000684261
0.000669479
0.000668526
0.000663519
0.000603437
0.000589848
0.000654459
0.000596523
0.000678778
0.000581264
0.000560045
0.000575304
0.000566483
0.000554800
0.000560522
0.000555992
0.000614166
0.000575781
0.000565290
0.000540972
0.000577450
0.000580311
0.000574589
0.000594378
0.000568151
0.000596762
0.000579596
0.000551462
