0.000342369
0.000286102
0.000391483
0.000324965
0.000378370
0.000325918
0.000335217
0.000411510
0.000340700
0.000327110
0.000329733
0.000405550
0.000331640
0.000327110
0.000316858
0.000329971
0.000319719
0.000321865
0.000406265
0.000336409
0.000329971
0.000333309
0.000341415
0.000318766
0.000401020
0.000329971
0.000331402
0.000340939
0.000343800
0.000332594
0.000600338
0.000330210
0.000404119
0.000791073
0.000314236
0.000303507
0.000312805
0.000380278
0.000326633
0.000332594
0.000329733
0.000324011
0.000334740
0.000330210
0.000420332
0.000315905
0.000337124
0.000332117
0.000378132
0.000334024
0.000329018
0.000328541
0.000330687
0.000418425
0.000312090
0.000331402
0.000341892
0.000330448
0.000331640
0.000398636
0.000330210
0.000319242
0.000331640
0.000339746
0.000334740
0.000330687
0.000330687
0.000403881
0.000329494
0.000329018
0.000325203
0.000419855
0.000319719
0.000322104
0.000338554
0.000329256
0.000334978
0.000334978
0.000411510
0.000307322
0.000325918
0.000333071
0.000331402
0.000411987
0.000324249
0.000346422
0.000324011
0.000320435
0.000310659
0.000332117
0.000776529
0.000327349
0.000330210
0.000331402
0.000319242
0.000409126
0.000332832
0.000339985
0.000327349
0.000347853
0.000325680
0.000320911
0.000329494
0.000330448
0.000325918
0.000314951
0.000327349
0.000334263
0.000327349
0.000335217
0.000325918
0.000331879
0.000323772
0.000326395
0.000295401
0.000297070
0.000317574
0.000322342
0.000329018
0.000336170
