0.000262737
0.000269890
0.000269890
0.000283003
0.000332355
0.000277519
0.000276566
0.000272512
0.000270128
0.000272512
0.000274181
0.000269175
0.000283718
0.000270844
0.000271559
0.000258684
0.000266552
0.000270844
0.000274658
0.000267982
0.000245094
0.000274420
0.000269651
0.000275135
0.000270128
0.000270844
0.000262022
0.000270605
0.000268936
0.000279903
0.000267982
0.000270844
0.000270367
0.000273466
0.000268698
0.000269651
0.000230789
0.000263691
0.000269175
0.000269651
0.000289202
0.000269651
0.000268698
0.000268459
0.000269890
0.000303030
0.000253201
0.000236511
0.000249624
0.000267267
0.000266552
0.000268221
0.000271320
0.000280380
0.000272036
0.000267506
0.000268221
0.000271320
0.000272036
0.000270844
0.000271082
0.000272036
0.000271082
0.000273228
0.000268936
0.000269175
0.000268698
0.000271797
0.000272512
0.000257015
0.000270367
0.000271797
0.000273943
0.000259876
0.000272989
0.000316381
0.000273228
0.000274897
0.000272512
0.000270367
0.000285387
0.000273943
0.000273705
0.000268459
0.000268936
0.000228405
0.000266075
0.000233650
0.000242949
0.000268459
0.000270844
0.000239372
0.000260592
0.000270128
0.000265121
0.000267506
0.000264168
0.000266790
0.000261068
0.000271559
0.000256777
0.000263214
0.000258923
0.000228405
0.000238180
0.000292540
0.000251055
0.000267744
0.000268936
0.000271797
0.000266552
0.000267744
0.000281572
0.000290155
0.000267267
0.000253439
0.000252485
0.000242710
0.000270844
0.000249624
