0.000308514
0.000244379
0.000248432
0.000255108
0.000245810
0.000247717
0.000244141
0.000244379
0.000234842
0.000248194
0.000248432
0.000244856
0.000247955
0.000246525
0.000244617
0.000247002
0.000312328
0.000245333
0.000257969
0.000247478
0.000247478
0.000247478
0.000248909
0.000247240
0.000246048
0.000246048
0.000245810
0.000249624
0.000248432
0.000249147
0.000249147
0.000246286
0.000247002
0.000252724
0.000316381
0.000249147
0.000247717
0.000234127
0.000256538
0.000253677
0.000252247
0.000255108
0.000251532
0.000241756
0.000262499
0.000261545
0.000245571
0.000243902
0.000235796
0.000248432
0.000260353
0.000310659
0.000233412
0.000240088
0.000236034
0.000238895
0.000240564
0.000240564
0.000241280
0.000236511
0.000237942
0.000241756
0.000238657
0.000235081
0.000268459
0.000224113
0.000240326
0.000258446
0.000293016
0.000251293
0.000246286
0.000262260
0.000262499
0.000263453
0.000231028
0.000236273
0.000240564
0.000239611
0.000241756
0.000239849
0.000244379
0.000244617
0.000252247
0.000271797
0.000256538
0.000288010
0.000232697
0.000234365
0.000253201
0.000254869
0.000267506
0.000248194
0.000260115
0.000243187
0.000244856
0.000265121
0.000243425
0.000252008
0.000247478
0.000251055
0.000246763
0.001019955
0.000256300
0.000257015
0.000237226
0.000252485
0.000238895
0.000235796
0.000236750
0.000243664
0.000242233
0.000243664
0.000245094
0.000241041
0.000248194
0.000237465
0.000259161
0.000231981
0.000251770
0.000274658
