0.000477314
0.000460386
0.000402212
0.000478268
0.000401735
0.000397205
0.000413179
0.000496626
0.000398874
0.000400066
0.000407696
0.000493288
0.000406027
0.000410318
0.000379801
0.000499964
0.000401020
0.000387192
0.000414133
0.000498056
0.000400305
0.000470877
0.000397444
0.000371933
0.000375032
0.000477076
0.000401974
0.000378132
0.000496149
0.000402927
0.000401497
0.000399113
0.000401020
0.000401735
0.000498772
0.000410557
0.000473499
0.000374317
0.000353575
0.000406504
0.000368595
0.000497341
0.000360489
0.000396967
0.000401020
0.000408411
0.000374317
0.000494719
0.000402451
0.000401974
0.000400543
0.000472784
0.000405788
0.000370979
0.000421762
0.000500679
0.000404119
0.000380278
0.000407457
0.000499249
0.000373840
0.000397205
0.000402212
0.000468969
0.000401020
0.000409603
0.000416279
0.000496864
0.000415325
0.000400305
0.000402451
0.000504732
0.000375748
0.000373840
0.000470638
0.000402451
0.000407934
0.000351429
0.000492811
0.000396252
0.000404119
0.000401735
0.000404358
0.000505686
0.000386953
0.000394344
0.000408411
0.000497103
0.000408649
0.000521421
0.000396013
0.000392437
0.000414371
0.000473022
0.000375986
0.000372887
0.000408649
0.000498772
0.000401258
0.000399113
0.000499964
0.000400066
0.000389814
0.000359535
0.000375509
0.000391483
0.000389576
0.000386477
0.000395536
0.000400066
0.000395298
0.000395060
0.000400066
0.000365973
0.000365496
0.000362158
0.000394106
0.000365257
0.000387192
0.000375509
