0.016462803
0.003871679
0.003983021
0.003980398
0.003786087
0.003952265
0.003391504
0.003360033
0.003953218
0.003363371
0.003948927
0.004045963
0.003954172
0.003978252
0.003338099
0.013066053
0.003933907
0.003951788
0.003357172
0.003378391
0.003981590
0.003393173
0.003388882
0.004011154
0.003946543
0.003363848
0.003394604
0.003977299
0.003411293
0.003361464
0.015392542
0.003968239
0.003945589
0.003395557
0.003945827
0.003343344
0.003364325
0.003957987
0.003360748
0.003933668
0.003368855
0.003987551
0.004009962
0.004007101
0.003487110
0.003932714
0.003366947
0.003411531
0.003379583
0.003998041
0.003940344
0.003397942
0.004084826
0.003453970
0.013495207
0.003361702
0.004000187
0.003947973
0.003947496
0.003374815
0.003970861
0.003352880
0.003965616
0.003497362
0.003357887
0.003353119
0.012964249
0.003970623
0.003942966
0.003409386
0.003347158
0.012914419
0.003366947
0.003408194
0.003944397
0.003959656
0.003959417
0.003374577
0.003367662
0.003941774
0.003328562
0.003931999
0.003414869
0.003324747
0.003970623
0.003381729
0.003996372
0.003957272
0.003947496
0.012954473
0.003376484
0.003984451
0.003372431
0.003320694
0.003957987
0.004000425
0.003369331
0.003943443
0.003364563
0.003955841
0.003325224
0.003177643
0.003151894
0.003142834
0.012619495
0.003163338
0.003212452
0.003175020
0.012634039
0.003179550
0.003180265
0.003181458
0.003183842
0.003175259
0.003195286
0.003192186
0.003259182
0.003179550
0.003164291
0.003278494
