0.017006874
0.008260965
0.011656761
0.008206606
0.007245064
0.007148981
0.008541107
0.008279800
0.008229017
0.007224560
0.007291555
0.007240295
0.008393049
0.007122517
0.008446455
0.026049376
0.007211447
0.007189035
0.008139610
0.008342028
0.008144617
0.007288218
0.008453608
0.016339064
0.007455111
0.007278919
0.008380651
0.007364273
0.007274866
0.007372618
0.007169247
0.008359432
0.007362366
0.008339882
0.008483171
0.008469820
0.006647348
0.008394480
0.007199764
0.008327007
0.007317305
0.007308722
0.008364439
0.008284092
0.007350445
0.007225752
0.008386374
0.007588863
0.007251501
0.008330584
0.007333279
0.008212328
0.008157253
0.008504152
0.016082764
0.007343531
0.008280277
0.007247210
0.006695271
0.008285046
0.007394314
0.007217169
0.008267403
0.007433414
0.008189440
0.008560658
0.007437468
0.007295370
0.008575678
0.007231474
0.008563757
0.008580208
0.007341862
0.007403851
0.008582115
0.007113218
0.008552551
0.006857157
0.007200956
0.008450031
0.007464647
0.007160902
0.007538557
0.008570194
0.007179022
0.008685589
0.007185698
0.008476973
0.008504152
0.007226706
0.007372856
0.007228374
0.008372307
0.008580923
0.007352591
0.008521080
0.007232666
0.008368492
0.007316351
0.008351088
0.007215023
0.006894827
0.006833553
0.006744862
0.006722689
0.006695986
0.006727695
0.006819010
0.006830454
0.006777287
0.006922007
0.024867058
0.006923199
0.006691217
0.006814718
0.006736040
0.006867647
0.006718874
0.006678820
0.006772757
