0.000684500
0.000697851
0.000643730
0.000633240
0.000718117
0.000710726
0.000618696
0.000712872
0.000643969
0.000620842
0.000698090
0.000644922
0.000709772
0.000717878
0.000627518
0.000639915
0.000718832
0.000722170
0.000629425
0.000713110
0.000719547
0.000732422
0.000706911
0.000626802
0.000643969
0.000719547
0.000709534
0.000619888
0.000631809
0.000635386
0.000630856
0.000632524
0.000710249
0.000636101
0.000710726
0.000713825
0.000704050
0.000642538
0.000709534
0.000624180
0.000602961
0.000654459
0.000710726
0.000706196
0.000627518
0.000716209
0.000621557
0.000630140
0.000715971
0.000697136
0.000693798
0.000733852
0.000594854
0.000717640
0.000612259
0.000640392
0.000715494
0.000637054
0.000605822
0.000740051
0.000707626
0.000710249
0.000706673
0.000654221
0.000633955
0.000695944
0.000715733
0.000635862
0.000641346
0.000720978
0.000635147
0.000715971
0.000712872
0.000630617
0.000637293
0.000723124
0.000621080
0.000630379
0.000621080
0.000607729
0.000705957
0.000642538
0.000718355
0.000640154
0.000712633
0.000634909
0.000713587
0.000721693
0.000651121
0.000635147
0.000716686
0.000636101
0.000704527
0.000736237
0.000709534
0.000614166
0.000605345
0.000726223
0.000705719
0.000630856
0.000712156
0.000590086
0.000610352
0.000608921
0.000618696
0.000614882
0.000626802
0.000588894
0.000617027
0.000592470
0.000624657
0.000622272
0.000623465
0.000619173
0.000614882
0.000613689
0.000622272
0.000613689
0.000566483
0.000601530
