0.086005449
0.000213146
0.000222445
0.000220776
0.000223398
0.000223637
0.000213385
0.000222921
0.000224113
0.000147581
0.000221014
0.000227928
0.000226021
0.000221491
0.000218630
0.000224352
0.000221729
0.000223875
0.000226021
0.000222445
0.000226736
0.000225067
0.000233889
0.000225544
0.000225544
0.000225544
0.000226021
0.000225782
0.000222206
0.000220537
0.000221491
0.000223160
0.000219584
0.000224590
0.000222206
0.000224113
0.000222445
0.000221491
0.000222921
0.000223637
0.000202179
0.000222445
0.000226259
0.000227690
0.000222921
0.000220537
0.000223398
0.000223875
0.000223637
0.000223637
0.000224829
0.000223160
0.000222683
0.000217438
0.000225067
0.000231981
0.000225544
0.000224829
0.000221968
0.000224113
0.000242949
0.000225544
0.000221491
0.000221729
0.000223398
0.000213385
0.000222206
0.000224113
0.000223875
0.000225782
0.000226259
0.000225782
0.000224590
0.000223398
0.000222445
0.000222683
0.000222206
0.000221014
0.000224113
0.000221014
0.000223637
0.000222206
0.000222921
0.000202417
0.000223637
0.000222445
0.000225306
0.000222445
0.000225067
0.000222921
0.000222206
0.000222445
0.000211239
0.000225067
0.000221014
0.000220776
0.000220537
0.000219584
0.000223875
0.000225544
0.000231981
0.000226974
0.000224829
0.000225306
0.000224113
0.000226736
0.000227213
0.000226259
0.000225306
0.000225306
0.000224113
0.000221491
0.000227451
0.000228405
0.000226974
0.000226498
0.000226974
0.000216722
0.000228167
0.000236034
