0.000233173
0.000217915
0.000220060
0.000229359
0.000229836
0.000214100
0.000219584
0.000229359
0.000221729
0.000226974
0.000226498
0.000229120
0.000238180
0.000226736
0.000228167
0.000210047
0.000229836
0.000229597
0.000215769
0.000230551
0.000227213
0.000230551
0.000226974
0.000229120
0.000228167
0.000231266
0.000218630
0.000227690
0.000229120
0.000236273
0.000230312
0.000209332
0.000217676
0.000216484
0.000228882
0.000231266
0.000230312
0.000228405
0.000232220
0.000230312
0.000230789
0.000228167
0.000230312
0.000229359
0.000231028
0.000231266
0.000241041
0.000231981
0.000231981
0.000232220
0.000219345
0.000230074
0.000225782
0.000233650
0.000218153
0.000209808
0.000211954
0.000216484
0.000230789
0.000216484
0.000226498
0.000218153
0.000226736
0.000229359
0.000240326
0.000228167
0.000225782
0.000225782
0.000226021
0.000228167
0.000226021
0.000224829
0.000249386
0.000226974
0.000224590
0.000227451
0.000217438
0.000225544
0.000225067
0.000228167
0.000219107
0.000229120
0.000229597
0.000227213
0.000225782
0.000227213
0.000228167
0.000224590
0.000227928
0.000225544
0.000226259
0.000227451
0.000236988
0.000226736
0.000229359
0.000229836
0.000229836
0.000231504
0.000230551
0.000228405
0.000225544
0.000228405
0.000226736
0.000228405
0.000229597
0.000217676
0.000229359
0.000231743
0.000230312
0.000231743
0.000229597
0.000230074
0.000231028
0.000228643
0.000228167
0.000240564
0.000226974
0.000225067
0.000224352
0.000239134
