0.000226021
0.000223875
0.000226736
0.000227451
0.000228643
0.000226021
0.000221491
0.000226498
0.000232458
0.000224590
0.000226259
0.000223160
0.000228167
0.000228405
0.000226974
0.000228167
0.000220060
0.000225544
0.000231028
0.000231504
0.000219822
0.000231504
0.000228405
0.000228882
0.000228643
0.000229359
0.000227690
0.000225544
0.000229120
0.000230789
0.000231266
0.000230789
0.000223637
0.000231743
0.000242949
0.000226259
0.000230551
0.000229359
0.000230551
0.000230789
0.000250816
0.000221968
0.000220537
0.000227928
0.000230789
0.000233173
0.000233173
0.000230789
0.000234604
0.000224352
0.000219584
0.000249147
0.000228882
0.000224352
0.000216484
0.000223637
0.000204802
0.000227451
0.000230551
0.000230551
0.000219584
0.000230074
0.000227690
0.000231028
0.000228643
0.000229120
0.000229597
0.000247955
0.000225306
0.000219107
0.000233173
0.000234604
0.000235558
0.000231266
0.000231266
0.000231266
0.000231028
0.000230789
0.000225782
0.000221252
0.000227690
0.000229359
0.000229120
0.000230312
0.000228643
0.000244141
0.000229836
0.000229597
0.000236511
0.000231028
0.000220537
0.000222445
0.000221014
0.000219345
0.000227451
0.000215530
0.000216484
0.000229597
0.000223398
0.000221252
0.000222206
0.000215530
0.000218153
0.000214100
0.000213861
0.000218630
0.000238180
0.000226021
0.000231028
0.000227690
0.000228405
0.000226259
0.000229120
0.000229359
0.000229359
0.000230551
0.000228167
0.000226974
0.000227928
0.000235319
