0.012367487
0.001909018
0.001934052
0.001694918
0.001696587
0.001941919
0.001939058
0.001696587
0.001962185
0.001685858
0.001933575
0.001930237
0.001706839
0.001946211
0.001936197
0.001687527
0.001813173
0.001699209
0.001980305
0.001688957
0.001944780
0.001692533
0.002086639
0.001935720
0.001693249
0.001945257
0.001941442
0.001942635
0.001780272
0.001675367
0.001946211
0.001683950
0.001676321
0.001933813
0.002025366
0.001698732
0.001719952
0.001980066
0.001966476
0.001713991
0.002039909
0.001921177
0.001675129
0.001620531
0.001958132
0.001937389
0.001663923
0.001970768
0.001696825
0.001961231
0.001687288
0.001927137
0.001946926
0.001953125
0.001698017
0.001722336
0.001694679
0.001979351
0.001948833
0.001939297
0.001681805
0.001637459
0.001689672
0.001758814
0.001935482
0.001623154
0.001696348
0.001947880
0.001704931
0.001929283
0.001925945
0.001736403
0.001687765
0.001929998
0.001688480
0.001684666
0.001967907
0.001944780
0.001963615
0.001925230
0.001955509
0.001679659
0.001762629
0.001685858
0.001935720
0.001955748
0.001690626
0.001683712
0.001937866
0.001674891
0.001959324
0.001933336
0.001681328
0.001617432
0.001947165
0.001956224
0.001685858
0.001965523
0.001690865
0.001703024
0.001943588
0.001623154
0.001621485
0.001608610
0.001640081
0.001631498
0.001653671
0.001611710
0.001624823
0.001607895
0.001638412
0.001626730
0.001618385
0.001610041
0.001610994
0.001607895
0.001633167
0.001639843
0.001621246
0.001641035
