0.000286102
0.000316381
0.000374556
0.000298262
0.000300884
0.000299454
0.000298500
0.000373602
0.000301123
0.000302076
0.000300646
0.000294685
0.000381947
0.000301838
0.000320911
0.000293970
0.000300884
0.000296116
0.000379324
0.000298023
0.000303030
0.000298500
0.000298738
0.000297785
0.000304937
0.000303745
0.000372648
0.000295877
0.000316143
0.000303268
0.000298738
0.000298023
0.000380993
0.000296354
0.000303268
0.000298977
0.000304222
0.000299931
0.000300169
0.000383377
0.000302553
0.000299454
0.000312090
0.000312328
0.000383377
0.000297546
0.000301838
0.000303745
0.000303507
0.000313044
0.000376225
0.000301838
0.000303984
0.000299454
0.000303507
0.000300407
0.000384331
0.000299692
0.000302553
0.000301123
0.000303745
0.000369072
0.000302553
0.000301361
0.000303745
0.000301361
0.000391722
0.000285625
0.000301838
0.000302315
0.000309944
0.000294924
0.000276327
0.000291824
0.000383854
0.000298500
0.000299692
0.000297546
0.000294447
0.000382185
0.000300169
0.000293016
0.000301361
0.000379801
0.000303030
0.000297308
0.000298977
0.000305176
0.000301838
0.000296831
0.000298738
0.000385761
0.000304222
0.000301838
0.000303030
0.000286341
0.000391722
0.000288486
0.000314236
0.000305176
0.000301123
0.000293970
0.000297785
0.000293255
0.000298262
0.000296593
0.000292301
0.000290632
0.000294447
0.000295401
0.000298738
0.000293732
0.000299931
0.000302553
0.000296593
0.000297070
0.000293493
0.000293255
0.000297070
0.000294685
