0.000226498
0.000235796
0.000249863
0.000228882
0.000294924
0.000229120
0.000223637
0.000247002
0.000231266
0.000233650
0.000229836
0.000230312
0.000231028
0.000229120
0.000229359
0.000236034
0.000221968
0.000235558
0.000232697
0.000239849
0.000221252
0.000231266
0.000229359
0.000229120
0.000228643
0.000223875
0.000230312
0.000228167
0.000228643
0.000233173
0.000231743
0.000232935
0.000233650
0.000230074
0.000217915
0.000244856
0.000222445
0.000235081
0.000232935
0.000231266
0.000231981
0.000229836
0.000230074
0.000231266
0.000229597
0.000230551
0.000228882
0.000223875
0.000233173
0.000222921
0.000222445
0.000227690
0.000230074
0.000230789
0.000236273
0.000231743
0.000233889
0.000232935
0.000227928
0.000234842
0.000227451
0.000230074
0.000229597
0.000225544
0.000230551
0.000231743
0.000222206
0.000233650
0.000231266
0.000229359
0.000221968
0.000223160
0.000231266
0.000231743
0.000230789
0.000303984
0.000220299
0.000222683
0.000232458
0.000239372
0.000231266
0.000234127
0.000232935
0.000222206
0.000221729
0.000232458
0.000224590
0.000225782
0.000228643
0.000233889
0.000231028
0.000233650
0.000229836
0.000228882
0.000230789
0.000229359
0.000221252
0.000232697
0.000231266
0.000231743
0.000232458
0.000224352
0.000242949
0.000237226
0.000237942
0.000221729
0.000236750
0.000233173
0.000222683
0.000230312
0.000224590
0.000221491
0.000225067
0.000228882
0.000227928
0.000220537
0.000219345
0.000215530
0.000206470
0.000237942
