0.000241280
0.000234604
0.000239372
0.000227690
0.000235319
0.000231504
0.000236034
0.000234604
0.000234127
0.000299454
0.000234127
0.000236273
0.000232220
0.000236511
0.000237226
0.000233650
0.000225306
0.000235081
0.000236750
0.000238180
0.000247240
0.000237942
0.000236034
0.000240326
0.000234842
0.000237465
0.000235796
0.000238657
0.000237226
0.000239849
0.000242472
0.000228405
0.000237226
0.000241041
0.000228643
0.000230074
0.000238657
0.000249147
0.000240326
0.000238180
0.000236273
0.000238657
0.000236988
0.000293493
0.000239134
0.000238657
0.000238180
0.000237226
0.000214338
0.000221252
0.000234127
0.000237226
0.000236750
0.000245333
0.000239372
0.000240088
0.000237942
0.000235558
0.000236511
0.000237942
0.000232220
0.000236273
0.000234604
0.000236988
0.000236988
0.000236988
0.000230789
0.000236511
0.000238895
0.000227928
0.000253677
0.000235796
0.000235319
0.000237226
0.000287294
0.000237703
0.000237226
0.000238419
0.000239134
0.000236750
0.000238419
0.000238419
0.000237226
0.000239372
0.000236273
0.000237465
0.000260115
0.000239372
0.000232697
0.000236750
0.000238657
0.000239134
0.000239134
0.000237703
0.000234604
0.000236511
0.000235796
0.000234127
0.000234127
0.000236273
0.000233889
0.000245333
0.000237942
0.000246763
0.000239372
0.000238895
0.000237942
0.000238419
0.000239849
0.000230551
0.000234842
0.000225544
0.000240326
0.000216484
0.000229120
0.000231504
0.000248909
0.000244141
0.000239134
0.000258207
