0.000292778
0.000271082
0.000243902
0.000257015
0.000324726
0.000273705
0.000258446
0.000255585
0.000266790
0.000261784
0.000284910
0.000257015
0.000316620
0.000257730
0.000272512
0.000270128
0.000270844
0.000276804
0.000257492
0.000259161
0.000273466
0.000271320
0.000251055
0.000340462
0.000257969
0.000282049
0.000277042
0.000257969
0.000258446
0.000261784
0.000254631
0.000249386
0.000269890
0.000342369
0.000258207
0.000258684
0.000262022
0.000257969
0.000269175
0.000259876
0.000276804
0.000324011
0.000259876
0.000273228
0.000256777
0.000275135
0.000275850
0.000260592
0.000257492
0.000257254
0.000258207
0.000330687
0.000257254
0.000273705
0.000260592
0.000260115
0.000286341
0.000260592
0.000256062
0.000256538
0.000328302
0.000254869
0.000241995
0.000252962
0.000257969
0.000257492
0.000257730
0.000256538
0.000272036
0.000255108
0.000257254
0.000255108
0.000339746
0.000257969
0.000257730
0.000260830
0.000280619
0.000257492
0.000254154
0.000271082
0.000259399
0.000272036
0.000304937
0.000273943
0.000259399
0.000256538
0.000255585
0.000289917
0.000272274
0.000279427
0.000322819
0.000253916
0.000256062
0.000259399
0.000254869
0.000271082
0.000272989
0.000256777
0.000256538
0.000258684
0.000347614
0.000256062
0.000284672
0.000272989
0.000257015
0.000277042
0.000253439
0.000267029
0.000267982
0.000253916
0.000270128
0.000271320
0.000270844
0.000272512
0.000270605
0.000272512
0.000255346
0.000267982
0.000284433
0.000261068
