0.011847973
0.001080275
0.001002312
0.001173019
0.000990868
0.001154423
0.001168013
0.001112938
0.001009464
0.001137495
0.001141310
0.000998497
0.000991344
0.001100302
0.001152277
0.001146317
0.000990391
0.001144886
0.001001835
0.000990629
0.001151085
0.001159430
0.000989676
0.001150846
0.000992537
0.001151085
0.001003981
0.001016140
0.000995398
0.001152992
0.001143217
0.000999689
0.001152992
0.001031160
0.001010418
0.001158953
0.001145363
0.001152277
0.000998497
0.000999689
0.001016855
0.001146555
0.001129389
0.000995398
0.001141071
0.001006603
0.001183271
0.000968933
0.001142979
0.000989437
0.001137495
0.001002789
0.001160860
0.001137733
0.000971317
0.001156092
0.001008034
0.001141310
0.001013517
0.001138449
0.001099110
0.001156330
0.000967264
0.001007318
0.001147032
0.001137495
0.001009226
0.000986099
0.001126051
0.000987053
0.000990868
0.001132250
0.001134157
0.001002312
0.001004696
0.001142979
0.000960588
0.000985622
0.000985861
0.001116753
0.000975370
0.001136541
0.001055479
0.001131535
0.001010656
0.001111984
0.001136780
0.001135111
0.000962973
0.001000404
0.001140356
0.001119852
0.001147032
0.001002073
0.000964642
0.001170635
0.000987053
0.000956535
0.000995636
0.001131535
0.000977755
0.000962496
0.000927210
0.000960350
0.000966072
0.000953197
0.000956297
0.000957012
0.000955343
0.000956774
0.000960827
0.000977039
0.000963449
0.000940800
0.000958920
0.000961542
0.000962496
0.000967979
0.000964642
0.000992298
