0.000229359
0.000231743
0.000226259
0.000280142
0.000244379
0.000246525
0.000209570
0.000237465
0.000230789
0.000228882
0.000231266
0.000217199
0.000230074
0.000230789
0.000231266
0.000231028
0.000231504
0.000229836
0.000226498
0.000232697
0.000238180
0.000218630
0.000233650
0.000230551
0.000229359
0.000231266
0.000230074
0.000221252
0.000231504
0.000231743
0.000219822
0.000229597
0.000213623
0.000233412
0.000227690
0.000230074
0.000237465
0.000240326
0.000230551
0.000247002
0.000231981
0.000236034
0.000218868
0.000229597
0.000218153
0.000232458
0.000210762
0.000222683
0.000244856
0.000232697
0.000232697
0.000220776
0.000230551
0.000231266
0.000227928
0.000229359
0.000236034
0.000227690
0.000223160
0.000205994
0.000222206
0.000232697
0.000228405
0.000226498
0.000220299
0.000219345
0.000228882
0.000231743
0.000228405
0.000229120
0.000227451
0.000227928
0.000231981
0.000261307
0.000229359
0.000228167
0.000226974
0.000219584
0.000230789
0.000226498
0.000228882
0.000230074
0.000231266
0.000231028
0.000227928
0.000228167
0.000230551
0.000230789
0.000226021
0.000225782
0.000238895
0.000229359
0.000229597
0.000226498
0.000229359
0.000228643
0.000229836
0.000225544
0.000232458
0.000229597
0.000228643
0.000226498
0.000228882
0.000226498
0.000228882
0.000211716
0.000221252
0.000226736
0.000230312
0.000232220
0.000232220
0.000230789
0.000227928
0.000227928
0.000225782
0.000225306
0.000229120
0.000221491
0.000229120
0.000244141
