data	fastrtps	opensplice	connext
256	0.011550903	0.0157969	0.08592248
256	0.000372648	0.000241041	0.000249386
256	0.000619173	0.000243187	0.000259161
256	0.000337124	0.000243902	0.000255823
256	0.000239611	0.000244379	0.000257492
256	0.00024128	0.00024724	0.000260353
256	0.000242472	0.000247717	0.000257015
256	0.00024128	0.000246286	0.000259876
256	0.000241995	0.000239849	0.000272036
256	0.000268698	0.000213861	0.0002141
256	0.000236273	0.000246048	0.000267744
256	0.00024128	0.000244141	0.000240564
256	0.000242233	0.000247717	0.000175714
256	0.000499725	0.000249624	0.000261784
256	0.000241518	0.000248909	0.000261068
256	0.000240803	0.000244379	0.000258207
256	0.000241041	0.000247478	0.000261068
256	0.000241995	0.000247717	0.000237703
256	0.000260115	0.000274181	0.000239611
256	0.00046277	0.00027895	0.000567675
256	0.000265121	0.000247002	0.00023818
256	0.000238657	0.000247002	0.000268221
256	0.000261545	0.000276566	0.000259399
256	0.000593185	0.000246525	0.000257015
256	0.000549793	0.00024724	0.000260592
256	0.000255823	0.000245333	0.000270367
256	0.000241041	0.000246525	0.000260353
256	0.00024128	0.000245094	0.000260353
256	0.000238657	0.000247478	0.000284195
256	0.000239611	0.000243425	0.000259638
256	0.00023365	0.000247717	0.000259638
256	0.000267029	0.00027585	0.000261068
256	0.000239849	0.000246525	0.000262499
256	0.00034523	0.000245094	0.000258446
256	0.000239372	0.000234127	0.000259876
256	0.000237465	0.000244856	0.000311613
256	0.000241041	0.000246048	0.000284195
256	0.000240803	0.000247955	0.000242472
256	0.00053978	0.000236034	0.0002563
256	0.00024128	0.00023222	0.000260115
256	0.000236988	0.000245571	0.000255585
256	0.000240326	0.000242472	0.000265837
256	0.000241041	0.000247717	0.000264883
256	0.000241756	0.000245094	0.000255823
256	0.000240803	0.000237465	0.000279665
256	0.000239134	0.000246763	0.000229597
256	0.000242949	0.00024581	0.000258446
256	0.000227213	0.000244617	0.000229359
256	0.000225544	0.000272751	0.000241995
256	0.000241518	0.00024581	0.00026083
256	0.000240088	0.000246525	0.000294447
256	0.000240803	0.000247955	0.000258446
256	0.000241041	0.000245571	0.000262737
256	0.000224113	0.00024724	0.000262737
256	0.000238895	0.000244379	0.000257492
256	0.000239134	0.000243664	0.000260115
256	0.000237465	0.000244617	0.000259638
256	0.000242233	0.00023365	0.000266552
256	0.000449181	0.000246286	0.000259399
256	0.000254393	0.000272989	0.000260592
256	0.00025773	0.000247717	0.000261545
256	0.000252724	0.000244617	0.000259161
256	0.000254631	0.000247717	0.000258446
256	0.00022912	0.000247002	0.000258923
256	0.000239134	0.000242472	0.000260353
256	0.000240803	0.000248432	0.000261068
256	0.000241518	0.000246286	0.000260592
256	0.000240326	0.000245571	0.00027132
256	0.000234127	0.00024724	0.000267506
256	0.000241041	0.000243902	0.000258684
256	0.000240803	0.000246286	0.000262499
256	0.000232697	0.000249624	0.00026083
256	0.000237942	0.000246048	0.000258923
256	0.000238419	0.000247717	0.000258684
256	0.000242233	0.00024724	0.0002563
256	0.000241041	0.000245333	0.000259399
256	0.000260353	0.000246286	0.000263214
256	0.00025177	0.000245571	0.00026083
256	0.000257969	0.000249624	0.000261307
256	0.0002563	0.000244617	0.0002563
256	0.000256538	0.000248909	0.000260353
256	0.000234604	0.000244141	0.000261068
256	0.000240088	0.000246763	0.000263691
256	0.00024128	0.000246763	0.000262022
256	0.00026989	0.000244617	0.000258923
256	0.000237942	0.000244617	0.000263453
256	0.000239134	0.000245333	0.000271559
256	0.000240326	0.00024581	0.000257254
256	0.00023818	0.000242233	0.000259399
256	0.000240088	0.000245094	0.000255585
256	0.000231028	0.000245094	0.000257254
256	0.000232458	0.000247002	0.000258207
256	0.000240803	0.000202179	0.000259161
256	0.000267744	0.000244617	0.000260115
256	0.00023818	0.000264883	0.000255823
256	0.000240564	0.000270367	0.000261307
256	0.000236511	0.000245571	0.000258923
256	0.000239134	0.000240564	0.000270605
256	0.000241041	0.000239611	0.000273943
256	0.000243664	0.000246525	0.00026226
256	0.000252247	0.000253439	0.000264645
256	0.000227213	0.000242233	0.000264645
256	0.000244141	0.000246048	0.000264406
256	0.00024271	0.00024581	0.000263929
256	0.000243187	0.000244617	0.000265598
256	0.000243425	0.000244856	0.000263691
256	0.000257492	0.000240564	0.000264168
256	0.000256538	0.000244856	0.000265121
256	0.000256538	0.000245094	0.000265837
256	0.00025773	0.00024271	0.000263929
256	0.000257254	0.000241756	0.00026536
256	0.000255108	0.000237703	0.000263214
256	0.000256062	0.000244617	0.000261068
256	0.000257015	0.000243902	0.000268698
256	0.000258684	0.000243664	0.000264883
256	0.00025773	0.000245094	0.000265837
256	0.000262737	0.000243664	0.000266075
256	0.000259399	0.000242949	0.000263691
256	0.0002563	0.000244379	0.000262976
256	0.00026083	0.000248194	0.000252962
128	0.000486374	0.000478745	0.000490665
128	0.000510693	0.000485897	0.000498295
128	0.000417709	0.000355244	0.000385046
128	0.000504494	0.000494719	0.000499249
128	0.000405073	0.000363111	0.00038743
128	0.000413895	0.000392199	0.000377178
128	0.000408888	0.000397444	0.000377893
128	0.000411272	0.000393391	0.000463963
128	0.000382185	0.000393867	0.000431299
128	0.000510931	0.000500679	0.000377417
128	0.000434399	0.000411987	0.000375032
128	0.000534296	0.000469446	0.000497818
128	0.000412464	0.000383854	0.000392437
128	0.00041461	0.00039196	0.000400543
128	0.000411034	0.000370264	0.000393152
128	0.000351667	0.000384092	0.00045228
128	0.000398874	0.00039506	0.000396967
128	0.000476122	0.000463247	0.000379324
128	0.000385523	0.00036788	0.000381231
128	0.000426531	0.000368595	0.000482559
128	0.000395775	0.000368118	0.000383377
128	0.000410557	0.000369549	0.00037384
128	0.000396013	0.000364065	0.000469923
128	0.000503063	0.00046587	0.000402689
128	0.000408888	0.000368595	0.00041914
128	0.000413656	0.000370741	0.000355244
128	0.000408649	0.000391006	0.00040555
128	0.000492573	0.000497341	0.000383854
128	0.000409365	0.000397205	0.000399113
128	0.000406504	0.000396729	0.000373602
128	0.00050354	0.000490904	0.000486851
128	0.000413418	0.000394344	0.000362396
128	0.000411749	0.000395775	0.000484228
128	0.000495672	0.000488281	0.000403643
128	0.000410795	0.000394821	0.000384092
128	0.000406504	0.000408888	0.000377417
128	0.000376225	0.000396967	0.000380039
128	0.000402927	0.00039959	0.000375271
128	0.00049305	0.000489235	0.000478268
128	0.00040102	0.00039506	0.000372648
128	0.000399828	0.000366211	0.00036478
128	0.000494242	0.000489712	0.000385761
128	0.000397682	0.000392437	0.000454187
128	0.000405073	0.00039053	0.000378609
128	0.000397444	0.000377893	0.000379801
128	0.000401974	0.000377417	0.000353813
128	0.000484467	0.000454426	0.00050211
128	0.000403881	0.000366926	0.000366688
128	0.000397682	0.000367165	0.000388384
128	0.000468969	0.000365019	0.00040555
128	0.000404835	0.000460148	0.000555754
128	0.000366211	0.000368595	0.000402212
128	0.000352144	0.000368357	0.000407219
128	0.000359535	0.000368834	0.000407219
128	0.000403404	0.000366926	0.000482321
128	0.000500679	0.000492811	0.000382185
128	0.000401258	0.000395775	0.00034833
128	0.000516415	0.000407219	0.000340462
128	0.000402927	0.000491381	0.001080751
128	0.000404596	0.00039196	0.001756907
128	0.000406742	0.000385523	0.000411272
128	0.000404596	0.000389338	0.000396967
128	0.000490189	0.00048995	0.000372171
128	0.000405073	0.000394344	0.000503063
128	0.000400782	0.000394344	0.000411272
128	0.0004673	0.000493526	0.000413895
128	0.000401258	0.000349998	0.000474691
128	0.000395298	0.000369072	0.000361681
128	0.000404596	0.000374317	0.000371933
128	0.000393867	0.000376701	0.000382662
128	0.00050354	0.000464201	0.000487328
128	0.000386477	0.000368118	0.000368357
128	0.000495911	0.000458717	0.000378847
128	0.000402451	0.000378847	0.000511885
128	0.000400305	0.000392199	0.00040102
128	0.000400543	0.000399828	0.000375509
128	0.000495195	0.000463486	0.000379801
128	0.000409603	0.000367403	0.000358105
128	0.000406504	0.000363111	0.000503063
128	0.000406504	0.000447512	0.000374794
128	0.000512838	0.000382662	0.000373125
128	0.000407457	0.000385046	0.000425339
128	0.000404835	0.000368118	0.000477791
128	0.000492334	0.000368118	0.000400305
128	0.00038147	0.000365257	0.000405073
128	0.000398636	0.000467777	0.000498533
128	0.000402927	0.000362158	0.000379086
128	0.000499249	0.000366926	0.000388384
128	0.000378609	0.000496149	0.000382423
128	0.000402212	0.000397682	0.000378609
128	0.000403404	0.000408649	0.000377893
128	0.000464439	0.000489473	0.00048399
128	0.000392914	0.000403404	0.000397921
128	0.00039196	0.000395536	0.000381231
128	0.000495434	0.000394106	0.000500679
128	0.000399351	0.000486612	0.000373125
128	0.000401735	0.000395775	0.000380516
128	0.000403166	0.000393629	0.00037837
128	0.000403643	0.000366926	0.00038743
128	0.000494957	0.00043869	0.000478268
128	0.00041151	0.000370264	0.000380993
128	0.000369072	0.000359297	0.000365734
128	0.000392914	0.000355959	0.000387669
128	0.000378132	0.000355244	0.000379086
128	0.000387669	0.000351667	0.000383615
128	0.000383377	0.000398159	0.000422716
128	0.000392437	0.000386477	0.000365019
128	0.000366926	0.000387192	0.000382662
128	0.000390768	0.000360727	0.000375509
128	0.000388145	0.000369072	0.0004251
128	0.000391245	0.000393152	0.000479937
128	0.000386953	0.000386715	0.00039196
128	0.000390768	0.000385284	0.000376701
128	0.00036025	0.000385284	0.000353813
128	0.000356674	0.000382662	0.000357866
128	0.000365734	0.000383854	0.000403643
128	0.000389814	0.000355959	0.00039053
128	0.000398159	0.000358582	0.000393867
128	0.000386	0.000368357	0.00036931
128	0.000359535	0.000392437	0.000316381
