0.085599899
0.000138760
0.000209570
0.000208378
0.000186920
0.000182629
0.000177860
0.000175476
0.000173330
0.000198603
0.000184536
0.000176430
0.000175238
0.000172853
0.000178814
0.000336409
0.000293255
0.000185251
0.000177383
0.000174999
0.000179052
0.000333071
0.000337362
0.000295639
0.000198364
0.000189304
0.000215054
0.000227690
0.000218153
0.000206709
0.000198126
0.000188589
0.000352144
0.000258446
0.000205278
0.000191689
0.000211716
0.000194073
0.000187874
0.000219584
0.000207901
0.000197411
0.000185013
0.000183821
0.000183344
0.000210762
0.000206232
0.000188112
0.000187159
0.000185490
0.000184774
0.000206470
0.000195265
0.000190973
0.000186920
0.000185966
0.000353336
0.000221014
0.000197887
0.000196457
0.000188112
0.000185251
0.000183821
0.000203609
0.000193596
0.000187635
0.000186682
0.000182390
0.000198841
0.000211716
0.000197649
0.000190735
0.000185251
0.000185013
0.000184059
0.000245094
0.000208616
0.000197411
0.000185728
0.000185966
0.000182152
0.000170231
0.000196695
0.000197887
0.000193834
0.000184774
0.000192881
0.000186920
0.000199556
0.000188828
0.000186920
0.000149012
0.000198364
0.000188828
0.000208855
0.000199080
0.000266314
0.000203848
0.000190496
0.000199080
0.000204086
0.000191450
0.000196695
0.000191450
0.000190020
0.000189781
0.000189543
0.000189304
0.000189781
0.000191212
0.000188351
0.000188112
0.000192642
0.000189066
0.000190496
0.000191689
0.000188828
0.000202894
0.000188112
0.000696898
