0.016444683
0.004764557
0.004781246
0.003957510
0.004821062
0.004810810
0.003999710
0.003958225
0.004816532
0.004796267
0.004789352
0.003935814
0.003990412
0.004795790
0.003966331
0.004786015
0.013192654
0.004796028
0.004747629
0.003932953
0.004785776
0.004777431
0.003921032
0.004769802
0.003953457
0.003942013
0.004789352
0.003917694
0.004766941
0.004749775
0.004796505
0.003929853
0.003955126
0.004745245
0.003911018
0.004769564
0.003963470
0.004765034
0.004780769
0.003686666
0.003940821
0.003927231
0.003685474
0.003950119
0.004154921
0.004783869
0.004775524
0.003983498
0.003968239
0.004775524
0.004777670
0.004863024
0.004798174
0.004780293
0.003968239
0.004780293
0.003960609
0.003967285
0.003732443
0.004781008
0.003970146
0.004794836
0.004785061
0.004158735
0.004793406
0.003975153
0.003957033
0.004822493
0.004800558
0.004892111
0.004162788
0.004163980
0.004165888
0.004913330
0.004152060
0.005029440
0.005002022
0.004188061
0.005024672
0.003953218
0.004172564
0.005109072
0.188480854
0.264621973
0.293965578
0.386716843
0.463927269
0.539801598
0.646379948
0.680723667
0.584327459
0.488091946
0.391571522
0.294895172
0.198174238
0.104112387
0.007007599
0.003680468
0.104224443
0.015235662
0.003640890
0.003617048
0.003568649
0.003480673
0.003585815
0.003624201
0.159188032
0.240080595
0.332367897
0.418318033
0.495617867
0.596461773
0.711405754
0.825119257
0.776917934
0.679968119
0.583370686
0.486314535
0.518707037
0.527826786
