0.460567713
0.425266504
0.339033365
0.245295763
0.148894310
0.052337170
0.010159969
0.253981829
0.397086143
0.301217079
0.354480267
0.263213396
0.169794083
0.071691751
0.009989500
0.008381128
0.008428097
0.009972811
0.010089397
0.015289545
0.010324240
0.009999275
0.010057449
0.009977579
0.077922583
0.119293451
0.114967346
0.211353064
0.212050438
0.211567879
0.339597225
0.774717808
1.003701925
0.911536694
0.819686413
0.727725506
0.871318102
0.778852224
0.686484337
0.597700119
0.509127855
0.416481972
0.322807312
0.230698109
0.137526512
0.046520710
0.010187149
0.010093689
0.008406162
0.008402348
0.010077000
0.008403778
0.008429050
0.008459330
0.400236130
0.621233702
0.920159578
0.837702751
0.740075588
0.653192043
0.560525417
0.467531919
0.375171423
0.282567501
0.189436436
0.096880198
0.012454510
0.010173559
0.008518457
0.008497953
0.010215998
0.010246515
0.008548975
0.008547544
0.008536100
0.010213137
0.010206699
0.008512020
0.010180473
0.008552790
0.018512487
0.010193825
0.009001493
0.010219812
0.008580446
0.010250092
0.067451239
0.489795923
0.825118542
0.868518829
0.840573549
0.753277779
1.094868898
1.003819704
0.955971241
0.868340731
0.775812864
0.683457613
0.590925217
0.497812510
0.407691240
0.314346075
0.222315073
0.128899574
0.035730124
0.007592916
0.007594585
0.007581711
0.007608652
0.007461071
0.007581234
0.007602930
0.007535934
0.007728100
0.007550716
0.007612705
0.007697582
0.007613659
0.007539511
0.008200645
