0.000566959
0.000622272
0.000370741
0.000433922
0.000308990
0.000410557
0.000440836
0.000312090
0.000310898
0.000309706
0.000312090
0.000511169
0.000324965
0.000317574
0.000310659
0.000312567
0.000428677
0.000397682
0.000337601
0.000431776
0.000308275
0.000324011
0.000309467
0.000370026
0.000323057
0.000312328
0.000427008
0.000308752
0.000411034
0.000365734
0.000322819
0.000313759
0.000417948
0.000312090
0.000303745
0.000476599
0.000328541
0.000314236
0.000306129
0.000309229
0.000412464
0.000359058
0.000314474
0.000418425
0.000309229
0.000305414
0.000318527
0.000355244
0.000433683
0.000309229
0.000307083
0.000306368
0.000609636
0.000375271
0.000322104
0.000312328
0.000321865
0.000308037
0.000412703
0.000365257
0.000428915
0.000311375
0.000369072
0.000316143
0.000308752
0.000415564
0.000328064
0.000316143
0.000307322
0.000305891
0.000409365
0.000305891
0.000307322
0.000408888
0.000301838
0.000306606
0.000320911
0.000412941
0.000311375
0.000318766
0.000416517
0.000308514
0.000306368
0.000414371
0.000306845
0.000303745
0.000320673
0.000414371
0.000307560
0.000406981
0.000309944
0.000317574
0.000303745
0.000303984
0.000417709
0.000307560
0.000421762
0.000311375
0.000307322
0.000304461
0.000303507
0.000296831
0.000295639
0.000294447
0.000303507
0.000296116
0.000305891
0.000299931
0.000305653
0.000298500
0.000299454
0.000298023
0.000303268
0.000304222
0.000299454
0.000301838
0.000314713
0.000312805
0.000301123
0.000697613
