0.000323296
0.000348330
0.000210524
0.000200987
0.000194311
0.000249624
0.000200748
0.000197172
0.000199080
0.000193357
0.000193596
0.000237703
0.000197649
0.000195026
0.000195742
0.000196695
0.000192404
0.000244141
0.000198603
0.000193596
0.000194550
0.000190735
0.000211239
0.000225782
0.000197649
0.000195742
0.000178337
0.000324488
0.000155926
0.000181675
0.000155449
0.000153542
0.000185490
0.000159264
0.000149727
0.000181437
0.000156403
0.000150204
0.000153780
0.000149488
0.000149012
0.000185490
0.000153780
0.000168324
0.000151157
0.000154257
0.000158787
0.000317812
0.000160933
0.000152826
0.000152111
0.000148535
0.000150204
0.000213861
0.000155210
0.000151157
0.000150681
0.000149965
0.000149727
0.000196218
0.000155449
0.000153542
0.000148535
0.000153303
0.000149250
0.000149250
0.000149727
0.000149488
0.000151157
0.000147581
0.000147581
0.000147343
0.000153065
0.000148058
0.000145912
0.000151873
0.000147820
0.000147820
0.000148058
0.000146151
0.000147104
0.000165224
0.000146866
0.000146389
0.000146627
0.000145435
0.000150919
0.000149488
0.000148535
0.000147104
0.000146866
0.000148296
0.000147343
0.000151873
0.000149727
0.000148058
0.000147581
0.000146389
0.000156403
0.000172377
0.000155210
0.000152826
0.000148058
0.000147820
0.000145435
0.000151873
0.000147343
0.000191212
0.000154734
0.000152111
0.000147820
0.000146866
0.000146151
0.000146389
0.000146389
0.000146389
0.000147104
0.000156641
0.000150681
0.000538826
