0.023177624
0.022109032
0.034432411
0.021847725
0.022279263
0.022370577
0.021661758
0.021811962
0.022232294
0.022216558
0.022357464
0.021786451
0.022182941
0.021697998
0.022285223
0.021961927
0.021799803
0.022290230
0.021769524
0.022196531
0.022256136
0.022222281
0.021728754
0.022137403
0.021723986
0.011611700
0.021748066
0.021787643
0.021867037
0.021554470
0.022095442
0.021603107
0.021979094
0.021521807
0.021980286
0.021603107
0.022030592
0.021666765
0.021721363
0.022053003
0.021549225
0.021662951
0.022180080
0.022053719
0.021552563
0.021546602
0.021941423
0.021754742
0.021684408
0.022071600
0.022109032
0.022120476
0.021535873
0.021568537
0.022104502
0.021903038
0.021779299
0.021639824
0.011415005
0.022003412
0.021503925
0.021637440
0.021941185
0.021981716
0.021656752
0.022209644
0.022119045
0.021982193
0.021720171
0.022100449
0.011436939
0.021977663
0.021753073
0.021431208
0.021965265
0.021615505
0.022064447
0.021953344
0.021932840
0.021628141
0.021532774
0.022073507
0.021701574
0.021964788
0.021591187
0.022054911
0.021538973
0.022080660
0.022055626
0.022009611
0.021499395
0.021839857
0.021572590
0.021444082
0.021736860
0.022020102
0.021503925
0.022097349
0.021612883
0.021991491
0.021567106
0.021704912
0.021358728
0.021475792
0.021597624
0.021670103
0.021643639
0.021481514
0.021435738
0.022139549
0.021538973
0.021478891
0.021552086
0.021455765
0.021613359
0.021636248
0.021549940
0.021586657
0.021590471
0.025719404
