0.000254393
0.000327349
0.000161886
0.000152588
0.000160694
0.000193119
0.000156403
0.000154257
0.000150204
0.000149012
0.000156403
0.000193119
0.000157356
0.000150681
0.000154972
0.000150204
0.000149012
0.000179768
0.000155449
0.000173092
0.000150442
0.000150204
0.000148058
0.000172615
0.000156879
0.000152349
0.000156403
0.000151157
0.000149965
0.000171900
0.000155687
0.000153065
0.000149727
0.000148773
0.000157118
0.000170708
0.000154972
0.000153303
0.000152588
0.000149488
0.000147104
0.000170708
0.000153542
0.000150919
0.000154257
0.000150919
0.000150681
0.000177622
0.000162601
0.000156641
0.000158548
0.000149727
0.000155449
0.000183344
0.000155449
0.000152111
0.000154495
0.000149965
0.000181675
0.000182152
0.000154972
0.000151396
0.000150204
0.000149012
0.000149727
0.000147343
0.000148058
0.000150681
0.000147104
0.000149012
0.000147820
0.000147581
0.000148296
0.000152588
0.000153780
0.000148773
0.000149012
0.000149012
0.000151873
0.000154018
0.000149727
0.000147581
0.000153303
0.000146627
0.000151396
0.000147104
0.000152588
0.000152826
0.000148535
0.000146627
0.000147343
0.000167847
0.000149012
0.000147104
0.000147104
0.000146151
0.000148296
0.000276327
0.000310183
0.000164270
0.000237226
0.000150204
0.000149012
0.000153780
0.000153780
0.000148773
0.000148058
0.000148058
0.000145674
0.000151873
0.000147820
0.000149012
0.000147581
0.000155210
0.000146389
0.000146627
0.000151634
0.000148535
0.000149250
0.000710011
