0.000431061
0.000391722
0.000234127
0.000332355
0.000218630
0.000282526
0.000237942
0.000232220
0.000324726
0.000218391
0.000222206
0.000278711
0.000224352
0.000221252
0.000219345
0.000320911
0.000222206
0.000280619
0.000225782
0.000219107
0.000223875
0.000319481
0.000216961
0.000261307
0.000224352
0.000217915
0.000331640
0.000223637
0.000220776
0.000234365
0.000221729
0.000215292
0.000214815
0.000343084
0.000224113
0.000249147
0.000229120
0.000227690
0.000221491
0.000220776
0.000321865
0.000231504
0.000244617
0.000225067
0.000218153
0.000219584
0.000324965
0.000231028
0.000218630
0.000218868
0.000220776
0.000217438
0.000323772
0.000233412
0.000222445
0.000220537
0.000324726
0.000218630
0.000228643
0.000234127
0.000218391
0.000231743
0.000221252
0.000328541
0.000219345
0.000225782
0.000310421
0.000222921
0.000218868
0.000217915
0.000218153
0.000316620
0.000217438
0.000219584
0.000222206
0.000225544
0.000221014
0.000218868
0.000312328
0.000220537
0.000218868
0.000224113
0.000221729
0.000218868
0.000220299
0.000226974
0.000218868
0.000321627
0.000216722
0.000217438
0.000226974
0.000218153
0.000214577
0.000214100
0.000214577
0.000317335
0.000265360
0.000226974
0.000320196
0.000215769
0.000216961
0.000357628
0.000214577
0.000213385
0.000216722
0.000221014
0.000226021
0.000213623
0.000213385
0.000223637
0.000216484
0.000219822
0.000212908
0.000222445
0.000221252
0.000220537
0.000214100
0.000216961
0.000311613
0.000688076
