0.011124134
0.011134386
0.010886908
0.010887146
0.010779858
0.010893822
0.010881424
0.010894060
0.010869265
0.010763407
0.010746717
0.010981083
0.010775328
0.010894775
0.010872841
0.010770321
0.010770321
0.010990620
0.010886669
0.010875225
0.010773420
0.010793447
0.010884047
0.010834455
0.010772467
0.010920525
0.010774851
0.010917187
0.010802507
0.010826826
0.010873318
0.010929585
0.010817289
0.010888338
0.010908127
0.010798931
0.010889292
0.010782003
0.010874510
0.010868788
0.010908842
0.010823011
0.010883808
0.010760069
0.010765553
0.010775089
0.010829210
0.010938168
0.010823965
0.010788918
0.010894299
0.010913372
0.010943174
0.010857344
0.010920763
0.010892153
0.010807991
0.010802746
0.010876417
0.010905743
0.010891914
0.010802031
0.010789633
0.010895252
0.010901928
0.010896444
0.010922670
0.010810852
0.010800362
0.010898113
0.010793447
0.010909319
0.010927677
0.010818481
0.010805130
0.010803938
0.010920525
0.010791779
0.010904074
0.010776997
0.010797024
0.010802984
0.010908127
0.010889769
0.010795355
0.010896206
0.010824919
0.010900021
0.010918140
0.010802984
0.010896444
0.010792971
0.010895967
0.010789394
0.010785103
0.010797262
0.010917664
0.010892153
0.010872602
0.010766029
0.010926962
0.010773420
0.010768414
0.010787964
0.010763884
0.010773897
0.010790348
0.010782480
0.010759592
0.010783911
0.010782003
0.010769844
0.010965586
0.010799408
0.010768175
0.010777950
0.010780334
0.010786533
0.010777950
0.011302233
