0.000300884
0.000358820
0.000203609
0.000283480
0.000191927
0.000259399
0.000196934
0.000191212
0.000196934
0.000198126
0.000277758
0.000237465
0.000195503
0.000188589
0.000190020
0.000195265
0.000188828
0.000237226
0.000196934
0.000195980
0.000189066
0.000196695
0.000278234
0.000230312
0.000197649
0.000199556
0.000199080
0.000195980
0.000191689
0.000223875
0.000196218
0.000191689
0.000191212
0.000274658
0.000188351
0.000221252
0.000193834
0.000205040
0.000193834
0.000196695
0.000189781
0.000222921
0.000288725
0.000190735
0.000195026
0.000197411
0.000193834
0.000216961
0.000196934
0.000193596
0.002586603
0.000305891
0.000193357
0.000222921
0.000196218
0.000200748
0.000205278
0.000202656
0.000190258
0.000225306
0.000195503
0.000190020
0.000291348
0.000185728
0.000188828
0.000192642
0.000191450
0.000190735
0.000190258
0.000193596
0.000189543
0.000273705
0.000188351
0.000187159
0.000188589
0.000195265
0.000188828
0.000187635
0.000186205
0.000189304
0.000272274
0.000184536
0.000186920
0.000186920
0.000184774
0.000193834
0.000189543
0.000196457
0.000196695
0.000195980
0.000191927
0.000187397
0.000277519
0.000195742
0.000189781
0.000196218
0.000190735
0.000187874
0.000189304
0.000201941
0.000188589
0.000194311
0.000186920
0.000183821
0.000186443
0.000195980
0.000187635
0.000185966
0.000186920
0.000187874
0.000186682
0.000184536
0.000184298
0.000184774
0.000188828
0.000190973
0.000181437
0.000188351
0.000185251
0.000581980
