0.000258684
0.000289202
0.000133276
0.000139713
0.000132561
0.000152349
0.000149250
0.000128984
0.000128508
0.000132084
0.000260830
0.000139713
0.000128746
0.000128508
0.000130892
0.000125170
0.000129223
0.000138760
0.000130653
0.000137329
0.000128269
0.000138998
0.000136614
0.000129461
0.000136614
0.000135899
0.000214338
0.000209808
0.000149965
0.000132084
0.000139713
0.000136852
0.000137806
0.000135183
0.000131607
0.000143290
0.000134945
0.000124216
0.000133753
0.000121355
0.000125170
0.000138283
0.000140429
0.000151873
0.000264883
0.000132561
0.000158310
0.000140667
0.000125885
0.000125170
0.000123978
0.000140190
0.000165224
0.000136375
0.000125885
0.000131607
0.000139713
0.000140429
0.000133753
0.000124931
0.000124216
0.000229359
0.000135422
0.000131130
0.000131369
0.000121593
0.000176191
0.000144958
0.000143290
0.000141621
0.000141382
0.000147343
0.000145435
0.000152111
0.000147104
0.000149488
0.000296831
0.000147820
0.000142813
0.000142336
0.000140429
0.000115395
0.000123501
0.000131369
0.000131369
0.000118017
0.000120878
0.000119925
0.000131845
0.000130415
0.000127077
0.000236273
0.000130177
0.000141621
0.000133038
0.000138283
0.000271320
0.000128508
0.000138044
0.000131607
0.000129700
0.000133991
0.000128984
0.000124454
0.000130653
0.000123978
0.000181437
0.000147581
0.000122786
0.000116825
0.000122786
0.000138283
0.000143766
0.000139236
0.000127792
0.000125408
0.000123501
0.000114441
0.000117064
0.001408100
