0.000379086
0.000530243
0.000302315
0.000295401
0.000267982
0.000249624
0.000282764
0.000249147
0.000282764
0.000284910
0.000264168
0.000240088
0.000307322
0.000256777
0.000286341
0.000272036
0.000293016
0.000314474
0.000423670
0.000249147
0.000255108
0.000273943
0.000307560
0.000261307
0.000254869
0.000306845
0.000421047
0.000460863
0.000293732
0.000284195
0.000297308
0.000296354
0.000280380
0.000277758
0.000256777
0.000403881
0.000262737
0.000268698
0.000280142
0.000254631
0.000262976
0.000374556
0.000353336
0.000387907
0.000427723
0.000393629
0.000391245
0.000419855
0.000480175
0.000475883
0.000452995
0.000473261
0.000619888
0.000438452
0.000353098
0.000341177
0.000334978
0.000476122
0.000476599
0.000499964
0.000484705
0.000472546
0.000407457
0.000389576
0.000279665
0.000271082
0.000249147
0.000290871
0.000294447
0.000423670
0.000272512
0.000290155
0.000310421
0.000319719
0.000283957
0.000280857
0.000297070
0.000341892
0.000302792
0.000277281
0.000266314
0.000271559
0.000237226
0.000274658
0.000416994
0.000276089
0.000265121
0.000258207
0.000244617
0.000271559
0.000287771
0.000262499
0.000284195
0.000268698
0.000309944
0.000265837
0.000272989
0.000277281
0.000283241
0.000277281
0.000262499
0.000300169
0.000268698
0.000283718
0.000293016
0.000285625
0.000268936
0.000276804
0.000280380
0.000262022
0.000304222
0.000230789
0.000291824
0.000289440
0.000283003
0.000315905
0.000266552
0.000312328
0.000281096
0.003817797
