0.056677341
0.044826269
0.033603668
0.045139313
0.045012474
0.054299831
0.055165768
0.044531345
0.054863691
0.055492163
0.044182777
0.044108868
0.055256367
0.055341244
0.043822765
0.045276880
0.055389643
0.043318748
0.053924799
0.044552565
0.044105291
0.054942131
0.043638945
0.053896666
0.043716192
0.054739237
0.044746161
0.043917894
0.054344416
0.054821491
0.043698549
0.053886414
0.044504166
0.054201365
0.044631720
0.044416428
0.044738531
0.054043531
0.044615984
0.054309368
0.043628216
0.044524193
0.053998232
0.044463396
0.054086924
0.044670343
0.044659853
0.043913603
0.044603586
0.054253817
0.033312321
0.044553995
0.044392586
0.054996967
0.043945074
0.043411016
0.055202246
0.054896355
0.054488897
0.054994106
0.054002523
0.033270359
0.043905020
0.054558754
0.054784775
0.033523798
0.054369688
0.044761896
0.034329414
0.054372072
0.024000883
0.002290249
0.043690205
0.044673204
0.055089951
0.054685116
0.044684649
0.053890944
0.043901682
0.044663668
0.043701172
0.054052830
0.043939114
0.043707371
0.054991245
0.053925037
0.002743244
0.011721373
0.002997398
0.043619394
0.054752350
0.053988218
0.054792166
0.043829441
0.054969072
0.044479370
0.043581486
0.054097652
0.053956509
0.044148207
0.054775000
0.053866625
0.043666840
0.053941488
0.054052353
0.054110527
0.053935051
0.054067135
0.043832779
0.043716908
0.053899765
0.043803692
0.054210424
0.053854704
0.043671846
0.053962231
0.053854704
0.043615580
0.053964853
0.054370403
