0.000345945
0.000339746
0.000187159
0.000173569
0.000171423
0.000216246
0.000179291
0.000177145
0.000173330
0.000201225
0.000185251
0.000231028
0.000182867
0.000171185
0.000172615
0.000173807
0.000172138
0.000211477
0.000178099
0.000171423
0.000172853
0.000168324
0.000178337
0.000200272
0.000201464
0.000180244
0.000180244
0.000172853
0.000170469
0.000195026
0.000187635
0.000191450
0.000172377
0.000169516
0.000168562
0.000192881
0.000183821
0.000175953
0.000171900
0.000169516
0.000169516
0.000247717
0.000176907
0.000171900
0.000170708
0.000169992
0.000168800
0.000194550
0.000346422
0.000184536
0.000170469
0.000169992
0.000168800
0.000196457
0.000172615
0.000174284
0.000178099
0.000169516
0.000172615
0.000205517
0.000176430
0.000180006
0.000191927
0.000169992
0.000186443
0.000249386
0.000170469
0.000291824
0.000220776
0.000219584
0.000178337
0.000184059
0.000172615
0.000168800
0.000267506
0.000181198
0.000171900
0.000177383
0.000173092
0.000169516
0.000167131
0.000172853
0.000171185
0.000195742
0.000174046
0.000174999
0.000168562
0.000180244
0.000194550
0.000168085
0.000174284
0.000168800
0.000168800
0.000167370
0.000166893
0.000167608
0.000174046
0.000172853
0.000173330
0.000170708
0.000169754
0.000175953
0.000167131
0.000165939
0.000166893
0.000173569
0.000164986
0.000167370
0.000169039
0.000169992
0.000168800
0.000165939
0.000166178
0.000164747
0.000171185
0.000167131
0.000166655
0.000171661
0.000167370
0.000556231
