0.000254393
0.000261068
0.000274897
0.000265360
0.000116110
0.000130892
0.000243187
0.000290871
0.000139475
0.000130177
0.000254393
0.000245333
0.000151873
0.000224829
0.000169277
0.000137806
0.000278950
0.000146866
0.000128984
0.000166416
0.000217438
0.000269651
0.000229120
0.000169754
0.000255585
0.000189543
0.000133276
0.000119448
0.000132561
0.000144243
0.000256062
0.000278234
0.000282288
0.000129700
0.000154018
0.000271797
0.000136375
0.000122070
0.000124454
0.000178337
0.000156403
0.000225782
0.000141621
0.000121832
0.000128031
0.000116587
0.000114679
0.000143051
0.000126362
0.000158072
0.000122070
0.000135899
0.000137091
0.000118971
0.000128031
0.000135899
0.000123978
0.000116348
0.000116110
0.000131369
0.000121832
0.000123501
0.000125885
0.000123024
0.000128031
0.000135183
0.000122786
0.000120163
0.000122309
0.000177622
0.000160933
0.000154257
0.000137568
0.000131130
0.000154734
0.000126839
0.000134230
0.000125408
0.000116110
0.000137091
0.000130653
0.000144005
0.000123739
0.000120640
0.000190258
0.000132084
0.000115395
0.000109911
0.000117540
0.000130653
0.000125408
0.000193596
0.000141144
0.000119686
0.000148535
0.000151634
0.000130177
0.000116348
0.000114918
0.000155687
0.000126839
0.000133038
0.000136852
0.000132084
0.000158548
0.000154018
0.000139475
0.000142097
0.000133991
0.000158548
0.000140429
0.000140429
0.000139952
0.000154734
0.000153780
0.000141144
0.000137568
0.000134706
0.000134230
0.002919197
