0.000478745
0.000485897
0.000355244
0.000494719
0.000363111
0.000392199
0.000397444
0.000393391
0.000393867
0.000500679
0.000411987
0.000469446
0.000383854
0.000391960
0.000370264
0.000384092
0.000395060
0.000463247
0.000367880
0.000368595
0.000368118
0.000369549
0.000364065
0.000465870
0.000368595
0.000370741
0.000391006
0.000497341
0.000397205
0.000396729
0.000490904
0.000394344
0.000395775
0.000488281
0.000394821
0.000408888
0.000396967
0.000399590
0.000489235
0.000395060
0.000366211
0.000489712
0.000392437
0.000390530
0.000377893
0.000377417
0.000454426
0.000366926
0.000367165
0.000365019
0.000460148
0.000368595
0.000368357
0.000368834
0.000366926
0.000492811
0.000395775
0.000407219
0.000491381
0.000391960
0.000385523
0.000389338
0.000489950
0.000394344
0.000394344
0.000493526
0.000349998
0.000369072
0.000374317
0.000376701
0.000464201
0.000368118
0.000458717
0.000378847
0.000392199
0.000399828
0.000463486
0.000367403
0.000363111
0.000447512
0.000382662
0.000385046
0.000368118
0.000368118
0.000365257
0.000467777
0.000362158
0.000366926
0.000496149
0.000397682
0.000408649
0.000489473
0.000403404
0.000395536
0.000394106
0.000486612
0.000395775
0.000393629
0.000366926
0.000438690
0.000370264
0.000359297
0.000355959
0.000355244
0.000351667
0.000398159
0.000386477
0.000387192
0.000360727
0.000369072
0.000393152
0.000386715
0.000385284
0.000385284
0.000382662
0.000383854
0.000355959
0.000358582
0.000368357
0.000392437
