0.000244856
0.000248194
0.000237226
0.000255346
0.000265360
0.000256300
0.000255346
0.000258207
0.000257015
0.000260830
0.000254631
0.000248671
0.000258684
0.000257492
0.000253677
0.000255823
0.000254154
0.000257492
0.000257492
0.000268221
0.000267744
0.000255108
0.000254869
0.000254631
0.000252962
0.000254393
0.000255585
0.000253439
0.000253439
0.000251532
0.000256062
0.000253201
0.000254154
0.000254154
0.000256062
0.000256062
0.000255108
0.000267506
0.000257492
0.000258684
0.000254631
0.000255585
0.000255585
0.000256062
0.000257254
0.000255823
0.000256300
0.000256300
0.000255585
0.000255108
0.000254631
0.000257254
0.000252247
0.000248909
0.000258207
0.000244856
0.000254869
0.000257015
0.000254869
0.000250816
0.000252008
0.000258207
0.000255108
0.000257969
0.000253916
0.000255585
0.000257969
0.000255823
0.000255346
0.000259638
0.000255823
0.000267267
0.000255823
0.000254631
0.000256062
0.000254154
0.000251293
0.000258446
0.000259876
0.000254631
0.000253916
0.000252485
0.000256538
0.000256300
0.000255108
0.000257015
0.000255823
0.000256777
0.000267267
0.000271082
0.000253439
0.000256777
0.000257015
0.000259876
0.000255346
0.000256538
0.000254393
0.000256777
0.000255585
0.000255585
0.000253916
0.000254631
0.000252247
0.000255346
0.000247955
0.000267744
0.000253439
0.000247955
0.000251770
0.000252247
0.000250578
0.000251770
0.000255108
0.000254393
0.000253916
0.000257492
0.000255585
0.000256538
0.000252485
0.000257492
