0.015796900
0.000241041
0.000243187
0.000243902
0.000244379
0.000247240
0.000247717
0.000246286
0.000239849
0.000213861
0.000246048
0.000244141
0.000247717
0.000249624
0.000248909
0.000244379
0.000247478
0.000247717
0.000274181
0.000278950
0.000247002
0.000247002
0.000276566
0.000246525
0.000247240
0.000245333
0.000246525
0.000245094
0.000247478
0.000243425
0.000247717
0.000275850
0.000246525
0.000245094
0.000234127
0.000244856
0.000246048
0.000247955
0.000236034
0.000232220
0.000245571
0.000242472
0.000247717
0.000245094
0.000237465
0.000246763
0.000245810
0.000244617
0.000272751
0.000245810
0.000246525
0.000247955
0.000245571
0.000247240
0.000244379
0.000243664
0.000244617
0.000233650
0.000246286
0.000272989
0.000247717
0.000244617
0.000247717
0.000247002
0.000242472
0.000248432
0.000246286
0.000245571
0.000247240
0.000243902
0.000246286
0.000249624
0.000246048
0.000247717
0.000247240
0.000245333
0.000246286
0.000245571
0.000249624
0.000244617
0.000248909
0.000244141
0.000246763
0.000246763
0.000244617
0.000244617
0.000245333
0.000245810
0.000242233
0.000245094
0.000245094
0.000247002
0.000202179
0.000244617
0.000264883
0.000270367
0.000245571
0.000240564
0.000239611
0.000246525
0.000253439
0.000242233
0.000246048
0.000245810
0.000244617
0.000244856
0.000240564
0.000244856
0.000245094
0.000242710
0.000241756
0.000237703
0.000244617
0.000243902
0.000243664
0.000245094
0.000243664
0.000242949
0.000244379
0.000248194
