0.011888504
0.001682520
0.001694441
0.001420498
0.001685858
0.001461983
0.001706600
0.001437426
0.001704216
0.001717091
0.001452923
0.001441240
0.001695633
0.001448631
0.001699448
0.001726389
0.001428604
0.001700878
0.001704216
0.001700163
0.001430511
0.001688719
0.001527071
0.001725435
0.001719713
0.001377821
0.001440048
0.001707315
0.001483679
0.001448631
0.001694202
0.001439571
0.001700401
0.001701117
0.001702785
0.001440525
0.001444340
0.001464128
0.001462698
0.001698971
0.001669645
0.001681089
0.001708984
0.001464844
0.001446247
0.001702309
0.001447916
0.001457453
0.001720190
0.001451015
0.001706123
0.001450062
0.001708269
0.001432180
0.001681089
0.001448393
0.001713991
0.001725435
0.001689911
0.001432896
0.001370907
0.001714230
0.001427889
0.001507282
0.001709700
0.001706839
0.001452684
0.001701832
0.001699448
0.001465321
0.001466751
0.001470804
0.001691818
0.001698256
0.001463652
0.001718044
0.001445770
0.001704216
0.001688480
0.001475573
0.001723528
0.001708269
0.001524448
0.001719952
0.001471519
0.001708508
0.001444101
0.001447439
0.001478195
0.001722813
0.001694679
0.001449585
0.001699924
0.001449585
0.001731634
0.001717567
0.001693726
0.001711845
0.001450777
0.001446247
0.001700401
0.001379728
0.001429796
0.001407385
0.001377344
0.001368523
0.001400948
0.001367092
0.001387119
0.001391888
0.001369238
0.001382113
0.001388550
0.001375675
0.001391172
0.001389265
0.001380205
0.001373053
0.001372814
0.001434565
