0.000250101
0.000258446
0.000258446
0.000319004
0.000255823
0.000256300
0.000256300
0.000258446
0.000259876
0.000246763
0.000249147
0.000249624
0.000251770
0.000258207
0.000256777
0.000269175
0.000255346
0.000256538
0.000257492
0.000260353
0.000257015
0.000258207
0.000254869
0.000257254
0.000258446
0.000254154
0.000257254
0.000257492
0.000257730
0.000257254
0.000256062
0.000257492
0.000266790
0.000257254
0.000257730
0.000258923
0.000257015
0.000254631
0.000257492
0.000256777
0.000258446
0.000256538
0.000256538
0.000256538
0.000256777
0.000257730
0.000256777
0.000258684
0.000245333
0.000260830
0.000258684
0.000255823
0.000257969
0.000260115
0.000257730
0.000256777
0.000255585
0.000257492
0.000256300
0.000257969
0.000255346
0.000257492
0.000257969
0.000256300
0.000259399
0.000253916
0.000252724
0.000253677
0.000267267
0.000254393
0.000257254
0.000229836
0.000245810
0.000256062
0.000257254
0.000256538
0.000249624
0.000248194
0.000251770
0.000253201
0.000258207
0.000258446
0.000256777
0.000258923
0.000255346
0.000257015
0.000245810
0.000254869
0.000256538
0.000258684
0.000271797
0.000256538
0.000257730
0.000257969
0.000254631
0.000247478
0.000256062
0.000256538
0.000257730
0.000257730
0.000270367
0.000253201
0.000259161
0.000257969
0.000257254
0.000255585
0.000254631
0.000253677
0.000256777
0.000256538
0.000257492
0.000248432
0.000259399
0.000256777
0.000256300
0.000256538
0.000255108
0.000256777
0.000252485
0.000262976
