0.000252008
0.000338793
0.000272751
0.000273466
0.000273705
0.000287771
0.000273228
0.000275850
0.000274420
0.000274181
0.000273705
0.000267744
0.000272512
0.000272989
0.000272512
0.000275850
0.000274658
0.000275373
0.000339508
0.000274897
0.000271797
0.000282288
0.000279903
0.000275612
0.000274420
0.000277758
0.000277042
0.000274897
0.000272751
0.000276804
0.000275612
0.000270605
0.000273228
0.000273943
0.000267029
0.000325441
0.000254631
0.000287056
0.000273466
0.000275373
0.000275612
0.000273228
0.000253677
0.000275373
0.000270844
0.000257969
0.000265837
0.000262499
0.000269413
0.000273228
0.000269651
0.000250340
0.000331402
0.000274181
0.000271320
0.000272512
0.000271559
0.000272036
0.000271797
0.000271320
0.000271797
0.000268936
0.000256300
0.000271559
0.000261784
0.000272036
0.000271320
0.000271082
0.000259161
0.000345707
0.000268936
0.000272512
0.000272036
0.000261068
0.000270844
0.000275135
0.000271559
0.000270605
0.000272512
0.000272751
0.000272036
0.000271797
0.000260115
0.000272274
0.000336170
0.000286102
0.000270128
0.000273705
0.000271797
0.000272751
0.000272989
0.000272512
0.000270605
0.000268936
0.000272751
0.000273228
0.000274420
0.000271320
0.000267267
0.000264645
0.000260592
0.000262260
0.000269890
0.000260115
0.000269413
0.000267744
0.000267029
0.000269413
0.000265121
0.000258207
0.000269890
0.000260830
0.000270367
0.000267982
0.000267982
0.000269413
0.000264406
0.000262022
0.000268698
0.000273705
