0.011586428
0.000953197
0.001040697
0.000885487
0.000966787
0.000904083
0.001042128
0.000875711
0.001034975
0.001032829
0.001036644
0.000872374
0.000868559
0.001028776
0.000898838
0.001024961
0.000894308
0.001030445
0.001050711
0.001046419
0.000896931
0.001027822
0.000903606
0.000891209
0.001037121
0.000993490
0.001049519
0.000874758
0.001012564
0.000898838
0.000890970
0.000886440
0.000874281
0.001012564
0.001028776
0.000890493
0.000890255
0.001035213
0.001035690
0.001038074
0.001041651
0.000894785
0.000888348
0.000887394
0.000898600
0.001032591
0.001041889
0.000876427
0.001047373
0.001039267
0.001033306
0.000900984
0.000879526
0.001035452
0.000886679
0.001039267
0.001039267
0.000884056
0.000860691
0.000894070
0.001024246
0.011837244
0.000912189
0.001038074
0.000870705
0.001032829
0.001034498
0.000891685
0.000905752
0.001027107
0.001020670
0.001034260
0.000854731
0.000898361
0.000984192
0.000893116
0.000901461
0.001044035
0.001030922
0.000893116
0.001020908
0.001049519
0.000942230
0.000917435
0.001032114
0.000900507
0.001030684
0.000910521
0.000872135
0.001053095
0.001041651
0.000898838
0.001036167
0.001038074
0.000895739
0.000816107
0.000917435
0.001034498
0.001024723
0.000897646
0.000902414
0.000864029
0.000851393
0.000851631
0.000863314
0.000861645
0.000853777
0.000864267
0.000849962
0.000860214
0.000853777
0.000831842
0.000865459
0.000835657
0.000867605
0.000855923
0.000853539
0.000865698
0.000859976
0.000906467
