0.016490936
0.007650137
0.007638454
0.007711411
0.007577896
0.006519556
0.006534815
0.007857323
0.006634712
0.007636070
0.007688046
0.006437778
0.007602692
0.006481171
0.014500856
0.007729530
0.006912470
0.007611990
0.007630110
0.007683039
0.007663488
0.006516933
0.006495476
0.007598400
0.006524086
0.006655455
0.007684231
0.006537914
0.007606268
0.006484270
0.006482363
0.007536888
0.007597685
0.006566763
0.007587671
0.007799864
0.007624388
0.006482363
0.006531000
0.007623196
0.006743908
0.007610559
0.006532907
0.006504536
0.006590128
0.006575108
0.007628918
0.007631063
0.006448030
0.006501675
0.007681608
0.006471634
0.007622480
0.006526709
0.006575108
0.007666588
0.007579803
0.007495880
0.006457806
0.007596016
0.007580042
0.006497145
0.006530523
0.006680012
0.007551670
0.006589890
0.007631063
0.006514311
0.015623331
0.006479263
0.006523609
0.007624149
0.007532835
0.015724659
0.006639719
0.007577181
0.006549597
0.006474972
0.007410288
0.005985737
0.015497446
0.006465912
0.006611347
0.006440878
0.007608891
0.006456137
0.007579803
0.006456614
0.007636309
0.006649971
0.006516457
0.007604361
0.006431818
0.007626295
0.006461382
0.007668495
0.007556677
0.007611752
0.006514788
0.006402969
0.007600069
0.006009579
0.018763542
0.005939245
0.005995989
0.005897999
0.005989075
0.006004333
0.006179094
0.005932808
0.005949497
0.006012440
0.005939007
0.005949259
0.005909920
0.005968332
0.006005287
0.005955696
0.005989790
0.006044149
