0.013216496
0.003411293
0.003472567
0.002863169
0.002899170
0.003508329
0.003005266
0.003485203
0.003493547
0.003488541
0.003931761
0.003477097
0.002836943
0.002869368
0.003483534
0.002887249
0.012746811
0.003563881
0.002912998
0.002904177
0.002846479
0.002855778
0.003488779
0.002933502
0.003488779
0.003465652
0.003482580
0.002858639
0.002878428
0.013082981
0.003454208
0.003481627
0.002874851
0.003489733
0.003574848
0.002887249
0.002886295
0.002907515
0.003511190
0.002952814
0.003487587
0.003516436
0.003512621
0.002977848
0.003012896
0.002953053
0.003523111
0.002871990
0.003517866
0.003496647
0.002903461
0.003506899
0.002892733
0.002933264
0.003552437
0.002954960
0.003516436
0.003486633
0.002872229
0.002870321
0.002690554
0.003485680
0.002871037
0.002995729
0.003476620
0.002862692
0.003484964
0.002739668
0.003482580
0.003484964
0.003570557
0.002902031
0.003492832
0.003465176
0.002904654
0.002917528
0.003495693
0.003490686
0.002859592
0.002707243
0.003534079
0.003509045
0.002995014
0.002864361
0.002883196
0.003485680
0.003467321
0.002890825
0.003461123
0.003481150
0.002854109
0.002929688
0.003504276
0.003478527
0.003471613
0.002888680
0.002893925
0.003505945
0.002869368
0.002903461
0.003493547
0.002705097
0.002691746
0.002707243
0.002690315
0.002741575
0.002700806
0.002713442
0.002770424
0.002723455
0.002696514
0.002702475
0.002696276
0.002711296
0.002670288
0.002681017
0.002677202
0.002687693
0.002691984
0.002767801
