0.000623226
0.000661612
0.000658989
0.000659227
0.000656605
0.000598192
0.000650406
0.000584364
0.000657797
0.000586748
0.000655890
0.000658751
0.000586987
0.000564575
0.000644684
0.000638008
0.000588655
0.000667572
0.000661850
0.000660419
0.000585079
0.000653744
0.000657558
0.000567198
0.000582695
0.000643492
0.000583649
0.000658989
0.000586987
0.000584126
0.000659227
0.000658035
0.000580549
0.000575542
0.000626802
0.000579357
0.000630617
0.000584841
0.000674725
0.000656843
0.000567198
0.000659704
0.000674486
0.000586271
0.000572681
0.000657320
0.000657558
0.000584126
0.000584126
0.000659227
0.000587463
0.000650167
0.000594616
0.000660181
0.000582695
0.000657320
0.000659227
0.000566244
0.000585079
0.000610113
0.000657320
0.000624657
0.000548601
0.000651360
0.000582457
0.000661135
0.000660181
0.000589371
0.000584364
0.000660181
0.000563383
0.000661612
0.000661612
0.000587225
0.000660181
0.000580549
0.000659704
0.000591516
0.000636816
0.000578880
0.000668764
0.000584841
0.000616312
0.000585794
0.000655174
0.000505924
0.000629902
0.000656605
0.000590324
0.000582695
0.000675201
0.000586987
0.000656605
0.000583172
0.000659466
0.000659943
0.000582933
0.000657320
0.000653982
0.000583172
0.000655890
0.000557661
0.000564098
0.000549078
0.000571489
0.000646114
0.000534296
0.000542641
0.000550985
0.000542641
0.000580549
0.000559807
0.000567913
0.000572443
0.000564814
0.000573635
0.000549555
0.000570059
0.000605106
0.000593185
