0.000247955
0.000258446
0.000264406
0.000262976
0.000254631
0.000318289
0.000254869
0.000260115
0.000257015
0.000270844
0.000261545
0.000257015
0.000246763
0.000255108
0.000254154
0.000255585
0.000257969
0.000257730
0.000247002
0.000251293
0.000251770
0.000257015
0.000257015
0.000257254
0.000256538
0.000280857
0.000266790
0.000264645
0.000249863
0.000274181
0.000262499
0.000258446
0.000239372
0.000250816
0.000260115
0.000261307
0.000330687
0.000263214
0.000253916
0.000254154
0.000249863
0.000233412
0.000268221
0.000259399
0.000259161
0.000256300
0.000258684
0.000257015
0.000263453
0.000258923
0.000252962
0.000248909
0.000261784
0.000263214
0.000269175
0.000247478
0.000263691
0.000254154
0.000248671
0.000239611
0.000254154
0.000252485
0.000254393
0.000260830
0.000253677
0.000255346
0.000256062
0.000261545
0.000252485
0.000257015
0.000250578
0.000251055
0.000264645
0.000261784
0.000258684
0.000316620
0.000257730
0.000245810
0.000249386
0.000244141
0.000249624
0.000252485
0.000267267
0.000269651
0.000254393
0.000267506
0.000258923
0.000262499
0.000267982
0.000272512
0.000264168
0.000247240
0.000253677
0.000268936
0.000270128
0.000267744
0.000252247
0.000277996
0.000272989
0.000273466
0.000271320
0.000262022
0.000258207
0.000264168
0.000265837
0.000268459
0.000271082
0.000259161
0.000267982
0.000260592
0.000270605
0.000263929
0.000246763
0.000244617
0.000251532
0.000241995
0.000231028
0.000259399
0.000263691
0.000268698
