0.000249386
0.000278234
0.000260592
0.000274420
0.000265121
0.000262976
0.000265598
0.000262499
0.000262976
0.000266552
0.000336647
0.000261545
0.000264883
0.000266314
0.000264168
0.000266075
0.000266075
0.000266790
0.000260830
0.000264645
0.000267744
0.000266075
0.000262022
0.000266790
0.000284672
0.000240564
0.000257254
0.000279665
0.000261784
0.000256062
0.000252724
0.000256300
0.000274181
0.000258684
0.000264883
0.000263453
0.000266314
0.000266075
0.000262737
0.000263691
0.000265598
0.000264406
0.000263929
0.000264168
0.000327826
0.000262737
0.000264168
0.000260592
0.000254869
0.000264406
0.000263214
0.000264883
0.000266075
0.000265837
0.000266790
0.000263453
0.000265360
0.000248671
0.000265360
0.000265360
0.000258446
0.000283957
0.000265837
0.000263691
0.000263453
0.000264406
0.000261784
0.000268698
0.000265598
0.000262737
0.000264645
0.000265837
0.000263214
0.000268221
0.000269413
0.000257730
0.000326872
0.000253201
0.000266552
0.000266314
0.000263691
0.000264645
0.000251532
0.000265121
0.000263691
0.000264883
0.000265837
0.000269175
0.000264406
0.000265598
0.000266075
0.000253439
0.000264645
0.000263214
0.000275135
0.000259399
0.000258207
0.000264883
0.000264883
0.000273228
0.000266314
0.000262022
0.000264168
0.000262260
0.000264406
0.000262022
0.000261784
0.000254869
0.000253916
0.000264645
0.000274658
0.000262976
0.000260592
0.000265837
0.000262260
0.000262976
0.000264645
0.000262260
0.000260353
0.000255823
