0.000236511
0.000252724
0.000252485
0.000255108
0.000254154
0.000253916
0.000259161
0.000256062
0.000255823
0.000254393
0.000253916
0.000256062
0.000259161
0.000256300
0.000257730
0.000256777
0.000257015
0.000256300
0.000258207
0.000255585
0.000257969
0.000257730
0.000256062
0.000257015
0.000258923
0.000257015
0.000257015
0.000255108
0.000250816
0.000256538
0.000257969
0.000257015
0.000257730
0.000253916
0.000256777
0.000242949
0.000268698
0.000262976
0.000253916
0.000256538
0.000256538
0.000256777
0.000258207
0.000257254
0.000256300
0.000255823
0.000251293
0.000258207
0.000255108
0.000256538
0.000256777
0.000256062
0.000250578
0.000256538
0.000258207
0.000256538
0.000257969
0.000256062
0.000257492
0.000254154
0.000257254
0.000256777
0.000249147
0.000255346
0.000252008
0.000246525
0.000249386
0.000253439
0.000255585
0.000248432
0.000267029
0.000254393
0.000234604
0.000258207
0.000259399
0.000255346
0.000256777
0.000256538
0.000255585
0.000257969
0.000254869
0.000255585
0.000256538
0.000257969
0.000259876
0.000254154
0.000258446
0.000264645
0.000253677
0.000255108
0.000257254
0.000257254
0.000257015
0.000255585
0.000259161
0.000255585
0.000256062
0.000257730
0.000256538
0.000253916
0.000258207
0.000255585
0.000251055
0.000252008
0.000266075
0.000251532
0.000252247
0.000247955
0.000254154
0.000253439
0.000252008
0.000254631
0.000251532
0.000253439
0.000252724
0.000252962
0.000255108
0.000252724
0.000254631
0.000258923
