0.000321388
0.000284910
0.000268459
0.000293016
0.000346184
0.000271082
0.000271559
0.000288963
0.000285864
0.000269413
0.000288248
0.000372887
0.000286579
0.000275850
0.000277519
0.000281334
0.000279427
0.000277996
0.000279665
0.000293016
0.000270605
0.000276089
0.000276566
0.000342131
0.000277042
0.000277042
0.000277996
0.000285149
0.000275612
0.000272751
0.000269175
0.000287771
0.000277042
0.000265598
0.000285149
0.000348330
0.000279427
0.000278950
0.000279665
0.000280380
0.000277996
0.000281572
0.000280380
0.000274181
0.000345707
0.000276804
0.000274181
0.000276566
0.000279427
0.000278711
0.000290155
0.000279188
0.000277042
0.000340223
0.000273466
0.000275373
0.000279665
0.000279903
0.000276327
0.000279903
0.000284433
0.000278950
0.000284672
0.000275135
0.000276804
0.000352144
0.000276327
0.000282049
0.000279665
0.000284433
0.000276804
0.000286341
0.000283241
0.000349760
0.000278711
0.000277519
0.000277758
0.000278473
0.000276089
0.000279188
0.000279188
0.000286341
0.000280857
0.000338793
0.000274897
0.000278950
0.000277996
0.000278950
0.000278711
0.000279188
0.000275373
0.000272274
0.000277042
0.000277519
0.000342607
0.000275612
0.000277281
0.000278473
0.000277042
0.000288248
0.000282049
0.000277042
0.000277996
0.000274658
0.000286818
0.000276327
0.000276804
0.000275850
0.000275612
0.000278234
0.000281811
0.000282764
0.000276089
0.000281811
0.000276327
0.000280619
0.000280142
0.000275373
0.000277519
0.000269890
