0.000293255
0.000392199
0.000312805
0.000311136
0.000323772
0.000390530
0.000314951
0.000312328
0.000312805
0.000313044
0.000392914
0.000312805
0.000315189
0.000323057
0.000313044
0.000316381
0.000389099
0.000314474
0.000313520
0.000323534
0.000302553
0.000313282
0.000384808
0.000315189
0.000312567
0.000305653
0.000309467
0.000314236
0.000313282
0.000383615
0.000315428
0.000310898
0.000315189
0.000325680
0.000313997
0.000312567
0.000393629
0.000311375
0.000315189
0.000313997
0.000305176
0.000390530
0.000301600
0.000312567
0.000314951
0.000311613
0.000312328
0.000398874
0.000310421
0.000310898
0.000315428
0.000306129
0.000313520
0.000384331
0.000316381
0.000317812
0.000317812
0.000310659
0.000315189
0.000314236
0.000390291
0.000310659
0.000319958
0.000310898
0.000389099
0.000313520
0.000314474
0.000390053
0.000307798
0.000309229
0.000305891
0.000298500
0.000318766
0.000393152
0.000305891
0.000328064
0.000319004
0.000316620
0.000330210
0.000315189
0.000316858
0.000304937
0.000313520
0.000305414
0.000390053
0.000314236
0.000314713
0.000312328
0.000315428
0.000381947
0.000328541
0.000302076
0.000316381
0.000316620
0.000316858
0.000312328
0.000395060
0.000313759
0.000318050
0.000314713
0.000305653
0.000308990
0.000308037
0.000308275
0.000310421
0.000320435
0.000310659
0.000308037
0.000309944
0.000298738
0.000311136
0.000304699
0.000312328
0.000309706
0.000308514
0.000311852
0.000310898
0.000307560
0.000302076
0.000317097
