0.000300407
0.000330687
0.000193834
0.000189543
0.000185728
0.000326395
0.000189543
0.000184536
0.000193596
0.000190973
0.000187397
0.000312805
0.000188112
0.000186682
0.000228405
0.000244856
0.000190258
0.000252962
0.000190258
0.000185251
0.000183582
0.000182629
0.000180721
0.000295639
0.000191212
0.000185966
0.000184536
0.000210524
0.000186443
0.000197172
0.000184536
0.000184298
0.000277996
0.000181913
0.000183105
0.000226974
0.000187874
0.000181913
0.000189781
0.000184298
0.000266552
0.000191212
0.000182390
0.000185251
0.000184298
0.000190735
0.000186920
0.000189543
0.000181437
0.000280857
0.000187635
0.000273705
0.000182152
0.000242949
0.000190735
0.000257969
0.000186443
0.000181437
0.000181913
0.000198126
0.000182390
0.000272751
0.000191927
0.000182390
0.000184536
0.000182867
0.000182867
0.000190258
0.000189066
0.000181913
0.000265837
0.000182152
0.000182152
0.000185966
0.000182629
0.000188828
0.000187397
0.000185251
0.000182867
0.000274420
0.000182152
0.000180483
0.000180721
0.000182390
0.000183821
0.000182152
0.000180960
0.000183582
0.000180721
0.000259399
0.000181198
0.000180483
0.000188351
0.000180960
0.000181437
0.000200987
0.000182629
0.000182629
0.000187159
0.000180244
0.000182390
0.000179052
0.000178576
0.000179291
0.000178576
0.000178099
0.000180006
0.000178814
0.000180244
0.000178337
0.000178814
0.000179052
0.000184774
0.000177860
0.000178576
0.000181913
0.000177860
0.000177860
0.000177860
0.000180244
0.000180244
0.000177145
0.000177145
0.000178337
0.000177145
0.000177622
0.000177383
0.000177383
0.000185728
0.000181198
0.000183105
0.000179291
0.000178337
0.000184536
0.000300646
0.000186443
0.000180244
0.000180006
0.000178337
0.000179529
0.000180244
0.000177145
0.000176907
0.000178099
0.000179291
0.000177622
0.000180244
0.000178337
0.000176907
0.000176907
0.000178576
0.000177860
0.000177383
0.000183821
0.000178337
0.000217199
0.000178337
0.000178337
0.000183344
0.000181198
0.000184059
0.000181198
0.000180244
0.000179052
0.000179291
0.000181913
0.000179052
0.000178576
0.000176907
0.000177622
0.000180721
0.000181198
0.000178337
0.000184298
0.000177622
0.000178576
0.000177860
0.000177145
0.000177145
0.000177145
0.000179052
0.000179529
0.000180721
0.000177383
0.000178576
0.000179529
0.000177622
0.000178099
0.000183582
0.000178814
0.000182867
0.000179529
0.000180721
0.000180006
0.000185013
0.000184774
0.000179529
0.000191927
0.000178576
0.000178576
0.000179291
0.000178576
0.000201702
0.000180721
0.000178099
0.000180006
0.000177622
0.000177383
0.000178337
0.000179052
0.000177622
0.000177145
0.000341892
0.000354767
0.000185966
0.000196934
0.000181437
0.000177860
0.000185728
0.000181675
0.000184536
0.000180721
0.000179291
0.000180721
0.000181437
0.000182867
0.000180483
0.000179052
0.000181437
0.000180006
0.000178814
0.000178814
0.000180244
0.000185013
0.000180721
0.000180244
0.000177145
0.000177622
0.000178337
0.000177860
0.000178099
0.000177622
0.000177860
0.000179768
0.000179291
0.000178337
0.000178099
0.000181675
0.000179768
0.000179768
0.000182867
0.000180244
0.000180244
0.000176907
0.000303507
0.000192165
0.000181437
0.000179291
0.000178814
0.000182867
0.000178576
0.000179052
0.000178814
0.000179291
0.000178576
0.000179529
0.000180721
0.000177860
0.000179052
0.000177860
0.000178814
0.000176907
0.000186443
0.000179291
0.000199318
0.000191927
0.000183582
0.000203133
0.000208616
0.000201941
0.000192881
0.000188112
0.000185013
0.000182867
0.000181437
0.000187159
0.000184536
0.000183344
0.000181675
0.000180960
0.000183344
0.000182867
0.000200272
0.000187397
0.000181913
0.000181437
0.000181198
0.000180721
0.000180006
0.000181675
0.000181675
0.000179529
0.000178576
0.000180006
0.000179529
0.000180244
0.000181437
0.000186443
0.000182629
0.000181675
0.000184536
0.000182390
0.000180483
0.000181675
0.000188828
0.000186205
0.000183582
0.000181913
0.000182390
0.000180721
0.000179052
0.000180483
0.000181198
0.000180483
0.000180721
0.000181198
0.000179768
0.000180960
0.000181437
0.000180244
0.000182390
0.000181437
0.000179768
0.000180006
0.000212193
0.000191689
0.000185490
0.000189543
0.000188351
0.000184298
0.000187159
0.000183344
0.000184059
0.000183105
0.000182390
0.000189304
0.000184536
0.000182629
0.000181675
0.000185013
0.000182390
0.000181675
0.000182152
0.000182629
0.000190258
0.000181437
0.000200033
0.000181437
0.000181198
0.000182629
0.000182867
0.000181437
0.000180960
0.000180721
0.000179768
0.000184536
0.000181198
0.000186205
0.000182152
0.000180006
0.000184298
0.000181437
0.000181437
0.000181675
0.000306368
0.000188351
0.000183344
0.000184059
0.000189543
0.000274897
0.000190973
0.000187397
0.000184059
0.000182629
0.000184059
0.000181437
0.000182867
0.000183821
0.000181675
0.000180960
0.000181675
0.000181913
0.000180721
0.000183582
0.000229597
0.000192642
0.000191450
0.000190735
0.000185490
0.000186920
0.000184298
0.000180483
0.000182867
0.000181913
0.000181198
0.000187159
0.000182152
0.000180960
0.000180483
0.000181675
0.000182867
0.000181913
0.000179768
0.000186682
0.000195742
0.000182152
0.000180244
0.000180483
0.000182152
0.000183582
0.000184774
0.000180483
0.000180244
0.000181913
0.000180960
0.000181437
0.000180006
0.000190020
0.000182390
0.000185013
0.000202894
0.000182152
0.000181437
0.000181675
0.000191689
0.000188112
0.000184536
0.000180960
0.000180006
0.000179291
0.000180006
0.000180244
0.000180960
0.000180960
0.000182390
0.000324965
0.000356674
0.000279188
0.000257254
0.000313282
0.000284433
0.000249147
0.000331640
0.000370502
0.000400782
0.000309467
0.000235796
0.000342607
0.000336409
0.000240088
0.000327587
0.000251770
0.000216722
0.000211000
0.000206470
0.000210285
0.000368118
0.000219584
0.000207901
0.000201941
0.000204802
0.000209808
0.000201941
0.000192881
0.000360012
0.000305891
0.000263929
0.000270128
0.000271797
0.000251293
0.000247240
0.000246525
0.000245333
0.000298738
0.000286102
0.000272751
0.000220537
0.000210285
0.000257015
0.000211954
0.000217915
0.000351906
0.000253677
0.000215530
0.000280142
0.000214815
0.000202417
0.000197172
0.000200272
0.001510859
