0.000321865
0.000450611
0.000258684
0.000221491
0.000216484
0.000312090
0.000219584
0.000213861
0.000218630
0.000213861
0.000306845
0.000211954
0.000213623
0.000211954
0.000214338
0.000221491
0.000211239
0.000307083
0.000213146
0.000212193
0.000235796
0.000300169
0.000215292
0.000211716
0.000218868
0.000240326
0.000212908
0.000313282
0.000220299
0.000215054
0.000215769
0.000214338
0.000211000
0.000307560
0.000366926
0.000290394
0.000221014
0.000212908
0.000314951
0.000212908
0.000212669
0.000212193
0.000211477
0.000211954
0.000211239
0.000305891
0.000228882
0.000211239
0.000211239
0.000302315
0.000212908
0.000232220
0.000210047
0.000210047
0.000210285
0.000211477
0.000235796
0.000303984
0.000219822
0.000213146
0.000216961
0.000213385
0.000212669
0.000304937
0.000211477
0.000212669
0.000217676
0.000213385
0.000300169
0.000211716
0.000211716
0.000212669
0.000212431
0.000310898
0.000211000
0.000213146
0.000221014
0.000212908
0.000209570
0.000312328
0.000211239
0.000210524
0.000210524
0.000211716
0.000213623
0.000242710
0.000312090
0.000215769
0.000217438
0.000219345
0.000218630
0.000214100
0.000215530
0.000213146
0.000302553
0.000218153
0.000211477
0.000231504
0.000210285
0.000208616
0.000206947
0.000206947
0.000211716
0.000210524
0.000205517
0.000205278
0.000205278
0.000215769
0.000205994
0.000205994
0.000205517
0.000206470
0.000207186
0.000212669
0.000207901
0.000209093
0.000207663
0.000212431
0.000215769
0.000208139
0.000211716
0.000209570
0.000207424
0.000208616
0.000206947
0.000235558
0.000214338
0.000211239
0.000209332
0.000211716
0.000208139
0.000207901
0.000207424
0.000209570
0.000205040
0.000208855
0.000206470
0.000211000
0.000205994
0.000206709
0.000208139
0.000207663
0.000206709
0.000216007
0.000207663
0.000230074
0.000206470
0.000213146
0.000214577
0.000210285
0.000211239
0.000209570
0.000206947
0.000207186
0.000207424
0.000212431
0.000209570
0.000213623
0.000206709
0.000207186
0.000209332
0.000207186
0.000206709
0.000206470
0.000205755
0.000211954
0.000207186
0.000213385
0.000205517
0.000206709
0.000207663
0.000209093
0.000207186
0.000208855
0.000207663
0.000207663
0.000208139
0.000214100
0.000214577
0.000208616
0.000217199
0.000210047
0.000214577
0.000208855
0.000334978
0.000215769
0.000210285
0.000225782
0.000205994
0.000208139
0.000208855
0.000206947
0.000213146
0.000208616
0.000206947
0.000206470
0.000206232
0.000215292
0.000205994
0.000205994
0.000206947
0.000206232
0.000205517
0.000205994
0.000205278
0.000233650
0.000207663
0.000215769
0.000207901
0.000205994
0.000208378
0.000208139
0.000206709
0.000207901
0.000207424
0.000209808
0.000212431
0.000213146
0.000205755
0.000205278
0.000205278
0.000208139
0.000208616
0.000208139
0.000205517
0.000206709
0.000205278
0.000206470
0.000205994
0.000205517
0.000206232
0.000205278
0.000209808
0.000206470
0.000210047
0.000205278
0.000206232
0.000212431
0.000208616
0.000205994
0.000209332
0.000206709
0.000213385
0.000209570
0.000208139
0.000212193
0.000208139
0.000215530
0.000292301
0.000212431
0.000205755
0.000206470
0.000218153
0.000207901
0.000206709
0.000205755
0.000205278
0.000211477
0.000205994
0.000205517
0.000322819
0.000208616
0.000214338
0.000207186
0.000208616
0.000206232
0.000206709
0.000216007
0.000208378
0.000207424
0.000214100
0.000210047
0.000205517
0.000207424
0.000205994
0.000211954
0.000206947
0.000211239
0.000217199
0.000213146
0.000211477
0.000214577
0.000218630
0.000213385
0.000220776
0.000211716
0.000208139
0.000212669
0.000211716
0.000207186
0.000207901
0.000205517
0.000214338
0.000208616
0.000206709
0.000206232
0.000205755
0.000221014
0.000209093
0.000208139
0.000209332
0.000206470
0.000208616
0.000208855
0.000355959
0.000219107
0.000208616
0.000225782
0.000207424
0.000206947
0.000207901
0.000207901
0.000209570
0.000205278
0.000205994
0.000206470
0.000207186
0.000211716
0.000206947
0.000207901
0.000207901
0.000205517
0.000215530
0.000208855
0.000242472
0.000211716
0.000208378
0.000218391
0.000209093
0.000211716
0.000209093
0.000207901
0.000212431
0.000207663
0.000205517
0.000211716
0.000206470
0.000208139
0.000205994
0.000207901
0.000207901
0.000206947
0.000215769
0.000206947
0.000205517
0.000208139
0.000207424
0.000213861
0.000205040
0.000206947
0.000205994
0.000205278
0.000205517
0.000206947
0.000205755
0.000206947
0.000204563
0.000216722
0.000206947
0.000213146
0.000215292
0.000208378
0.000206470
0.000206709
0.000210524
0.000210524
0.000209093
0.000213623
0.000206709
0.000205517
0.000205994
0.000206947
0.000204802
0.000206232
0.000205994
0.000205040
0.000205040
0.000206947
0.000211477
0.000204563
0.000206470
0.000205994
0.000205755
0.000206947
0.000243425
0.000207186
0.000203848
0.000217915
0.000207424
0.000210285
0.000207901
0.000207901
0.000211954
0.000207901
0.000207901
0.000212193
0.000206947
0.000211954
0.000205755
0.000207186
0.000206232
0.000206232
0.000205517
0.000206947
0.000205755
0.000206709
0.000207663
0.000211954
0.000205994
0.000205040
0.000204802
0.000205278
0.000205755
0.000206232
0.000206470
0.000212193
0.000205994
0.000212669
0.000208855
0.000210524
0.000209332
0.000211239
0.000207901
0.000329733
0.000355721
0.000211477
0.000206947
0.000206947
0.000367165
0.000382185
0.000383139
0.000416279
0.000381470
0.000257254
0.000371456
0.000367165
0.000380278
0.000231028
0.000216484
0.000211477
0.000214815
0.000210047
0.000217438
0.000214100
0.000220537
0.000213861
0.000208855
0.000219584
0.000214577
0.000212908
0.000215054
0.000210762
0.000216007
0.000209093
0.000215292
0.000214815
0.000209093
0.000209093
0.000207186
0.000207901
0.000207663
0.000208139
0.000206947
0.000211477
0.000210047
0.000208855
0.000216722
0.000209808
0.000212669
0.000212193
0.000208616
0.000206709
0.000207186
0.000207901
0.000214577
0.000211477
0.000207901
0.000213861
0.000211954
0.000211477
0.000229597
0.000211000
0.000216246
0.000209332
0.000209808
0.000216246
0.000210524
0.000207424
0.000208855
0.000207424
0.000209570
0.000206709
0.000214815
0.000210524
0.000238895
0.000233412
0.000215292
0.000213146
0.000207663
0.001521587
