0.000341415
0.000303984
0.000184774
0.000176430
0.000173330
0.000233173
0.000179291
0.000175238
0.000173092
0.000172138
0.000169754
0.000220537
0.000182390
0.000174999
0.000173807
0.000171661
0.000261545
0.000225067
0.000187159
0.000176907
0.000180483
0.000175714
0.000190735
0.000207186
0.000346184
0.000303507
0.000180721
0.000173092
0.000172138
0.000210762
0.000177622
0.000174522
0.000171900
0.000170946
0.000170469
0.000297785
0.000177383
0.000172615
0.000170946
0.000170708
0.000170946
0.000200510
0.000176668
0.000173330
0.000171661
0.000177383
0.000169754
0.000198364
0.000185013
0.000175714
0.000174999
0.000252008
0.000170708
0.000196457
0.000177860
0.000174046
0.000181675
0.000170946
0.000170231
0.000201941
0.000176907
0.000173092
0.000170946
0.000170469
0.000169992
0.000173092
0.000171661
0.000169516
0.000167847
0.000245094
0.000170708
0.000168800
0.000168562
0.000168562
0.000166655
0.000167608
0.000169039
0.000174522
0.000172853
0.000168800
0.000172138
0.000169516
0.000168800
0.000169992
0.000168562
0.000247717
0.000170946
0.000171661
0.000167370
0.000166893
0.000167608
0.000166655
0.000167847
0.000169039
0.000169277
0.000167131
0.000169277
0.000169039
0.000174522
0.000167608
0.000167847
0.000165701
0.000165462
0.000167131
0.000166178
0.000172377
0.000165939
0.000166655
0.000172138
0.000283241
0.000186443
0.000168800
0.000166893
0.000164986
0.000165939
0.000170231
0.000166893
0.000168800
0.000167131
0.000169754
0.000166893
0.000165224
0.000166893
0.000167131
0.000165462
0.000166893
0.000166893
0.000165462
0.000163794
0.000167608
0.000165701
0.000165939
0.000167847
0.000166416
0.000166178
0.000166416
0.000167370
0.000164986
0.000175238
0.000167847
0.000169992
0.000175953
0.000167131
0.000166655
0.000166893
0.000171900
0.000166178
0.000168324
0.000166178
0.000165939
0.000165939
0.000165462
0.000188351
0.000165939
0.000166893
0.000165224
0.000165462
0.000165701
0.000166178
0.000164509
0.000167608
0.000167847
0.000171185
0.000165701
0.000165701
0.000177860
0.000166655
0.000166893
0.000170946
0.000167847
0.000169277
0.000168800
0.000164270
0.000167370
0.000165224
0.000170231
0.000166893
0.000165701
0.000165701
0.000167847
0.000166893
0.000169039
0.000168324
0.000165224
0.000172853
0.000169516
0.000165224
0.000165224
0.000165701
0.000164986
0.000164270
0.000165224
0.000166416
0.000166416
0.000165701
0.000166655
0.000165701
0.000165462
0.000171185
0.000164986
0.000169992
0.000167847
0.000166655
0.000166893
0.000164986
0.000169516
0.000169039
0.000166655
0.000164986
0.000164270
0.000164986
0.000163794
0.000164747
0.000166655
0.000164509
0.000165939
0.000166416
0.000163555
0.000165224
0.000164509
0.000167131
0.000164509
0.000165701
0.000165939
0.000285625
0.000177860
0.000165462
0.000169754
0.000176191
0.000167847
0.000170946
0.000167370
0.000166416
0.000167131
0.000166416
0.000169992
0.000167131
0.000165224
0.000164986
0.000184536
0.000165939
0.000164986
0.000164270
0.000164509
0.000166893
0.000166416
0.000165701
0.000164270
0.000170469
0.000164270
0.000163078
0.000163794
0.000164270
0.000166178
0.000164509
0.000167847
0.000166416
0.000170231
0.000164509
0.000164747
0.000169039
0.000164986
0.000164509
0.000164509
0.000168324
0.000170231
0.000167370
0.000165224
0.000163794
0.000163794
0.000168085
0.000164986
0.000165701
0.000165701
0.000163555
0.000163555
0.000166178
0.000165701
0.000164032
0.000163555
0.000166655
0.000166655
0.000164747
0.000164747
0.000175714
0.000165939
0.000166416
0.000173330
0.000169277
0.000167370
0.000169277
0.000165939
0.000170469
0.000167608
0.000164986
0.000170708
0.000166416
0.000166416
0.000163794
0.000165701
0.000164032
0.000166178
0.000165224
0.000164747
0.000168324
0.000164986
0.000164032
0.000164747
0.000166416
0.000163555
0.000165224
0.000164747
0.000164032
0.000164986
0.000164747
0.000166178
0.000164986
0.000170469
0.000167847
0.000163794
0.000169516
0.000166416
0.000164747
0.000165701
0.000288963
0.000172615
0.000167847
0.000166416
0.000171185
0.000261784
0.000177145
0.000169992
0.000168562
0.000168324
0.000171423
0.000164747
0.000167608
0.000166893
0.000165939
0.000167370
0.000164747
0.000165224
0.000164509
0.000167370
0.000179052
0.000167370
0.000164986
0.000171185
0.000167370
0.000166893
0.000167847
0.000165939
0.000164270
0.000164032
0.000166416
0.000169516
0.000171423
0.000164986
0.000163555
0.000164747
0.000165701
0.000164032
0.000164032
0.000171661
0.000164747
0.000165939
0.000164032
0.000165224
0.000165939
0.000164986
0.000166416
0.000166893
0.000163317
0.000165701
0.000164747
0.000164747
0.000166893
0.000170469
0.000172615
0.000168324
0.000165701
0.000167131
0.000164747
0.000165462
0.000169277
0.000169277
0.000165462
0.000166893
0.000165224
0.000164270
0.000165701
0.000165462
0.000164986
0.000165462
0.000164032
0.000163794
0.000164747
0.000164032
0.000164270
0.000165224
0.000168800
0.000165701
0.000167608
0.000164747
0.000174284
0.000166178
0.000163317
0.000169992
0.000166655
0.000169039
0.000165462
0.000166416
0.000166178
0.000167847
0.000164747
0.000169516
0.000165701
0.000164986
0.000165224
0.000164270
0.000163794
0.000164270
0.000169516
0.000165701
0.000168562
0.000164986
0.000164032
0.000164747
0.000164032
0.000164509
0.000164270
0.000163794
0.000163317
0.000165462
0.000285149
0.000166178
0.000165224
0.000170946
0.000167131
0.000169277
0.000166178
0.000164509
0.000165939
0.000169516
0.000168800
0.000169992
0.000165939
0.000165224
0.000163794
0.000163794
0.000164032
0.000163794
0.000164270
0.000165462
0.000165462
0.000167370
0.000165462
0.000166416
0.000163555
0.000163555
0.000163555
0.000162840
0.000164509
0.000163078
0.000185251
0.000171661
0.000164270
0.000171661
0.000167370
0.000168562
0.000166178
0.000164747
0.000164032
0.000164986
0.000163555
0.000168800
0.000167608
0.000165224
0.000169039
0.000165939
0.000165701
0.000164509
0.000163794
0.000164986
0.000165701
0.000164747
0.000177622
0.000164270
0.000165462
0.000163794
0.000164509
0.000163317
0.000165224
0.000165462
0.000163317
0.000164270
0.000167131
0.000169754
0.000165701
0.001480579
