0.000260830
0.000329494
0.000175714
0.000167370
0.000166655
0.000218868
0.000175238
0.000165701
0.000163555
0.000163317
0.000160933
0.000211716
0.000261784
0.000165701
0.000166893
0.000163555
0.000160217
0.000170231
0.000160933
0.000160933
0.000160933
0.000161171
0.000159979
0.000163555
0.000161171
0.000159740
0.000159740
0.000160456
0.000166416
0.000168562
0.000164986
0.000161171
0.000160217
0.000164032
0.000160933
0.000165224
0.000164032
0.000160933
0.000159025
0.000159740
0.000160933
0.000164747
0.000160694
0.000237226
0.000159740
0.000159740
0.000160694
0.000164747
0.000159264
0.000159979
0.000160933
0.000158787
0.000161171
0.000162125
0.000160694
0.000177383
0.000163078
0.000158310
0.000166178
0.000168562
0.000164509
0.000159025
0.000160217
0.000158548
0.000159979
0.000164747
0.000162601
0.000161409
0.000160217
0.000159025
0.000156164
0.000160694
0.000159025
0.000159502
0.000159740
0.000159740
0.000162840
0.000161171
0.000241995
0.000159025
0.000159264
0.000159264
0.000158072
0.000158072
0.000159979
0.000160217
0.000159740
0.000160933
0.000164986
0.000161648
0.000163794
0.000160456
0.000160456
0.000159264
0.000283480
0.000168562
0.000161886
0.000161409
0.000161171
0.000165462
0.000160694
0.000174046
0.000159264
0.000156403
0.000157833
0.000157595
0.000158548
0.000156641
0.000158548
0.000155926
0.000157118
0.000155687
0.000155449
0.000159025
0.000156403
0.000165701
0.000155687
0.000156164
0.000170946
0.000160217
0.000161409
0.000158072
0.000161171
0.000158310
0.000157356
0.000161409
0.000160694
0.000158310
0.000158310
0.000162601
0.000156879
0.000157356
0.000157356
0.000156403
0.000159740
0.000160456
0.000156403
0.000155687
0.000156879
0.000159025
0.000158310
0.000158072
0.000158072
0.000157595
0.000161648
0.000155210
0.000155687
0.000156164
0.000164270
0.000157118
0.000159979
0.000159979
0.000156641
0.000158548
0.000159502
0.000160694
0.000160217
0.000156879
0.000156164
0.000155210
0.000158072
0.000156641
0.000156164
0.000157595
0.000155926
0.000157356
0.000157833
0.000163317
0.000157356
0.000157118
0.000159740
0.000159502
0.000156641
0.000156879
0.000156164
0.000170946
0.000156879
0.000164986
0.000161409
0.000159502
0.000159979
0.000158787
0.000159025
0.000157833
0.000157595
0.000161648
0.000158310
0.000157595
0.000157833
0.000155210
0.000160694
0.000157118
0.000157833
0.000157833
0.000156403
0.000156403
0.000155449
0.000155687
0.000155687
0.000154734
0.000156879
0.000155926
0.000156403
0.000157833
0.000158072
0.000157118
0.000157595
0.000162363
0.000160694
0.000156641
0.000161648
0.000157356
0.000162125
0.000158548
0.000284195
0.000162840
0.000157833
0.000156879
0.000156403
0.000157118
0.000155687
0.000155926
0.000156164
0.000157356
0.000156879
0.000157118
0.000155687
0.000156641
0.000155687
0.000156879
0.000156879
0.000155449
0.000156164
0.000156403
0.000159740
0.000161886
0.000156403
0.000161886
0.000158548
0.000155687
0.000159979
0.000155926
0.000157595
0.000157595
0.000155926
0.000160933
0.000158310
0.000156641
0.000155926
0.000155687
0.000154734
0.000155210
0.000155449
0.000156879
0.000159740
0.000157595
0.000155449
0.000162125
0.000154972
0.000155210
0.000155926
0.000155926
0.000156164
0.000156879
0.000156403
0.000156403
0.000156164
0.000161171
0.000158310
0.000157595
0.000160456
0.000157595
0.000155210
0.000156641
0.000155926
0.000161409
0.000161409
0.000155449
0.000161886
0.000261784
0.000171423
0.000160694
0.000159979
0.000158787
0.000159264
0.000157356
0.000159264
0.000158787
0.000157595
0.000156879
0.000157118
0.000156164
0.000157118
0.000157833
0.000160456
0.000159264
0.000155687
0.000164032
0.000158548
0.000158310
0.000160217
0.000158310
0.000160933
0.000156641
0.000156403
0.000162363
0.000157118
0.000158072
0.000157833
0.000156164
0.000156641
0.000155210
0.000156164
0.000160456
0.000157356
0.000157356
0.000157356
0.000156164
0.000157833
0.000156164
0.000157833
0.000154972
0.000157118
0.000156164
0.000155210
0.000161886
0.000157356
0.000163317
0.000158072
0.000157833
0.000164270
0.000161409
0.000161171
0.000161171
0.000334263
0.000169277
0.000163555
0.000158310
0.000158548
0.000158787
0.000159264
0.000155926
0.000156403
0.000159502
0.000157118
0.000157118
0.000156879
0.000161409
0.000156164
0.000158310
0.000157833
0.000159502
0.000155687
0.000158787
0.000155687
0.000157595
0.000155926
0.000162363
0.000157833
0.000160694
0.000158787
0.000156403
0.000155926
0.000156641
0.000156879
0.000162363
0.000159025
0.000155926
0.000157118
0.000155926
0.000161648
0.000173569
0.000161886
0.000158310
0.000163794
0.000158310
0.000157595
0.000157595
0.000156403
0.000155449
0.000156641
0.000159979
0.000157118
0.000157118
0.000156164
0.000157356
0.000156641
0.000162601
0.000158548
0.000162125
0.000158310
0.000158310
0.000159025
0.000163078
0.000160933
0.000162125
0.000158310
0.000158310
0.000155926
0.000155926
0.000157118
0.000156879
0.000158548
0.000156879
0.000156403
0.000156879
0.000155210
0.000159264
0.000156641
0.000158072
0.000156164
0.000156164
0.000159740
0.000157595
0.000160933
0.000156641
0.000161409
0.000162601
0.000156879
0.000161409
0.000157833
0.000156641
0.000156879
0.000158072
0.000157118
0.000160694
0.000156641
0.000157118
0.000160933
0.000156879
0.000156641
0.000155926
0.000156164
0.000158787
0.000159025
0.000156403
0.000157118
0.000156403
0.000162125
0.000157356
0.000155687
0.000156879
0.000156879
0.000157356
0.000157356
0.000158310
0.000155210
0.000167847
0.000165224
0.000161409
0.000159502
0.000159025
0.000157595
0.000157595
0.000160933
0.000161648
0.000156164
0.000155926
0.000156641
0.000156641
0.000156641
0.000161886
0.000154972
0.000156403
0.000155449
0.000157595
0.000156403
0.000154972
0.000156164
0.000159502
0.000157118
0.000182629
0.000164747
0.000166655
0.000168324
0.000160694
0.000160694
0.000165939
0.000159025
0.000160933
0.000157833
0.000156641
0.000157118
0.000157595
0.000156879
0.000161648
0.000159502
0.000156403
0.000155926
0.000158072
0.000156403
0.000156879
0.000157595
0.000156641
0.000160456
0.000156403
0.000157833
0.000156879
0.000156879
0.001479149
