0.014215231
0.004619122
0.004716158
0.004686594
0.003867149
0.004060507
0.004701376
0.004685402
0.003882647
0.003849268
0.004131317
0.004693508
0.013466835
0.003880024
0.003904343
0.013813019
0.004709005
0.013826370
0.004720688
0.004685879
0.012599707
0.004698277
0.003938437
0.003872395
0.013655663
0.003887415
0.003916025
0.003860474
0.004728317
0.004679203
0.003919840
0.004688978
0.003880024
0.004711151
0.003876448
0.004720211
0.003910303
0.004688740
0.003922462
0.004710197
0.003919363
0.003857136
0.003925323
0.004713058
0.014053106
0.004875422
0.004087210
0.004946709
0.004122734
0.004718065
0.003906727
0.004672527
0.004739046
0.003864765
0.003912210
0.003893852
0.014034986
0.004026175
0.004687548
0.004654646
0.004940510
0.004046202
0.003924847
0.004707813
0.003912210
0.013725519
0.004731894
0.004706383
0.003920317
0.012337685
0.004015923
0.014004469
0.013953447
0.012445688
0.004907846
0.004079819
0.004933357
0.004110575
0.004914761
0.004084587
0.004801273
0.004782200
0.004120111
0.004027367
0.022646666
0.174729586
0.243081093
0.291982174
0.384500027
0.440162659
0.563556671
0.677041769
0.841885090
0.893004656
0.797930956
0.702206373
0.805113316
0.708849669
0.628818512
0.740995407
0.865848064
0.859801769
0.775352001
0.679221153
0.582444906
0.485445738
0.388624668
0.291723251
0.194787979
0.097884655
0.003393888
0.003436327
0.003463030
0.003413439
0.003418446
0.003417015
0.003449440
0.003494024
0.003463030
0.003459454
0.003470182
0.003468990
0.003420115
0.003448486
0.003411055
0.003434420
0.003426075
0.003447294
0.003436565
0.003476381
0.003440380
0.003435850
0.003475189
0.003428221
0.003457308
0.003490210
0.003426313
0.003444433
0.003462315
0.003430128
0.003465652
0.003449917
0.003486156
0.003407478
0.003469944
0.003436327
0.003464460
0.003488541
0.003476858
0.003425598
0.003436565
0.003442526
0.003432274
0.003440857
0.003449917
0.003460884
0.003429174
0.003451586
0.003475428
0.003458261
0.003439188
0.003458738
0.003431559
0.003512383
0.003429890
0.003444672
0.003435850
0.003469706
0.003452301
0.003431320
0.003451109
0.003455400
0.003438473
0.003437281
0.003448963
0.003469706
0.003443956
0.003444910
0.003495932
0.003493547
0.003476620
0.003447533
0.003453255
0.186015844
0.257958412
0.171538115
0.074668407
0.003674746
0.003714085
0.003706932
0.003747225
0.003695250
0.003715038
0.003726006
0.003715277
0.003706455
0.003760815
0.003739834
0.003732681
0.003703833
0.003717899
0.003710270
0.003715277
0.003671646
0.003703594
0.003787041
0.185809851
0.262606144
0.330881596
0.415332556
0.476286173
0.561474323
0.680271387
0.843923569
0.747482538
0.715803623
0.619018555
0.522021770
0.425061464
0.328457117
0.231736660
0.256989717
0.340981007
0.414737463
0.495913506
0.596524715
0.651800394
0.554703712
0.457795382
0.360888243
0.263969421
0.167014599
0.070036888
0.003450871
0.003443241
0.003405333
0.003468752
0.003439426
0.003519297
0.003436089
0.003438473
0.003449917
0.003462315
0.003468037
0.003432512
0.003470898
0.003446817
0.003505468
0.003489017
0.003476143
0.003467798
0.003451109
0.003440857
0.003482819
0.003471851
0.003439665
0.003487349
0.003474712
0.003451347
0.003466606
0.003418922
0.003492594
0.003456593
0.003491402
0.003520966
0.003495932
0.003445148
0.003473520
0.003467083
0.003408432
0.003456116
0.003437519
0.003440142
0.003441095
0.003479958
0.003456831
0.003433704
0.003480673
0.003438950
0.003517866
0.003463030
0.003505230
0.003457785
0.003485680
0.003463984
0.003431797
0.003442526
0.003422022
0.003463745
0.003443003
0.003420353
0.003429413
0.003453255
0.003442287
0.003499508
0.003439665
0.003462076
0.003475428
0.003443003
0.003460169
0.003449440
0.003499746
0.003443480
0.003431320
0.003461838
0.003445387
0.003460884
0.003429651
0.003454685
0.003467083
0.003461361
0.003414631
0.003430367
0.173248053
0.250678539
0.317102194
0.398316860
0.480259895
0.535788536
0.438866138
0.341758966
0.434830189
0.539724112
0.649721861
0.723881006
0.697702885
0.704883337
0.723954916
0.780013323
0.685243368
0.750090837
0.782868385
0.685740948
0.782946110
0.878182411
0.984990120
0.932869911
0.962309361
0.893494606
0.808547735
0.711709499
0.619405985
0.522702456
0.639789820
0.767716646
0.709395409
0.764850378
0.668114424
0.571302414
0.474715471
0.377915859
0.281157255
0.184291363
0.087176800
0.003634930
0.003459454
0.003445864
0.003404617
0.003422499
0.003400326
0.003406763
0.003404856
0.003413200
0.003366470
0.003402710
0.003430843
0.003409863
0.003414392
0.003421545
0.003397226
0.003430128
0.003388643
0.003414154
0.003417730
0.003394604
0.003421307
0.003403425
0.003427267
0.003408194
0.003414631
0.003418446
0.003463268
0.003432035
0.003446341
0.003424406
0.003409863
0.003437042
0.003411770
0.003389597
0.003437042
0.003473043
0.003411770
0.003407955
0.003412962
0.003378153
0.003466129
0.003386497
0.003408909
0.003399372
0.003423929
0.003396749
0.003405333
0.003408670
0.003397703
0.003388166
0.003413677
0.003396034
0.003405809
0.003395796
0.003402948
0.003427982
0.003402710
0.003388166
0.003412247
0.003378630
0.003437757
0.003392935
0.032831669
0.173000097
0.256349087
0.328595161
0.442949533
0.514426470
0.426486015
0.329665899
0.232559443
0.135679722
0.038697481
0.003690004
0.003541231
0.003438950
0.003499985
0.003436804
0.003473282
0.003465891
0.003460407
0.003450394
0.003441334
0.003457308
0.003430843
0.003484011
0.003409147
0.003447771
0.003436089
0.003459215
0.003427505
0.003407001
0.003426313
0.003420591
0.003458023
0.003462791
0.003423452
0.003441572
0.003432512
0.003452301
0.003448248
0.003443480
0.003421783
0.003474474
0.003458500
0.003450871
0.003435612
0.003454924
0.003438234
0.003454447
0.003436565
0.003507376
0.003496885
0.003441095
0.003471375
0.003453016
0.003407001
0.003444433
0.003443241
0.003469229
0.078169107
0.173750639
0.241722107
0.327065468
0.415604830
0.535969257
0.657344341
0.711897373
0.700544834
0.734259605
0.637460709
0.540556908
0.443699598
0.346753359
0.249432325
0.152295589
0.055758238
0.185694218
0.254232168
0.341006756
0.479760647
0.583214283
0.654730320
0.720283270
0.727790356
