0.000165462
0.000118256
0.000151157
0.000265360
0.000139475
0.000136137
0.000183821
0.000136614
0.000129700
0.000133991
0.000129461
0.000128031
0.000142097
0.000127316
0.000127792
0.000126839
0.000124931
0.000125408
0.000142097
0.000129700
0.000126362
0.000125170
0.000126600
0.000124931
0.000130177
0.000127554
0.000124693
0.000131845
0.000128508
0.000143766
0.000136852
0.000126839
0.000126362
0.000124693
0.000131130
0.000128269
0.000128508
0.000126600
0.000126839
0.000133514
0.000131607
0.000128269
0.000131845
0.000134230
0.000128746
0.000126600
0.000126123
0.000131607
0.000140190
0.000126839
0.000125647
0.000125170
0.000126362
0.000124931
0.000128984
0.000126600
0.000124931
0.000132799
0.000130177
0.000129223
0.000132084
0.000126123
0.000127077
0.000126123
0.000129461
0.000128031
0.000130892
0.000128269
0.000125885
0.000126362
0.000126362
0.000124931
0.000131607
0.000127316
0.000127792
0.000124454
0.000126600
0.000126362
0.000133753
0.000125885
0.000124693
0.000125408
0.000123978
0.000125647
0.000128746
0.000126600
0.000125408
0.000132322
0.000126600
0.000129700
0.000131607
0.000126839
0.000126362
0.000125885
0.000132322
0.000128031
0.000134945
0.000126123
0.000124454
0.000133038
0.000146627
0.000134230
0.000138521
0.000132084
0.000134230
0.000133991
0.000133276
0.000132799
0.000133276
0.000143051
0.000142336
0.000142336
0.000143051
0.000141621
0.000145197
0.000142574
0.000142097
0.000147343
0.000144005
0.000146389
0.000152111
0.000143528
0.000141382
0.000145197
0.000148058
0.000143766
0.000151873
0.000143766
0.000146389
0.000142574
0.000142813
0.000142813
0.000143051
0.000142574
0.000144958
0.000142574
0.000141382
0.000141859
0.000141859
0.000141382
0.000145197
0.000142813
0.000143290
0.000142336
0.000143290
0.000143528
0.000141859
0.000148773
0.000142574
0.000146866
0.000144958
0.000143528
0.000142097
0.000142574
0.000147581
0.000142813
0.000143051
0.000142336
0.000142336
0.000142336
0.000142097
0.000142813
0.000141382
0.000143766
0.000143528
0.000146151
0.000142097
0.000143051
0.000142336
0.000146151
0.000145435
0.000151396
0.000142813
0.000141621
0.000161648
0.000143290
0.000141859
0.000152349
0.000145197
0.000147581
0.000146151
0.000142574
0.000142574
0.000142813
0.000146866
0.000144720
0.000142813
0.000144243
0.000142574
0.000142336
0.000142574
0.000142813
0.000142813
0.000142813
0.000144243
0.000142336
0.000142097
0.000141859
0.000142336
0.000144482
0.000143766
0.000143051
0.000141621
0.000141144
0.000142813
0.000245094
0.000147820
0.000149965
0.000143528
0.000147343
0.000153303
0.000143528
0.000144720
0.000142574
0.000147104
0.000143528
0.000150681
0.000141621
0.000142574
0.000141859
0.000142097
0.000142574
0.000141621
0.000141621
0.000142574
0.000143766
0.000142336
0.000143051
0.000141859
0.000142574
0.000141859
0.000142336
0.000141621
0.000140667
0.000157118
0.000140905
0.000150442
0.000150442
0.000143051
0.000146627
0.000144243
0.000142574
0.000142097
0.000141621
0.000148058
0.000144958
0.000143528
0.000144720
0.000144720
0.000144243
0.000142813
0.000142336
0.000142574
0.000141144
0.000151634
0.000142336
0.000149488
0.000152826
0.000148773
0.000144243
0.000142336
0.000143051
0.000143528
0.000142574
0.000152111
0.000143051
0.000141382
0.000148296
0.000142336
0.000145435
0.000143766
0.000142813
0.000142336
0.000279903
0.000152826
0.000144243
0.000142336
0.000142574
0.000146866
0.000142574
0.000141144
0.000141382
0.000140667
0.000149250
0.000142813
0.000141382
0.000142097
0.000141859
0.000141621
0.000142574
0.000141859
0.000142336
0.000141621
0.000141859
0.000154734
0.000143290
0.000140667
0.000147820
0.000150442
0.000146389
0.000144720
0.000143051
0.000150919
0.000143051
0.000145435
0.000144482
0.000142097
0.000143528
0.000142097
0.000141382
0.000142336
0.000142097
0.000142097
0.000142574
0.000144243
0.000141859
0.000141621
0.000141382
0.000159025
0.000145435
0.000142336
0.000141859
0.000140667
0.000141144
0.000142813
0.000141621
0.000140905
0.000147581
0.000142574
0.000146151
0.000144243
0.000142336
0.000143051
0.000141859
0.000147104
0.000151873
0.000143766
0.000150681
0.000142813
0.000142336
0.000144005
0.000142574
0.000142336
0.000141621
0.000142097
0.000141859
0.000141859
0.000144005
0.000142097
0.000141621
0.000141859
0.000143051
0.000141859
0.000141859
0.000158072
0.000141382
0.000142097
0.000146151
0.000142813
0.000146866
0.000151873
0.000142336
0.000141621
0.000142336
0.000154972
0.000143290
0.000141859
0.000143051
0.000142097
0.000141859
0.000141144
0.000141621
0.000140905
0.000142574
0.000141859
0.000142097
0.000140190
0.000141621
0.000140190
0.000141621
0.000142813
0.000141621
0.000141144
0.000141382
0.000142574
0.000143051
0.000141382
0.000146627
0.000141859
0.000144958
0.000143766
0.000142097
0.000142813
0.000272751
0.000149965
0.000143290
0.000142336
0.000141144
0.000142813
0.000162363
0.000143290
0.000141859
0.000140905
0.000141144
0.000146389
0.000143766
0.000142336
0.000144243
0.000143528
0.000143528
0.000140190
0.000142097
0.000141859
0.000142574
0.000153303
0.000142574
0.000141382
0.000146151
0.000143290
0.000147104
0.000144958
0.000142813
0.000142097
0.000142813
0.000146151
0.000144005
0.000143528
0.000143290
0.000144958
0.000143051
0.000143051
0.000142336
0.000143528
0.000143051
0.000144958
0.000143290
0.000141382
0.000141382
0.000142813
0.000142574
0.000143051
0.000141859
0.000141382
0.000140429
0.000141859
0.000141859
0.000140190
0.000148535
0.000143766
0.000147343
0.000144005
0.000142574
0.000149488
0.000141382
0.000146866
0.000144005
0.000143528
0.000144243
0.000142097
0.000141859
0.000142336
0.000141621
0.000141144
0.000141859
0.000142336
0.000145912
0.000143528
0.000144243
0.000143051
0.000144005
0.000142813
0.000143051
0.000142813
0.000142813
0.000143528
0.000141859
0.000142813
0.000147581
0.000141621
0.000146866
0.000143766
0.000143051
0.000142336
0.000141144
0.000147581
0.000144005
0.000142574
0.000144243
0.000141382
0.000142574
0.000142813
0.000142336
0.000142097
0.000141621
0.000142813
0.000141621
0.000141382
0.000150681
0.000142097
0.001599073
