0.000592947
0.000569820
0.000309467
0.000405550
0.000299692
0.000299931
0.000406027
0.000301838
0.000313520
0.000302553
0.000301600
0.000408173
0.000351191
0.000338793
0.000512362
0.000493526
0.000475407
0.000587463
0.000472307
0.000523090
0.000317335
0.000307560
0.000298262
0.000405073
0.000303507
0.000297308
0.000308752
0.000302315
0.000312805
0.000409365
0.000299215
0.000401497
0.000302315
0.000302553
0.000405073
0.000301600
0.000300407
0.000512362
0.000422716
0.000330687
0.000306845
0.000304461
0.000438690
0.000314474
0.000443697
0.000310421
0.000302553
0.000404835
0.000309229
0.000307322
0.000303507
0.000296831
0.000401497
0.000294924
0.000298500
0.000518799
0.000327826
0.000311852
0.000301361
0.000312567
0.000404119
0.000296116
0.000407457
0.000295162
0.000293732
0.000297070
0.000402451
0.000304461
0.000312090
0.000404596
0.000299454
0.000294685
0.000301361
0.000294447
0.000295162
0.000446081
0.000303268
0.000294924
0.000305414
0.000405073
0.000307798
0.000296831
0.000298262
0.000411987
0.000295877
0.000298500
0.000407696
0.000300646
0.000295162
0.000298023
0.000300169
0.000292301
0.000398874
0.000301361
0.000295877
0.000406981
0.000300884
0.000295162
0.000399590
0.000465870
0.000308990
0.000289202
0.000290394
0.000291109
0.000288248
0.000413656
0.000296593
0.000289679
0.000294447
0.000292540
0.000293732
0.000290155
0.000286102
0.000287533
0.000449896
0.000298023
0.000292063
0.000288010
0.000295639
0.000383615
0.000293493
0.000288010
0.000286341
0.000287771
0.000288725
0.000286818
0.000289917
0.000289440
0.000285864
0.000293732
0.000287056
0.000286341
0.000292301
0.000287056
0.000288486
0.000289917
0.000287533
0.000291586
0.000293016
0.000289679
0.000295162
0.000288725
0.000288486
0.000288248
0.000288963
0.000294924
0.000295639
0.000290394
0.000291824
0.000288725
0.000287533
0.000286579
0.000287294
0.000298977
0.000290155
0.000286579
0.000284910
0.000286341
0.000287533
0.000286579
0.000296354
0.000287771
0.000286818
0.000293732
0.000287771
0.000292540
0.000290155
0.000293255
0.000294924
0.000452757
0.000296354
0.000305653
0.000296593
0.000297308
0.000312805
0.000299215
0.000296116
0.000291824
0.000294685
0.000289202
0.000432491
0.000293493
0.000292301
0.000294209
0.000290871
0.000287294
0.000292540
0.000287294
0.000288486
0.000286579
0.000287294
0.000284195
0.000287294
0.000291348
0.000329256
0.000292063
0.000290871
0.000294685
0.000289917
0.000288963
0.000298977
0.000290155
0.000288486
0.000287294
0.000286818
0.000292778
0.000291824
0.000288248
0.000288486
0.000286579
0.000286341
0.000284672
0.000285149
0.000289917
0.000298500
0.000286102
0.000288010
0.000284433
0.000286102
0.000362396
0.000298738
0.000284433
0.000286341
0.000287294
0.000288248
0.000288725
0.000288010
0.000293732
0.000303268
0.000287771
0.000292778
0.000289679
0.000286102
0.000286341
0.000286818
0.000293732
0.000287771
0.000286818
0.000287294
0.000286579
0.000286579
0.000285864
0.000292540
0.000288010
0.000288248
0.000288725
0.000285387
0.000286818
0.000287294
0.000287056
0.000287533
0.000285864
0.000284910
0.000288010
0.000298500
0.000289679
0.000291348
0.000292540
0.000289679
0.000293016
0.000287533
0.000290155
0.000288963
0.000286579
0.000289440
0.000290871
0.000288486
0.000286818
0.000287294
0.000287056
0.000292301
0.000285387
0.000292540
0.000291348
0.000432491
0.000289679
0.000287771
0.000283957
0.000286102
0.000288725
0.000288963
0.000287056
0.000285149
0.000290155
0.000286818
0.000286818
0.000294209
0.000294209
0.000287533
0.000292301
0.000289440
0.000289440
0.000288963
0.000286341
0.000291109
0.000293255
0.000289917
0.000462294
0.000528097
0.000502586
0.000490904
0.000347376
0.000319481
0.000312328
0.000307083
0.000305891
0.000298738
0.000299215
0.000302792
0.000297308
0.000296354
0.000293255
0.000290632
0.000293493
0.000328064
0.000303984
0.000296831
0.000303030
0.000310183
0.000307083
0.000298738
0.000298977
0.000301123
0.000294209
0.000297546
0.000303507
0.000297308
0.000293493
0.000301123
0.000295162
0.000296354
0.000313759
0.000298738
0.000301361
0.000301123
0.000297070
0.000292540
0.000289202
0.000296116
0.000294209
0.000293016
0.000291348
0.000304699
0.000297785
0.000304222
0.000302076
0.000294685
0.000298738
0.000298500
0.000299692
0.000298738
0.000295877
0.000300884
0.000297546
0.000293970
0.000297546
0.000296116
0.000297070
0.000298500
0.000294924
0.000313520
0.000294447
0.000294924
0.000293016
0.000293255
0.000292778
0.000291586
0.000293016
0.000293970
0.000296831
0.000300884
0.000306129
0.000299692
0.000299692
0.000340939
0.000303507
0.000299931
0.000307083
0.000299454
0.000299692
0.000297070
0.000295639
0.000292063
0.000293970
0.000293255
0.000297308
0.000294209
0.000292301
0.000293732
0.000293255
0.000328302
0.000292540
0.000300884
0.000296593
0.000292778
0.000291824
0.000292301
0.000293016
0.000293493
0.000293732
0.000293732
0.000293016
0.000293732
0.000292778
0.000291824
0.000291586
0.000293255
0.000298977
0.000298977
0.000302076
0.000294209
0.000296354
0.000295162
0.000428915
0.000448227
0.000302076
0.000296831
0.000293493
0.000297308
0.000293732
0.000298977
0.000293016
0.000293970
0.000293493
0.000300646
0.000293255
0.000292063
0.000290632
0.000293970
0.000291824
0.000294447
0.000290155
0.000289917
0.000293732
0.000335693
0.000298738
0.000295401
0.000300169
0.000294685
0.000302553
0.000294209
0.000300169
0.000298738
0.000299215
0.000301361
0.000297546
0.000298977
0.000298738
0.000296831
0.000297308
0.000293493
0.000292301
0.000295639
0.000293970
0.000295877
0.000291824
0.000291109
0.000290632
0.000294924
0.000291348
0.000293255
0.000296831
0.000290394
0.000293732
0.000295162
0.000295162
0.000292778
0.000298738
0.000295877
0.000298738
0.000294924
0.000292540
0.000296593
0.000296831
0.000292778
0.000296354
0.000294685
0.000293493
0.000297070
0.000430584
0.000306606
0.000296831
0.000294447
0.000295162
0.000295877
0.000296116
0.000294685
0.000292778
0.000293493
0.000291824
0.000311852
0.000295162
0.000292540
0.000294447
0.000327110
0.000298262
0.000293970
0.000299215
0.000298500
0.001625299
