0.011826038
0.011106253
0.010858059
0.010780573
0.010870934
0.010865927
0.010755301
0.010847330
0.010762691
0.010877848
0.010870218
0.010749578
0.010851860
0.010756493
0.010751963
0.010858536
0.010857344
0.010848522
0.010854959
0.010762691
0.010897398
0.010756254
0.010853052
0.010854483
0.010751724
0.010861874
0.010756493
0.010749817
0.010742903
0.010861397
0.010851145
0.010759354
0.010847330
0.010749817
0.010873795
0.010863066
0.010753393
0.010857105
0.010871887
0.010779619
0.010865927
0.010852575
0.010744810
0.010747910
0.010853052
0.010869026
0.010782242
0.010779142
0.010767460
0.010792971
0.010875940
0.010771513
0.010869741
0.010868073
0.010871172
0.010786533
0.010891676
0.010780573
0.010872841
0.010776520
0.010882616
0.010870457
0.010774851
0.010771990
0.010773182
0.010963202
0.010897160
0.010813475
0.010895491
0.010896921
0.010800362
0.010886908
0.010874748
0.010779619
0.010777473
0.010878801
0.010873318
0.010780334
0.010787725
0.010771751
0.010772467
0.010878086
0.010869265
0.010766983
0.010774612
0.010865927
0.010760784
0.010872364
0.010775089
0.010872602
0.010762215
0.010869026
0.010860682
0.010751009
0.010772705
0.010773182
0.010868788
0.010765314
0.010854006
0.010873079
0.010754585
0.010730505
0.010734797
0.010740995
0.010930061
0.010743141
0.010734797
0.010727644
0.010735035
0.010734320
0.010740042
0.010730267
0.010721684
0.010737419
0.010739326
0.010734081
0.010725975
0.010729790
0.010734081
0.010741472
0.010729313
0.010731936
0.010749340
0.010732412
0.010823488
0.010740280
0.010730267
0.010754824
0.010761738
0.010746002
0.010755301
0.010732651
0.010733604
0.010734558
0.010731936
0.010737896
0.010730267
0.010724306
0.010729790
0.010733366
0.010738611
0.010735989
0.010724545
0.010731936
0.010733128
0.010728836
0.010725260
0.010725260
0.010731220
0.010740995
0.010728836
0.010721207
0.010732174
0.010730743
0.010739565
0.010725021
0.010732651
0.010734320
0.010731220
0.010739803
0.010746717
0.010732412
0.010732651
0.010730028
0.010726452
0.010740280
0.010733128
0.010726929
0.010733128
0.010740519
0.010745287
0.010743856
0.010732651
0.010730743
0.010727167
0.010735035
0.010726690
0.010725975
0.010733366
0.010728121
0.010731459
0.010728359
0.010725498
0.010735273
0.010733604
0.010727167
0.010725975
0.010739565
0.010739803
0.010760069
0.010735273
0.010751009
0.010738373
0.010734797
0.010729074
0.010735750
0.010732174
0.010723114
0.010729551
0.010747671
0.010736465
0.010727167
0.010728836
0.010744333
0.010741711
0.010741711
0.010726929
0.010727406
0.010727406
0.010745049
0.010728836
0.010734797
0.010730743
0.010745764
0.010746002
0.010739565
0.010725021
0.010742426
0.010735273
0.010748386
0.010729790
0.010725737
0.010750055
0.010791540
0.010955334
0.010746241
0.010745525
0.010737658
0.010741711
0.010733604
0.010750055
0.010741472
0.010732889
0.010729790
0.010730028
0.010728121
0.010726452
0.010725498
0.010731459
0.010732889
0.010730743
0.010728359
0.010728836
0.010732174
0.010826349
0.010749340
0.010736465
0.010739565
0.010736227
0.010743380
0.010731936
0.010725737
0.010727167
0.010722876
0.010728836
0.010743618
0.010736704
0.010740280
0.010737658
0.010742903
0.010747433
0.010735750
0.010730028
0.010735989
0.010729074
0.010732412
0.010729790
0.010726213
0.010729313
0.010747910
0.010734558
0.010727406
0.010755539
0.010739803
0.010735512
0.010725498
0.010726690
0.010740280
0.010731936
0.010738611
0.010728598
0.010721445
0.010725260
0.010724306
0.010726690
0.010744572
0.010732412
0.010724783
0.010735035
0.010744095
0.010726213
0.010723829
0.010726452
0.010732174
0.010727167
0.010726213
0.010738850
0.010730743
0.010729790
0.010727644
0.010724545
0.010722637
0.010723352
0.010723114
0.010808229
0.010736227
0.010729551
0.010738134
0.010736704
0.010753155
0.010729551
0.010724068
0.010723829
0.010726929
0.010734558
0.010740042
0.010732174
0.010733843
0.010731220
0.010730982
0.010735273
0.010722637
0.010735035
0.010725021
0.010721684
0.010722637
0.010734558
0.010725260
0.010745525
0.010725737
0.010730267
0.010726213
0.010730267
0.010735035
0.010732174
0.010729074
0.010739088
0.010749340
0.010737658
0.010736227
0.010730028
0.010724068
0.010725260
0.011020184
0.010809660
0.010744095
0.010739803
0.010739326
0.010731459
0.010857344
0.010738134
0.010722160
0.010728598
0.010724068
0.010720968
0.010722399
0.010735989
0.010724545
0.010744572
0.010730028
0.010726213
0.010732174
0.010727167
0.010730743
0.010818720
0.010739088
0.010726690
0.010742188
0.010735989
0.010735273
0.010735035
0.010723591
0.010726213
0.010726690
0.010728598
0.010736704
0.010730267
0.010730028
0.010783672
0.010756731
0.010741234
0.010734797
0.010726213
0.010733604
0.010729074
0.010722876
0.010728121
0.010726452
0.010731459
0.010728121
0.010746241
0.010738611
0.010724545
0.010735035
0.010732889
0.010728836
0.010742903
0.010734081
0.010731220
0.010737181
0.010727406
0.010727644
0.010747671
0.010739326
0.010728121
0.010732651
0.010725498
0.010728836
0.010731936
0.010729074
0.010725975
0.010725260
0.010729790
0.010724306
0.010730267
0.010723114
0.010724783
0.010724306
0.010726213
0.010733128
0.010732412
0.010734081
0.010747671
0.010731220
0.010817289
0.010730982
0.010725498
0.010733128
0.010736465
0.010734797
0.010739803
0.010725737
0.010721445
0.010726452
0.010730028
0.010740280
0.010735750
0.010736942
0.010731220
0.010731220
0.010726452
0.010722399
0.010726690
0.010729313
0.010739088
0.010726213
0.010722876
0.010722876
0.010729551
0.010725021
0.010719299
0.010722637
0.010725021
0.010734558
0.010725975
0.010732889
0.010731220
0.010733366
0.010733604
0.010737896
0.010727167
0.010726690
0.010732174
0.010998726
0.010883570
0.010748386
0.010742664
0.010727406
0.010736227
0.010731220
0.010734558
0.010729313
0.010721207
0.010727644
0.010741711
0.010729074
0.010724783
0.010723591
0.010726452
0.010725737
0.010721922
0.010724545
0.010733128
0.010728359
0.010812283
0.010738134
0.010725498
0.010737419
0.010737896
0.010740042
0.010733604
0.010736227
0.010729074
0.010730743
0.010735273
0.010750055
0.010753155
0.010722876
0.010729551
0.012202978
