0.000252724
0.000301600
0.000192404
0.000186443
0.000169516
0.000208855
0.000160694
0.000156641
0.000161886
0.000159979
0.000158548
0.000198126
0.000160694
0.000157595
0.000324488
0.000164747
0.000157356
0.000208139
0.000162125
0.000156164
0.000153780
0.000152349
0.000151396
0.000183582
0.000162840
0.000158787
0.000155926
0.000152826
0.000154018
0.000162601
0.000161409
0.000152826
0.000150204
0.000152588
0.000152111
0.000160456
0.000151873
0.000152826
0.000157595
0.000151873
0.000155449
0.000158310
0.000153542
0.000151157
0.000151157
0.000156403
0.000154734
0.000155687
0.000150204
0.000150919
0.000149965
0.000151634
0.000152826
0.000152588
0.000158310
0.000154257
0.000151634
0.000150681
0.000148773
0.000154495
0.000151396
0.000149965
0.000150442
0.000151396
0.000150681
0.000153542
0.000151634
0.000150681
0.000161886
0.000159025
0.000157118
0.000152588
0.000152349
0.000151634
0.000152349
0.000155449
0.000155687
0.000159025
0.000153065
0.000225782
0.000162601
0.000157118
0.000156879
0.000153542
0.000154257
0.000153303
0.000154495
0.000154734
0.000153065
0.000151396
0.000150681
0.000151634
0.000150919
0.000150681
0.000152349
0.000188589
0.000159979
0.000158548
0.000162840
0.000160694
0.000157595
0.000152349
0.000152349
0.000154257
0.000153065
0.000156641
0.000151157
0.000152588
0.000151873
0.000149727
0.000151634
0.000151157
0.000149965
0.000152588
0.000152349
0.000152111
0.000148296
0.000150919
0.000150681
0.000151157
0.000150919
0.000148773
0.000150204
0.000155449
0.000148296
0.000149012
0.000151157
0.000156403
0.000154257
0.000155210
0.000154257
0.000150681
0.000151873
0.000151396
0.000148535
0.000155449
0.000151396
0.000149488
0.000149012
0.000151873
0.000152111
0.000151873
0.000151396
0.000148773
0.000148773
0.000148535
0.000154257
0.000157595
0.000151634
0.000149965
0.000151157
0.000150681
0.000149250
0.000148773
0.000150919
0.000183344
0.000163555
0.000161409
0.000156164
0.000153303
0.000157595
0.000154734
0.000152111
0.000150204
0.000154734
0.000156403
0.000151873
0.000150442
0.000150919
0.000150681
0.000150442
0.000174284
0.000159740
0.000154018
0.000321388
0.000160456
0.000156164
0.000153065
0.000150919
0.000153542
0.000151873
0.000151396
0.000152111
0.000150919
0.000150204
0.000149727
0.000149488
0.000158548
0.000162840
0.000153780
0.000155926
0.000153065
0.000157595
0.000151396
0.000149012
0.000155210
0.000151634
0.000158072
0.000152111
0.000149012
0.000149488
0.000173092
0.000152349
0.000154495
0.000151157
0.000186920
0.000149965
0.000151634
0.000150204
0.000148773
0.000149965
0.000149012
0.000149250
0.000151396
0.000163555
0.000155449
0.000149727
0.000155210
0.000151157
0.000150204
0.000154734
0.000151396
0.000148535
0.000150681
0.000150204
0.000154257
0.000150204
0.000149012
0.000152349
0.000148296
0.000149965
0.000148296
0.000149488
0.000150204
0.000150919
0.000149965
0.000149488
0.000148058
0.000147820
0.000154734
0.000149250
0.000149488
0.000151396
0.000148296
0.000148773
0.000151396
0.000149965
0.000154257
0.000151634
0.000150204
0.000151873
0.000149012
0.000149012
0.000150681
0.000153542
0.000154495
0.000150681
0.000149727
0.000149250
0.000149012
0.000148296
0.000148058
0.000154734
0.000148535
0.000148773
0.000149488
0.000155210
0.000149727
0.000149965
0.000149250
0.000150204
0.000149012
0.000148535
0.000148535
0.000154257
0.000150204
0.000150919
0.000154495
0.000149250
0.000148773
0.000150681
0.000149727
0.000149727
0.000149488
0.000148296
0.000154734
0.000155687
0.000150919
0.000149727
0.000147820
0.000149250
0.000148773
0.000148058
0.000149012
0.000151873
0.000148535
0.000149250
0.000149488
0.000149012
0.000147820
0.000149250
0.000149250
0.000148296
0.000148773
0.000147820
0.000148773
0.000149250
0.000154734
0.000150919
0.000160456
0.000150919
0.000149488
0.000149488
0.000149965
0.000275850
0.000157118
0.000150919
0.000149488
0.000151873
0.000149488
0.000148535
0.000148773
0.000149965
0.000148535
0.000148773
0.000148296
0.000148773
0.000147820
0.000150919
0.000154018
0.000150204
0.000149965
0.000155449
0.000150681
0.000152111
0.000148058
0.000148296
0.000155449
0.000154257
0.000153780
0.000152588
0.000150442
0.000151396
0.000150204
0.000148058
0.000155449
0.000149727
0.000149727
0.000149488
0.000150442
0.000151634
0.000149488
0.000148535
0.000149727
0.000148296
0.000149965
0.000154018
0.000148535
0.000149012
0.000156403
0.000153303
0.000151634
0.000151634
0.000147581
0.000149250
0.000151396
0.000148535
0.000155926
0.000150204
0.000152826
0.000150919
0.000151634
0.000149250
0.000148773
0.000155687
0.000153542
0.000149012
0.000150204
0.000152588
0.000156879
0.000149250
0.000151634
0.000148535
0.000147581
0.000147820
0.000149250
0.000147820
0.000149965
0.000148296
0.000149250
0.000149012
0.000150681
0.000151157
0.000147820
0.000160456
0.000149250
0.000150681
0.000159979
0.000157356
0.000154972
0.000149250
0.000149250
0.000152588
0.000155687
0.000148296
0.000157595
0.000182390
0.000195503
0.000154018
0.000158072
0.000156164
0.000150442
0.000150919
0.000157356
0.000158548
0.000292301
0.000174999
0.000148535
0.000149727
0.000152111
0.000151157
0.000149012
0.000149012
0.000151157
0.000148773
0.000154495
0.000147581
0.000154972
0.000149488
0.000152826
0.000150442
0.000148535
0.000148773
0.000149965
0.000150204
0.000154018
0.000149012
0.000149727
0.000148058
0.000147581
0.000147343
0.000150204
0.000147820
0.000147104
0.000151396
0.000147820
0.000147581
0.000146627
0.000147343
0.000152826
0.000148296
0.000148296
0.000149488
0.000148773
0.000164509
0.000150442
0.000156879
0.000157595
0.000150442
0.000154495
0.000149965
0.000148058
0.000147820
0.000149250
0.000149250
0.000154495
0.000148773
0.000149250
0.000148535
0.000147581
0.000149727
0.000149250
0.000152826
0.000183821
0.000213146
0.000150919
0.000160456
0.000150204
0.000151873
0.000148535
0.000149250
0.000149488
0.000149965
0.000149488
0.000149250
0.000151157
0.000150919
0.000153303
0.000149012
0.000153065
0.000150442
0.000148535
0.000149488
0.000149965
0.000154257
0.000155210
0.000152111
0.000153542
0.000149727
0.001600742
