0.000246048
0.000306845
0.000155449
0.000149250
0.000148296
0.000207663
0.000153065
0.000149012
0.000147820
0.000146389
0.000145197
0.000185966
0.000154495
0.000149012
0.000148535
0.000150204
0.000147104
0.000255346
0.000162125
0.000151873
0.000151634
0.000161648
0.000150204
0.000183344
0.000153542
0.000155210
0.000149012
0.000148058
0.000145674
0.000224590
0.000156403
0.000151157
0.000146866
0.000148058
0.000145674
0.000157118
0.000152588
0.000159979
0.000155210
0.000144958
0.000145912
0.000156879
0.000145435
0.000145435
0.000144482
0.000164747
0.000146627
0.000153780
0.000151157
0.000146627
0.000149250
0.000144720
0.000144958
0.000146627
0.000143290
0.000148773
0.000146627
0.000143051
0.000143051
0.000147581
0.000143290
0.000144005
0.000142813
0.000144005
0.000143766
0.000145435
0.000143051
0.000154257
0.000143051
0.000150442
0.000162840
0.000160694
0.000165462
0.000159264
0.000158310
0.000159740
0.000159740
0.000156879
0.000172377
0.000161171
0.000163078
0.000160694
0.000159740
0.000159025
0.000292540
0.000167608
0.000162125
0.000160456
0.000159740
0.000159025
0.000168324
0.000161171
0.000158072
0.000160217
0.000164509
0.000159025
0.000158310
0.000158310
0.000159740
0.000158072
0.000159502
0.000157118
0.000156641
0.000156879
0.000158072
0.000158072
0.000158072
0.000163794
0.000160694
0.000159740
0.000163078
0.000157356
0.000158310
0.000157118
0.000157595
0.000163555
0.000160456
0.000158787
0.000157595
0.000159025
0.000158072
0.000159979
0.000158310
0.000161409
0.000163078
0.000157595
0.000158548
0.000156403
0.000157118
0.000158787
0.000159740
0.000155926
0.000157118
0.000158072
0.000157356
0.000158548
0.000158548
0.000164509
0.000159979
0.000165701
0.000163317
0.000160456
0.000157833
0.000158072
0.000158310
0.000163555
0.000159502
0.000159979
0.000157595
0.000158548
0.000159740
0.000159502
0.000157118
0.000158310
0.000157833
0.000156879
0.000158548
0.000157833
0.000157833
0.000158310
0.000158548
0.000164032
0.000158548
0.000157833
0.000170469
0.000158072
0.000157833
0.000165224
0.000159740
0.000158787
0.000163078
0.000159740
0.000160217
0.000159025
0.000157833
0.000161648
0.000157595
0.000158072
0.000162363
0.000156879
0.000156641
0.000164986
0.000159025
0.000158310
0.000163555
0.000159025
0.000157833
0.000158548
0.000158072
0.000156403
0.000155449
0.000166655
0.000158548
0.000158548
0.000156403
0.000158072
0.000158787
0.000165462
0.000159264
0.000158310
0.000162363
0.000158787
0.000159264
0.000160217
0.000161886
0.000162125
0.000166178
0.000159025
0.000157595
0.000157833
0.000157595
0.000157356
0.000158310
0.000167131
0.000159025
0.000156403
0.000163078
0.000158787
0.000157118
0.000154972
0.000162125
0.000157595
0.000156403
0.000156641
0.000295877
0.000161648
0.000156879
0.000164032
0.000162601
0.000156879
0.000159264
0.000157595
0.000156403
0.000158072
0.000158310
0.000162840
0.000160694
0.000158310
0.000166416
0.000156403
0.000157356
0.000157833
0.000157356
0.000165224
0.000161171
0.000159025
0.000157118
0.000156879
0.000157118
0.000158548
0.000163794
0.000158072
0.000156879
0.000155687
0.000156403
0.000157595
0.000157118
0.000162840
0.000158787
0.000161409
0.000158548
0.000158072
0.000158548
0.000166416
0.000158072
0.000162125
0.000159025
0.000157833
0.000155926
0.000156403
0.000157595
0.000165701
0.000156879
0.000164270
0.000157118
0.000159025
0.000159502
0.000158787
0.000155449
0.000156641
0.000155926
0.000156641
0.000158548
0.000156403
0.000161886
0.000158072
0.000156403
0.000180960
0.000177145
0.000173569
0.000171185
0.000166893
0.000161171
0.000161409
0.000158787
0.000169754
0.000159025
0.000159025
0.000159025
0.000163317
0.000160456
0.000160933
0.000156879
0.000159264
0.000158548
0.000157118
0.000157118
0.000155926
0.000158072
0.000173807
0.000159264
0.000157595
0.000158548
0.000157356
0.000157595
0.000159502
0.000157595
0.000169039
0.000158787
0.000162840
0.000158310
0.000157833
0.000157833
0.000156879
0.000289440
0.000163317
0.000158548
0.000155926
0.000160456
0.000160456
0.000157356
0.000156641
0.000155687
0.000156403
0.000156641
0.000155926
0.000156641
0.000156879
0.000156403
0.000164747
0.000160933
0.000156641
0.000155926
0.000155926
0.000168085
0.000156164
0.000166893
0.000165462
0.000159502
0.000162601
0.000159979
0.000158072
0.000156403
0.000157118
0.000155926
0.000163317
0.000156641
0.000157595
0.000156164
0.000155687
0.000156879
0.000159264
0.000162840
0.000156641
0.000163317
0.000157833
0.000167370
0.000158072
0.000157595
0.000169039
0.000158072
0.000159025
0.000158072
0.000157118
0.000164032
0.000156641
0.000155926
0.000163794
0.000157356
0.000161648
0.000158548
0.000158072
0.000157833
0.000157833
0.000163317
0.000162840
0.000159264
0.000157356
0.000156164
0.000159025
0.000157833
0.000158072
0.000167608
0.000157595
0.000155449
0.000159264
0.000156879
0.000156403
0.000156403
0.000157595
0.000155926
0.000157118
0.000158310
0.000159025
0.000173092
0.000157118
0.000157118
0.000162125
0.000165224
0.000161409
0.000159502
0.000157118
0.000156641
0.000158787
0.000157118
0.000161409
0.000157595
0.000157595
0.000155926
0.000156879
0.000157356
0.000156164
0.000156879
0.000158072
0.000159025
0.000156641
0.000155210
0.000155449
0.000154972
0.000161171
0.000156403
0.000166655
0.000155687
0.000155687
0.000157356
0.000158548
0.000155687
0.000162601
0.000156879
0.000161409
0.000157356
0.000158072
0.000158787
0.000204802
0.000216007
0.000170946
0.000159502
0.000157118
0.000157356
0.000165224
0.000175476
0.000163317
0.000155687
0.000157356
0.000155926
0.000157833
0.000155926
0.000155926
0.000156641
0.000156403
0.000156403
0.000156403
0.000155926
0.000158072
0.000163078
0.000159264
0.000158787
0.000163317
0.000157118
0.000161409
0.000158310
0.000158072
0.000157356
0.000161409
0.000156641
0.000160694
0.000158310
0.000157356
0.000160456
0.000159264
0.000157595
0.000160217
0.000158310
0.000158548
0.000162125
0.000156879
0.000166416
0.000158310
0.000158787
0.000156879
0.000158072
0.000158787
0.000158548
0.000157118
0.000157833
0.000155926
0.000163794
0.000163794
0.000158787
0.001479864
