0.000276566
0.000235796
0.000157118
0.000280857
0.000241756
0.000154495
0.000207186
0.000154495
0.000164270
0.000152349
0.000154495
0.000152826
0.000195503
0.000153780
0.000172138
0.000153065
0.000151873
0.000159740
0.000200033
0.000158310
0.000154972
0.000154018
0.000153542
0.000153542
0.000156403
0.000157595
0.000152349
0.000153065
0.000157118
0.000153065
0.000156403
0.000155449
0.000154734
0.000162601
0.000157833
0.000152588
0.000155449
0.000154734
0.000154257
0.000149727
0.000152826
0.000154734
0.000156403
0.000154018
0.000152349
0.000153065
0.000152588
0.000159502
0.000159025
0.000158310
0.000155687
0.000152111
0.000156164
0.000151396
0.000157833
0.000156403
0.000152588
0.000151396
0.000152588
0.000151873
0.000155449
0.000153542
0.000154018
0.000154734
0.000151634
0.000153542
0.000161171
0.000152826
0.000208139
0.000156164
0.000152349
0.000151157
0.000159264
0.000155926
0.000156879
0.000154018
0.000150681
0.000156641
0.000157833
0.000158310
0.000153303
0.000152349
0.000153542
0.000156164
0.000157118
0.000153065
0.000152111
0.000152349
0.000151873
0.000151634
0.000154972
0.000153065
0.000157118
0.000151634
0.000154972
0.000152349
0.000154734
0.000151634
0.000152111
0.000152111
0.000169754
0.000151396
0.000154734
0.000300169
0.000153780
0.000154018
0.000150204
0.000157356
0.000161409
0.000155926
0.000153780
0.000152826
0.000151873
0.000152111
0.000154495
0.000154734
0.000151396
0.000149488
0.000151157
0.000150442
0.000152111
0.000151157
0.000149965
0.000151157
0.000150681
0.000152826
0.000151873
0.000151396
0.000150204
0.000151873
0.000183821
0.000150442
0.000152111
0.000151396
0.000150681
0.000150919
0.000152349
0.000157833
0.000152111
0.000155687
0.000154495
0.000154018
0.000150919
0.000151157
0.000153303
0.000153065
0.000150919
0.000153303
0.000151873
0.000150681
0.000150442
0.000150442
0.000151396
0.000151634
0.000155687
0.000151396
0.000151157
0.000152588
0.000150442
0.000151396
0.000157356
0.000150681
0.000151157
0.000151634
0.000152349
0.000150204
0.000150204
0.000159502
0.000152826
0.000156164
0.000151396
0.000150442
0.000150919
0.000150204
0.000153303
0.000153303
0.000151873
0.000152111
0.000328541
0.000320435
0.000714540
0.000394106
0.000313282
0.000311375
0.000342846
0.000334978
0.000306129
0.000337601
0.000377893
0.000323296
0.000353575
0.000320196
0.000255823
0.000164032
0.000174522
0.000158787
0.000162840
0.000162363
0.000155687
0.000160933
0.000154495
0.000150681
0.000151873
0.000153065
0.000157595
0.000152588
0.000150442
0.000150442
0.000150204
0.000149727
0.000153303
0.000149965
0.000151157
0.000155449
0.000152111
0.000150204
0.000150681
0.000150681
0.000151157
0.000154495
0.000152349
0.000151396
0.000150681
0.000152111
0.000153542
0.000152826
0.000150919
0.000163317
0.000156641
0.000156879
0.000151873
0.000152826
0.000152826
0.000149727
0.000154734
0.000155210
0.000150681
0.000151157
0.000149250
0.000152349
0.000149727
0.000152826
0.000153065
0.000151873
0.000149488
0.000150204
0.000149488
0.000150919
0.000150919
0.000151634
0.000151873
0.000151396
0.000153780
0.000149488
0.000163794
0.000152588
0.000149727
0.000156164
0.000153780
0.000155449
0.000151157
0.000152588
0.000152826
0.000283957
0.000155449
0.000153065
0.000151396
0.000151396
0.000152588
0.000254393
0.000161648
0.000150681
0.000150919
0.000264406
0.000156879
0.000150919
0.000150681
0.000150204
0.000151634
0.000151157
0.000150204
0.000149488
0.000150442
0.000152349
0.000153065
0.000151157
0.000160217
0.000159025
0.000152349
0.000155926
0.000152111
0.000151157
0.000152349
0.000150442
0.000154018
0.000152588
0.000150919
0.000151634
0.000151396
0.000150204
0.000150919
0.000149727
0.000151157
0.000149488
0.000150681
0.000151396
0.000149965
0.000149965
0.000151634
0.000148773
0.000150919
0.000150681
0.000151157
0.000150442
0.000155210
0.000153542
0.000150442
0.000157118
0.000152111
0.000156403
0.000152349
0.000152111
0.000151873
0.000151873
0.000152349
0.000154257
0.000151634
0.000151396
0.000155449
0.000150681
0.000151157
0.000150919
0.000150442
0.000150442
0.000155210
0.000150442
0.000152588
0.000150919
0.000150681
0.000149488
0.000150681
0.000150919
0.000307322
0.000164509
0.000166893
0.000156164
0.000156164
0.000254393
0.000156641
0.000157118
0.000153065
0.000150681
0.000153065
0.000151634
0.000156164
0.000152826
0.000151634
0.000153542
0.000150204
0.000150919
0.000150204
0.000149012
0.000153303
0.000150442
0.000149965
0.000150681
0.000149965
0.000151396
0.000151634
0.000152588
0.000151396
0.000150204
0.000150919
0.000150919
0.000152826
0.000150442
0.000149727
0.000155210
0.000154018
0.000154972
0.000150681
0.000149965
0.000150204
0.000149965
0.000154018
0.000152826
0.000149488
0.000151157
0.000151873
0.000152349
0.000155687
0.000149965
0.000151157
0.000150919
0.000154257
0.000151157
0.000150204
0.000151157
0.000150919
0.000151396
0.000151396
0.000149012
0.000150919
0.000151157
0.000150681
0.000149965
0.000149965
0.000157118
0.000150204
0.000154257
0.000152111
0.000150919
0.000150204
0.000150442
0.000153542
0.000152588
0.000149965
0.000153780
0.000149965
0.000149727
0.000152588
0.000150442
0.000150204
0.000149012
0.000148773
0.000152111
0.000149727
0.000151157
0.000278950
0.000216722
0.000158548
0.000151634
0.000151634
0.000151157
0.000157595
0.000152111
0.000150204
0.000157356
0.000154495
0.000154018
0.000150204
0.000154972
0.000152826
0.000151634
0.000152588
0.000152588
0.000149250
0.000150919
0.000148773
0.000149965
0.000152826
0.000151873
0.000151634
0.000149012
0.000151396
0.000149727
0.000150919
0.000148058
0.000149965
0.000149488
0.000160933
0.000151396
0.000153065
0.000151157
0.000152349
0.000151157
0.000150442
0.000157118
0.000152111
0.000154257
0.000152588
0.000151157
0.000152588
0.000153065
0.000157833
0.000154734
0.000150442
0.000149965
0.000155687
0.000151157
0.000151873
0.000151396
0.000153542
0.000152111
0.000149488
0.000150919
0.000150204
0.000149488
0.000152349
0.000150442
0.000150204
0.000150204
0.000150919
0.000152588
0.000153542
0.000150919
0.000151634
0.000157356
0.000151157
0.001438141
