0.000252008
0.000323296
0.000166655
0.000163555
0.000159979
0.000231266
0.000164747
0.000239134
0.000170708
0.000162363
0.000165701
0.000208616
0.000166178
0.000159979
0.000161886
0.000162363
0.000158787
0.000206947
0.000164032
0.000160456
0.000159264
0.000186205
0.000163555
0.000188589
0.000164986
0.000161409
0.000159740
0.000158072
0.000155687
0.000190973
0.000164986
0.000159740
0.000157356
0.000158310
0.000156403
0.000183344
0.000166178
0.000159979
0.000164509
0.000157833
0.000159502
0.000183344
0.000163555
0.000164747
0.000157833
0.000165939
0.000160694
0.000215292
0.000163555
0.000159979
0.000158787
0.000163317
0.000156403
0.000180483
0.000160933
0.000158072
0.000158072
0.000154734
0.000156164
0.000168085
0.000155926
0.000155449
0.000154495
0.000154734
0.000154018
0.000182867
0.000157595
0.000164986
0.000163317
0.000156403
0.000159740
0.000156403
0.000154018
0.000155926
0.000154018
0.000242472
0.000159025
0.000156403
0.000154495
0.000156403
0.000154972
0.000155687
0.000154972
0.000154495
0.000155926
0.000157833
0.000155210
0.000159979
0.000154257
0.000161171
0.000154972
0.000154018
0.000156403
0.000159264
0.000155687
0.000154495
0.000154018
0.000155926
0.000159740
0.000155687
0.000158787
0.000156164
0.000153780
0.000153542
0.000154257
0.000157833
0.000155687
0.000154018
0.000155210
0.000153780
0.000159502
0.000151634
0.000153303
0.000153303
0.000154018
0.000153542
0.000153780
0.000154018
0.000153065
0.000154018
0.000154018
0.000154734
0.000152826
0.000154734
0.000153303
0.000165462
0.000153780
0.000277996
0.000155449
0.000154734
0.000157356
0.000153303
0.000152588
0.000152826
0.000155926
0.000157118
0.000154018
0.000153303
0.000153303
0.000154972
0.000155449
0.000153542
0.000154018
0.000154257
0.000152826
0.000153542
0.000152349
0.000151873
0.000150204
0.000151634
0.000152826
0.000152111
0.000152111
0.000152588
0.000152111
0.000151873
0.000153303
0.000166178
0.000155687
0.000154257
0.000158787
0.000157356
0.000153303
0.000152588
0.000281811
0.000158548
0.000154495
0.000154257
0.000152111
0.000153303
0.000152826
0.000154734
0.000151634
0.000151873
0.000153065
0.000153303
0.000152588
0.000152826
0.000152588
0.000158310
0.000152349
0.000154018
0.000152111
0.000153303
0.000156164
0.000154257
0.000152349
0.000159264
0.000155687
0.000154257
0.000158548
0.000154734
0.000156403
0.000152826
0.000154018
0.000158310
0.000155210
0.000154734
0.000153065
0.000152349
0.000154495
0.000153303
0.000159502
0.000155210
0.000157595
0.000153542
0.000154495
0.000153542
0.000152111
0.000152349
0.000151157
0.000152826
0.000151873
0.000154018
0.000153065
0.000156164
0.000151873
0.000157595
0.000156164
0.000154018
0.000158548
0.000155210
0.000153065
0.000154257
0.000155687
0.000162125
0.000153780
0.000154018
0.000158310
0.000256538
0.000165701
0.000159979
0.000155210
0.000157595
0.000157118
0.000154734
0.000155926
0.000156164
0.000153303
0.000152349
0.000154495
0.000151634
0.000154257
0.000156403
0.000190020
0.000167370
0.000159264
0.000171900
0.000157833
0.000154972
0.000159264
0.000154018
0.000154495
0.000154018
0.000156641
0.000159264
0.000153780
0.000153065
0.000152111
0.000152111
0.000152111
0.000154495
0.000152349
0.000159264
0.000154257
0.000155210
0.000154257
0.000152826
0.000151396
0.000154018
0.000154972
0.000153065
0.000152349
0.000153303
0.000151396
0.000151873
0.000156879
0.000159025
0.000153542
0.000153780
0.000156164
0.000153780
0.000151634
0.000152588
0.000161171
0.000158787
0.000154972
0.000155449
0.000153780
0.000152826
0.000153065
0.000153542
0.000154257
0.000152111
0.000153303
0.000151873
0.000151634
0.000154018
0.000153780
0.000151634
0.000159025
0.000152588
0.000151396
0.000152826
0.000188112
0.000163794
0.000158072
0.000163078
0.000159264
0.000159979
0.000156403
0.000154018
0.000152826
0.000152588
0.000153780
0.000157356
0.000160456
0.000152588
0.000154495
0.000154972
0.000154972
0.000176907
0.000159979
0.000157356
0.000320673
0.000163078
0.000158787
0.000155210
0.000155449
0.000155210
0.000154257
0.000153303
0.000154972
0.000155210
0.000154734
0.000154257
0.000153303
0.000165224
0.000167847
0.000159502
0.000154734
0.000154972
0.000155687
0.000154972
0.000158310
0.000162601
0.000155449
0.000154734
0.000153542
0.000153780
0.000155926
0.000153065
0.000153065
0.000153780
0.000154257
0.000153780
0.000152349
0.000151634
0.000153303
0.000152111
0.000152826
0.000158787
0.000154018
0.000153065
0.000163794
0.000155210
0.000152588
0.000160694
0.000154734
0.000158310
0.000156164
0.000156403
0.000152111
0.000155687
0.000155210
0.000157833
0.000154495
0.000153065
0.000156403
0.000153303
0.000153780
0.000155926
0.000153303
0.000153542
0.000158072
0.000152349
0.000154495
0.000153065
0.000151873
0.000150919
0.000152826
0.000155687
0.000154495
0.000153542
0.000152588
0.000156641
0.000162601
0.000159979
0.000153542
0.000158548
0.000155210
0.000154495
0.000155926
0.000152349
0.000157356
0.000157595
0.000153780
0.000158072
0.000152826
0.000153780
0.000151396
0.000152349
0.000153780
0.000153780
0.000153303
0.000151873
0.000153303
0.000153542
0.000153542
0.000155449
0.000153065
0.000169754
0.000158787
0.000157118
0.000154972
0.000154018
0.000153303
0.000159264
0.000154257
0.000157833
0.000224590
0.000155687
0.000153303
0.000154734
0.000154495
0.000158072
0.000154972
0.000154495
0.000153303
0.000153065
0.000153542
0.000153542
0.000153065
0.000152588
0.000158072
0.000152826
0.000152349
0.000152111
0.000153065
0.000153303
0.000153065
0.000153303
0.000152826
0.000158072
0.000155449
0.000154257
0.000152111
0.000157833
0.000153542
0.000156641
0.000155687
0.000154734
0.000154018
0.000152349
0.000154018
0.000157595
0.000154972
0.000154495
0.000151873
0.000153065
0.000154495
0.000152826
0.000153542
0.000154018
0.000152349
0.000154972
0.000155687
0.000152588
0.000151634
0.000153542
0.000152826
0.000152826
0.000155687
0.000153065
0.000191689
0.000163078
0.000160694
0.000165462
0.000158310
0.000160933
0.000154257
0.000154495
0.000155926
0.000153303
0.000157118
0.000158310
0.000154734
0.000154972
0.000154018
0.001469612
