0.033881664
0.032116413
0.032042980
0.031861067
0.031822443
0.031907558
0.032063484
0.032038212
0.031797171
0.031850815
0.032021523
0.031851053
0.031851530
0.031867981
0.032032728
0.032033920
0.031871796
0.032033443
0.032029152
0.031865358
0.031874418
0.031850338
0.032027960
0.031883001
0.021755934
0.001209736
0.001022339
0.001204252
0.001242399
0.001042843
0.001031399
0.001229286
0.001235962
0.001024485
0.001360655
0.001033306
0.001243830
0.001022577
0.001007795
0.001240492
0.001253366
0.001024723
0.001227140
0.001241922
0.001038313
0.001025200
0.001257181
0.001020193
0.001018763
0.001253128
0.001243830
0.001011372
0.001238823
0.001058102
0.001242876
0.001310587
0.001229286
0.001225710
0.001010895
0.001252413
0.001047850
0.001043797
0.001257181
0.001022816
0.001014471
0.001283884
0.001273394
0.001011848
0.001260757
0.001281738
0.001046181
0.001259565
0.001251698
0.001320124
0.001281977
0.001049042
0.001047850
0.001267910
0.001049042
0.001281261
0.001041651
0.001269341
0.001022100
0.001030922
0.001027822
0.001280785
0.001251221
0.001272917
0.001027822
0.001271963
0.001274586
0.001277208
0.001022577
0.001022577
0.001021624
0.031348228
0.032074690
0.031884193
0.032101393
0.032095432
0.032078028
0.031806231
0.031770468
0.031790257
0.031790018
0.031808138
0.031780720
0.031788588
0.031804562
0.031787395
0.031802893
0.031780720
0.031792641
0.031787395
0.031811714
0.031790495
0.031790972
0.031817436
0.031811714
0.031825066
0.031772137
0.031775713
0.031762838
0.031771660
0.031766653
0.031769991
0.031769991
0.031761169
0.031785965
0.031773329
0.031761885
0.031766176
0.031752586
0.031761408
0.031771660
0.031764269
0.031768560
0.031757832
0.031770945
0.031772852
0.031821966
0.031791687
0.031761646
0.031781197
0.031800032
0.031786442
0.031771421
0.031795740
0.031780005
0.031804085
0.000958920
0.031314135
0.031763554
0.031877756
0.031924486
0.031774759
0.011150122
0.000976562
0.031802893
0.031780958
0.031761408
0.031776667
0.031760931
0.031765461
0.031772137
0.031789303
0.031787872
0.031781912
0.031809092
0.031826735
0.031776428
0.031799316
0.031804800
0.031799793
0.031921387
0.031805277
0.031795025
0.031817913
0.031815767
0.031832457
0.031793833
0.031788349
0.031780720
0.031788588
0.031791449
0.031799555
0.031786680
0.031775951
0.031820059
0.031796694
0.031796455
0.031796932
0.031790495
0.031797409
0.031788349
0.031808376
0.031781197
0.031781673
0.031805754
0.031786919
0.031788349
0.031782389
0.031798601
0.031774282
0.031795979
0.031815767
0.031796932
0.031796694
0.031803370
0.031803608
0.031784534
0.031732559
0.031784058
0.031799555
0.031822443
0.031824827
0.031788111
0.031802177
0.031774521
0.031782627
0.031754494
0.031754732
0.031754017
0.031759977
0.031750441
0.031765461
0.031797171
0.031769991
0.031766176
0.031762600
0.031760454
0.031750679
0.031758070
0.031754971
0.031810284
0.031765699
0.021438837
0.031778574
0.031781435
0.031777859
0.031775475
0.031769753
0.011307716
0.031783342
0.031781197
0.031773090
0.031754255
0.031751156
0.031769037
0.031772614
0.031759024
0.031746626
0.031760454
0.031797647
0.031770945
0.031761646
0.031762362
0.031754732
0.031766653
0.031757355
0.031750917
0.031763315
0.031760931
0.031761885
0.031772614
0.031760693
0.031759739
0.031779766
0.031789064
0.031782150
0.031762362
0.031762600
0.031842947
0.032006979
0.011469364
0.031792879
0.031764030
0.031749964
0.031785727
0.031805754
0.031798601
0.031815529
0.031806469
0.031791925
0.031791925
0.031831980
0.031809807
0.031796217
0.031800270
0.031801701
0.031800747
0.031786680
0.031807423
0.031810284
0.031890869
0.031805515
0.031814575
0.031814098
0.031826973
0.031818390
0.031804562
0.031795979
0.031786680
0.031796217
0.031813145
0.031807661
0.031799555
0.031785965
0.031813145
0.031801462
0.031797409
0.031786203
0.031803131
0.031801224
0.031809092
0.031790018
0.031794786
0.031784773
0.031836510
0.031829834
0.031818628
0.031798840
0.031788349
0.031766176
0.031790018
0.031782389
0.031781197
0.031802654
0.031796217
0.031790972
0.031780481
0.031780005
0.031788111
0.031776667
0.031793594
0.031778097
0.031784296
0.031772614
0.031783342
0.031791687
0.031778574
0.031767845
0.031773090
0.031790018
0.031775951
0.031780243
0.031778097
0.031778574
0.031792402
0.031784773
0.031786919
0.031774044
0.031788111
0.031768322
0.031867981
0.031781435
0.031777859
0.031793594
0.031791925
0.031805754
0.031778812
0.031783581
0.031778812
0.031773090
0.031831741
0.031815290
0.031806946
0.031800508
0.031807184
0.031803370
0.031798840
0.031795263
0.031816959
0.031793833
0.031809330
0.031797171
0.031792164
0.031805277
0.031806469
0.031795979
0.031788588
0.031792402
0.031797886
0.031798601
0.031801939
0.031791210
0.031803608
0.031802893
0.031759977
0.031747103
0.031802416
0.031806707
0.031797409
0.032019138
0.031848669
0.031816006
0.031831264
0.031814337
0.031828403
0.031924725
0.031836510
0.031810522
0.031802893
0.031804562
0.031809568
0.031784058
0.031790495
0.031794071
0.031810522
0.031806946
0.031791449
0.031804800
0.031797647
0.031800508
0.031897306
0.031792641
0.031795502
0.031824827
0.031818151
0.031833172
0.031797886
0.031793356
0.031813145
0.031787634
0.031791687
0.031794786
0.031774044
0.031791210
0.031794071
0.031781912
0.031788111
0.031780958
0.031779528
0.031785488
0.031793118
0.031773329
0.031776190
0.031766415
0.031783581
0.031787157
0.031779528
0.031770706
0.031792641
0.031794071
0.031789064
0.031787395
0.031773090
0.031870127
0.031794310
0.031786203
0.031774044
0.031783581
0.031776190
0.031806231
0.031800032
0.031793118
0.031777859
0.031785488
0.031793594
0.031792641
0.031781912
0.031780481
0.031788349
0.031798363
0.031813145
0.031804800
0.031812906
0.031787395
0.031809330
0.031833887
0.031805515
0.031806469
0.031844139
0.031800985
0.031908989
0.031835079
0.031807661
0.031881332
0.031834364
0.031811237
0.031799316
0.031801701
0.031804800
0.031800032
0.031816721
0.031801224
0.031794310
0.031804562
0.031808853
0.031803608
0.031800508
0.031799078
0.031803131
0.031799316
0.031799078
0.031796455
0.031795502
0.031786919
0.031813145
0.032889366
