0.480260134
0.886703253
1.202211142
1.173389673
1.077649832
0.984847307
0.888377666
0.790800810
0.694564581
0.595350504
0.506296158
0.405808687
0.301971436
0.205452204
0.115108490
0.019042015
0.009669304
0.007824421
0.009567261
0.009567499
0.008393049
0.007879496
0.009612083
0.011768103
0.009577036
0.007962704
0.008028746
0.009652376
0.009662867
0.009521008
0.007946253
0.011816263
0.173538923
0.080637455
0.012155294
0.110943556
0.109677553
0.023460388
0.008041859
0.007969141
0.009560823
0.009620428
0.009653330
0.007973194
0.008013248
0.009684324
0.007970095
0.007906199
0.007962227
0.007894993
0.009677172
0.007993221
0.009593248
0.009638071
0.011717081
0.007902861
0.007987738
0.009546041
0.007912397
0.009698153
0.007947445
0.009664774
0.009558439
0.008058071
0.007994175
0.009454966
0.007885695
0.009602308
0.009695292
0.009574890
0.008037806
0.007889509
0.009642124
0.007979393
0.007950783
0.009603977
0.007883310
0.009577274
0.008359432
0.008234739
0.010150671
0.009655476
0.008031368
0.009664536
0.009668112
0.008799791
0.008095264
0.009740591
0.009770870
0.008467674
0.009931803
0.009597063
0.008023262
0.010055542
0.009758949
0.008066654
0.007853746
0.009576321
0.009444475
0.009455442
0.007848263
0.007530928
0.112949371
0.051951885
0.007374287
0.007740974
0.015073776
0.007931471
0.008090496
0.007942438
0.309060574
0.219911098
0.381551743
0.288661718
0.195917130
0.449764013
0.430407286
0.449536085
0.356882334
0.264239550
0.172818184
0.080544233
0.007216215
0.007231236
0.007077932
0.214778423
0.207664251
0.114934683
0.021785021
0.007490158
0.007386923
0.007352591
0.198917627
0.622550011
0.535939217
0.446994066
0.353855371
0.260446787
0.167122364
0.079072952
0.007685900
0.007733583
0.468831539
0.751838923
1.311050892
1.221958637
1.129323721
1.073712587
1.045296431
0.952447653
0.860104561
0.766819715
0.673835039
0.581158161
0.488535404
0.395188093
0.304042339
0.211477280
0.119106293
0.033122778
0.007832289
0.007709265
0.007756472
0.007742882
0.007729769
0.007754326
0.007706404
0.007703781
0.007709742
0.007750988
0.007740021
0.110144854
0.246785402
0.544995785
0.452167273
0.359694719
0.693639040
0.607737303
0.515538692
0.535481215
0.443189621
0.350960493
0.258388281
0.165071249
0.350258589
0.541397333
0.448863983
0.355787754
0.262990713
0.170191526
0.077369213
0.007822990
0.007764816
0.014437437
0.007817984
0.007857561
0.007815123
0.007768631
0.007805347
0.007822752
0.007878065
0.007870913
0.009508610
0.015100479
0.007933855
0.007419586
0.007936716
0.007991791
0.008002520
0.008008242
0.014324188
0.008059740
0.008038759
0.008026600
0.008015871
0.008036137
0.008073092
0.008002043
0.008054972
0.008075714
0.008025408
0.008093834
0.008119583
0.008132458
0.008106709
0.008064270
0.008083820
0.014414549
0.008086205
0.008068562
0.008082151
0.008107185
0.008095503
0.008104801
0.008065939
0.008022547
0.008012056
0.007997513
0.008023024
0.008014441
0.008030653
0.008018732
0.008016109
0.108030558
0.470857859
0.657529354
0.564553261
0.471791744
0.379070520
0.286138058
0.193411827
0.101989269
0.013782978
0.007822037
0.007852316
0.007839680
0.007863760
0.007842779
0.007863760
0.208850861
0.125506163
0.041804790
0.008006096
0.007980108
0.007924080
0.007973194
0.007917643
0.007887363
0.009153843
0.111433506
0.397949219
0.308808804
0.216817379
0.123514891
0.034091473
0.007408142
0.007615805
0.007584572
0.007505894
0.007590532
0.007384062
0.007344961
0.007647276
0.007585764
0.007660151
0.007617474
0.007631063
0.007615566
0.007569313
0.007597446
0.007646561
0.007556438
0.007666349
0.007729530
0.007660866
0.007629395
0.007574797
0.007658243
0.007649660
0.007653952
0.007694721
0.007600307
0.007643223
0.007632256
0.007648230
0.007648468
0.007625103
0.007658958
0.007679939
0.007662296
0.007650375
0.007699728
0.007642508
0.007755995
0.007669449
0.007669210
0.007674932
0.007689238
0.007550955
0.007719278
0.007602692
0.009062767
0.111086369
0.216861486
0.137755871
0.044603586
0.007655382
0.007641554
0.007507324
0.007678509
0.007610083
0.007593870
0.009021282
0.401774645
0.828702688
0.735828161
0.929377794
0.836593390
0.744604111
0.652045250
0.559808731
0.467200279
0.375061035
0.282349586
0.713680267
0.623909950
0.532767773
0.442004681
0.696326494
0.817540169
0.725318432
0.632949114
0.540749788
0.448272705
0.356618166
0.264492273
0.173473358
0.084932089
0.007389545
0.007370710
0.200205326
0.613675594
0.524132013
0.441353798
0.348765373
0.255380869
0.163015842
0.074174643
0.007762909
0.007795811
0.007776022
0.007803679
0.007737875
0.007801056
0.007762671
0.007819891
0.007745266
0.007767439
0.007760763
0.236224174
0.588899374
1.013379574
0.943645239
0.850464106
0.757660151
0.665539980
0.572220802
0.479877949
0.386567354
0.294264555
0.205655336
0.112624407
0.417626858
0.724342585
0.689698696
0.808583498
0.719719410
0.631129026
0.538064480
0.444979668
0.352130651
0.258871317
0.166211128
0.073629618
0.198182106
0.259805202
0.174500942
0.082013845
0.007678986
0.007674456
0.007670641
0.007709265
0.007663250
0.015955925
0.007682323
0.007699728
0.007694244
0.007681847
0.007645845
0.007676363
0.007680893
0.214578152
0.578172922
0.518171549
0.425453901
0.334728956
0.241669416
0.148814440
0.055945873
0.016355038
0.007631302
0.007693291
0.007671356
0.007692099
0.235899925
0.647526979
0.922145605
0.829286098
0.736387491
0.647117376
0.554590940
0.461365700
0.368516922
0.279937744
0.186860085
0.094065428
0.013119936
0.267873049
0.759175777
1.034853935
0.953854799
0.861480236
0.768800020
0.675817728
0.583447933
0.490604401
0.397479296
0.308671474
0.215739965
0.123230696
0.192920446
0.210248232
0.117530346
0.414688110
0.323374987
0.467312336
0.375239611
0.282695055
0.191434383
0.099194288
0.008625984
0.007937431
0.007900476
0.007920980
0.007964373
0.007848263
0.007848024
0.007740736
0.007745028
0.007790327
0.007787228
0.007784367
0.007756710
0.007810116
0.007764339
0.009065628
0.111234426
0.308203459
0.215743780
0.126151085
0.456276178
0.374375343
0.284918308
0.192705631
0.107670307
0.022225618
0.015961170
0.007827520
0.007808685
0.007891893
