0.076230526
0.075857639
0.023094893
0.001941919
0.075407267
0.075091362
0.075012207
0.075349331
0.074863911
0.074869394
0.075101614
0.074991703
0.075360298
0.074987888
0.075379610
0.075345755
0.075342655
0.074889183
0.075384855
0.075038433
0.064457893
0.075349092
0.075429201
0.075019598
0.075352907
0.075363636
0.075363636
0.075001478
0.075166464
0.044103861
0.002169132
0.074996471
0.075002909
0.075364590
0.074980974
0.075352669
0.075004339
0.075366259
0.075020075
0.074994087
0.075334787
0.075015306
0.074977398
0.075356007
0.075374603
0.075370550
0.074986458
0.075028181
0.075004816
0.075370312
0.075345516
0.075369835
0.075005531
0.075035095
0.075384617
0.075360537
0.074959993
0.075370073
0.075369358
0.074991703
0.064705133
0.075357437
0.074990034
0.075333834
0.064708233
0.075016737
0.023309708
0.063971758
0.075332165
0.075063229
0.074973345
0.074981451
0.075312853
0.075318098
0.074983835
0.075322628
0.074993134
0.074980736
0.074982405
0.074977636
0.074960947
0.013009548
0.002344131
0.002367020
0.002000809
0.001993895
0.002345800
0.002331257
0.002360344
0.001983404
0.002340555
0.001965284
0.002390623
0.053042650
0.064542532
0.075342417
0.074988842
0.075328827
0.074845076
0.023136616
0.001996279
0.001861334
0.001851559
0.001859426
0.001913309
0.001866102
0.001863480
0.001859665
0.001866817
0.001848698
0.001856089
0.001854658
0.001861095
0.001851082
0.001856089
0.001857996
0.001858950
0.001853943
0.001854658
0.001858473
0.001856327
0.001849174
0.001888037
0.001854181
0.001862526
0.001847029
0.001839161
0.001851320
0.001858234
0.001856565
0.001850843
0.001854181
0.001850367
0.001862764
0.001847029
0.001844168
0.001850367
0.001845837
0.001857996
0.001848221
0.001859188
0.001840830
0.001844883
0.001857996
0.001850367
0.001848698
0.001861811
0.001860142
0.001857042
0.001857996
0.001869202
0.001842260
0.001858711
0.001844645
0.001853943
0.001863241
0.001855373
0.001853943
0.001852274
0.001853466
0.001864672
0.001853228
0.001852274
0.001840830
0.001858950
0.001856327
0.001866341
0.001844168
0.001850843
0.001848221
0.001853228
0.001842499
0.001847506
0.001848459
0.001852751
0.001838684
0.001856804
0.001856327
0.001860619
0.001865864
0.001868486
0.001855612
0.001853704
0.001846790
0.001858234
0.001850367
0.001854181
0.001845837
0.001852274
0.001848459
0.001868248
0.001848221
0.001863718
0.001858234
0.001852512
0.001857758
0.001854420
0.001862526
0.001857042
0.001850128
0.001859903
0.001840830
0.001857042
0.001916170
0.001876354
0.001848936
0.001847982
0.001841545
0.001865149
0.001850605
0.001872540
0.001850605
0.001851797
0.001852274
0.001854658
0.001849651
0.001853943
0.001842976
0.001850367
0.001862049
0.001853466
0.001851320
0.001862288
0.001842022
0.001869202
0.001849890
0.001857996
0.001854181
0.001862526
0.001855850
0.001890421
0.001843691
0.001862049
0.001851559
0.001850367
0.001866817
0.001851082
0.001852751
0.001860142
0.001847744
0.001890898
0.001843214
0.001845598
0.001855373
0.001859426
0.001852751
0.001844406
0.001849413
0.001842022
0.001846552
0.001848698
0.001848221
0.001843214
0.001845598
0.001844645
0.001864195
0.001858711
0.001846552
0.001853466
0.001846075
0.001852989
0.001835585
0.001846552
0.001837969
0.001849174
0.001855373
0.001851082
0.001841068
0.001853943
0.001848459
0.001877785
0.001847982
0.001856804
0.001847982
0.001861334
0.001840115
0.001849651
0.001847267
0.001849890
0.001841307
0.001852274
0.001846790
0.001852989
0.001836300
0.001868725
0.001852274
0.001860619
0.001855135
0.001857281
0.001862288
0.001872778
0.001860857
0.001854420
0.001862049
0.001873970
0.001849651
0.001855612
0.001851797
0.001865387
0.001848698
0.001870155
0.001856327
0.001847744
0.001878500
0.001867294
0.001841545
0.001853228
0.001852036
0.001843929
0.001861095
0.001853943
0.001847982
0.001854658
0.001839399
0.001856327
0.001851559
0.001854420
0.001850843
0.001853466
0.001846313
0.001846552
0.001858234
0.001863480
0.001892567
0.001915216
0.001861811
0.001859903
0.001851559
0.001856565
0.001856327
0.001892805
0.001853943
0.001852989
0.001859426
0.001852989
0.001855135
0.001855850
0.001848459
0.001875162
0.001865149
0.001869202
0.001856327
0.001853466
0.001867294
0.001873970
0.001860857
0.001865387
0.001855373
0.001860142
0.001851797
0.001861572
0.001855373
0.001858950
0.001853228
0.001852036
0.001848459
0.001869678
0.001847744
0.001857519
0.001855373
0.001881599
0.001858234
0.001871109
0.001849413
0.001868248
0.001859665
0.001844645
0.001840830
0.001855850
0.001850843
0.001856089
0.001856565
0.001843452
0.001852989
0.001855612
0.001845360
0.001860380
0.001853466
0.001857042
0.001848936
0.001854658
0.001837969
0.001841068
0.001840353
0.001846313
0.001844883
0.001857281
0.001843691
0.001850367
0.001851320
0.001874685
0.001838446
0.001849174
0.001857758
0.001857519
0.001857042
0.001854181
0.001845121
0.001851559
0.001860142
0.001846313
0.001849890
0.001864195
0.001845837
0.001855612
0.001847029
0.001845121
0.001845598
0.001859188
0.001847982
0.001859188
0.001858473
0.001848221
0.001854420
0.001848221
0.001847506
0.001850128
0.001846552
0.001851082
0.001855612
0.001878262
0.001851320
0.001863956
0.001850843
0.001852274
0.001853943
0.001851559
0.001849651
0.001849413
0.001847267
0.001861095
0.001858473
0.001858473
0.001847982
0.001858711
0.001842260
0.001852989
0.001855850
0.001852036
0.001847267
0.001849651
0.001854897
0.001861811
0.001913309
0.001876354
0.001855850
0.001853704
0.001870394
0.001844168
0.001856804
0.001914740
0.001853228
0.001859903
0.001854181
0.001856565
0.001847506
0.001852512
0.001847029
0.001856565
0.001842499
0.001857519
0.001852989
0.001847744
0.001845360
0.001850605
0.001843214
0.001851320
0.001845837
0.001856089
0.001861334
0.001851559
0.001839876
0.001857519
0.001845360
0.001861572
0.001850367
0.001859426
0.001845360
0.001847506
0.001854181
0.001868248
0.001879692
0.001857996
0.001862288
0.001857758
0.001850605
0.001841068
0.001848459
0.001847744
0.001851559
0.001860857
0.001850605
0.001859903
0.001856089
0.001857281
0.001853704
0.001884222
0.001853228
0.001866341
0.003181219
