0.013916731
0.004274845
0.004525900
0.004479408
0.004756927
0.003668785
0.003981829
0.004104376
0.003523350
0.003678560
0.003961802
0.004600286
0.004850626
0.003821611
0.003744841
0.003686428
0.003386021
0.006072521
0.006995201
0.008336782
0.004930735
0.003751516
0.003417015
0.004282475
0.003434420
0.003784657
0.004659891
0.004961729
0.004638672
0.003679037
0.003735065
0.003433228
0.005969286
0.005679846
0.006927729
0.005103350
0.003794670
0.003986120
0.003680944
0.003624439
0.005582809
0.014720201
0.004635096
0.004350901
0.003515005
0.003363848
0.003902435
0.003995895
0.003432274
0.003415823
0.003381968
0.003975391
0.003597736
0.003908396
0.003933430
0.003989220
0.003966093
0.003386259
0.003374338
0.004032135
0.003404617
0.004082203
0.003889084
0.003421068
0.003427744
0.003964901
0.003814220
0.003947735
0.003367186
0.004126072
0.003948927
0.003416777
0.004017830
0.003942251
0.003375769
0.003429174
0.004011869
0.003999233
0.003388882
0.003984213
0.003453732
0.004084587
0.003463984
0.003385305
0.003991365
0.003929853
0.003926039
0.003380299
0.003939390
0.003437281
0.003958464
0.003408194
0.003989935
0.003981352
0.003972054
0.003933430
0.003392458
0.003970385
0.003934145
0.003388643
0.003358841
0.003217697
0.003164530
0.003158569
0.003189087
0.003179789
0.003310680
0.003226757
0.003167868
0.003197193
0.004000187
0.003208876
0.003173828
0.003167152
0.003180027
0.003189325
0.003238201
0.003152370
0.003199100
0.003180265
0.003204107
0.003148794
0.003268957
0.003151178
0.003213167
0.003144264
0.003156662
0.003171444
0.003199577
0.003171206
0.003187180
0.003155708
0.003157377
0.003197193
0.003277540
0.003153324
0.003199100
0.003156662
0.003220320
0.003179073
0.003193855
0.003207922
0.003190994
0.003188848
0.003265142
0.003179550
0.003181458
0.003184080
0.003284693
0.003235102
0.003147840
0.003269911
0.003192425
0.003374815
0.003192425
0.003153086
0.003179789
0.003180265
0.003188133
0.003201485
0.003194571
0.003233433
0.003196001
0.003171444
0.003187180
0.003200054
0.003179073
0.003171921
0.003205299
0.003182173
0.003177881
0.003216982
0.003215313
0.003173828
0.003336191
0.012365818
0.003225565
0.003173828
0.003205776
0.003205776
0.003180504
0.003207684
0.003210783
0.003273964
0.003236294
0.003305435
0.003430605
0.003297329
0.003256083
0.003272295
0.003378868
0.003291845
0.003288984
0.003350973
0.003558874
0.003246307
0.003244638
0.003249645
0.003257036
0.003226995
0.003221750
0.003225327
0.003286839
0.003213882
0.003202677
0.003259659
0.003262758
0.003257036
0.003226280
0.003233194
0.005116463
0.003213644
0.003220320
0.012430191
0.003186941
0.003205061
0.003186703
0.003164530
0.003222466
0.003235102
0.003177643
0.003189564
0.003268242
0.003237247
0.003155470
0.003179789
0.003831387
0.003164291
0.003197193
0.003209591
0.003531933
0.003238916
0.003296137
0.012586594
0.003274918
0.003236055
0.003231764
0.003219128
0.003236294
0.003193140
0.003225088
0.003266573
0.003278494
0.003185987
0.003226519
0.003198624
0.003258467
0.003224611
0.003247261
0.003260851
0.003211021
0.003220320
0.003206730
0.003202200
0.003270149
0.003298998
0.003224850
0.003234625
0.003588438
0.003256321
0.003236055
0.003322840
0.003233910
0.003256798
0.003202200
0.003206015
0.003253698
0.003339529
0.003202438
0.003196001
0.003209352
0.003388166
0.003349543
0.003243446
0.003289223
0.003303528
0.012353420
0.003251314
0.003376484
0.003270149
0.003241539
0.003284216
0.003361464
0.003239393
0.003321648
0.003581285
0.003304243
0.003246307
0.003262281
0.003379107
0.003322840
0.003332138
0.003315449
0.003338099
0.003371954
0.003336430
0.003391027
0.005220652
0.005302668
0.005258083
0.005020618
0.005329132
0.005348682
0.005681992
0.004443407
0.005250931
0.005249977
0.005321264
0.005238056
0.005199432
0.005089521
0.005396128
0.005188227
0.005067110
0.005331516
0.005203724
0.005255461
0.005331516
0.005200386
0.005274773
0.005270243
0.004327297
0.005259752
0.005406618
0.005293369
0.005254269
0.005191326
0.004274130
0.005239964
0.005113840
0.005229950
0.005047321
0.004481316
0.004722357
0.004646540
0.005204916
0.004894018
0.004951000
0.004990816
0.004967690
0.004329443
0.005015612
0.005248547
0.005303144
0.004753351
0.004984379
0.005007029
0.005691528
0.004551411
0.004674911
0.005215645
0.005219460
0.004882812
0.012675047
0.005104780
0.005152464
0.004708767
0.005214214
0.005587339
0.012752295
0.004880905
0.005319595
0.005018234
0.005732298
0.004897594
0.005213737
0.005388021
0.004823446
0.006039619
0.005108833
0.005429506
0.005056143
0.005064487
0.005743027
0.006150723
0.006412029
0.006378412
0.004867554
0.005712271
0.005026579
0.005531549
0.006366730
0.005523920
0.013116837
0.005331278
0.007751703
0.013123274
0.004994869
0.006048679
0.005650043
0.005208015
0.006090164
0.012730837
0.005644083
0.005068064
0.005111217
0.005648136
0.005091190
0.006472588
0.005151749
0.005766869
0.004953384
0.005265236
0.005053282
0.005162954
0.006198168
0.006181717
0.005612373
0.006489515
0.013158321
0.006384850
0.005495548
0.005356550
0.005564690
0.006377697
0.006506920
0.006013870
0.005808115
0.006867409
0.006487846
0.006498575
0.013685465
0.007071495
0.006493330
0.006303072
0.005561113
0.013422728
0.006356478
0.006399155
0.005899906
0.006218910
0.006561041
0.006615877
0.005576849
0.013748407
0.006731749
0.005670071
0.006338596
0.006099939
0.006883860
0.007447481
0.003565788
0.003362656
0.003559828
0.003501654
0.003362656
0.003560543
0.003605366
0.003941059
0.003281832
0.003297091
0.003540993
0.003320456
0.003665686
0.003593683
0.003565073
0.012653112
0.003607273
0.003568411
0.012490749
0.003278255
0.003726959
0.003575325
0.003646135
0.012223482
0.003547430
0.003568172
0.003541946
0.003575802
0.003654718
0.003498554
0.003528595
0.003835917
0.003559589
0.003594875
0.003491640
0.003555775
0.003538847
0.003612757
0.012303591
0.003569841
0.003610611
0.003813028
0.003774643
0.003895521
0.003778696
0.003604650
0.003354549
0.003874540
0.003405094
0.006334782
0.003461123
0.003538847
0.003618240
0.003657818
0.003525019
0.003546953
0.003760815
0.003470421
0.003704071
