0.018462181
0.009176254
0.011926174
0.010689259
0.008191347
0.008094072
0.009493351
0.010156870
0.009119034
0.013134718
0.009239435
0.006505251
0.009083509
0.006958008
0.007329702
0.008850813
0.012398243
0.008602858
0.007860661
0.006591558
0.006797791
0.007857084
0.006618023
0.006691217
0.016623020
0.007823467
0.006540537
0.006605864
0.008883715
0.008389711
0.008801699
0.008683681
0.007143736
0.007770300
0.006764174
0.006660223
0.006734133
0.006626844
0.016591787
0.008171320
0.006623983
0.008013487
0.006867409
0.006608248
0.007838726
0.007831335
0.007858992
0.006695747
0.007823467
0.006735086
0.006656647
0.006654263
0.008394241
0.006720304
0.007833719
0.008183956
0.013141155
0.008076906
0.006753683
0.006667852
0.007902861
0.006882191
0.007875204
0.007914543
0.008043289
0.006857634
0.006674051
0.008061647
0.006750822
0.007948160
0.006772995
0.007991552
0.006716490
0.006669283
0.006633759
0.008086443
0.006839037
0.008314848
0.007883787
0.006846428
0.006669998
0.008012772
0.007844925
0.006681681
0.008107185
0.008432150
0.006637096
0.007041931
0.008198738
0.006808519
0.008089542
0.006907701
0.007926464
0.008086681
0.006165504
0.006806135
0.008236647
0.008836508
0.007015228
0.008465528
0.006783247
0.006265640
0.006249189
0.006017923
0.006080389
0.006083488
0.006163597
0.006216288
0.006170273
0.006150484
0.006115675
0.006348372
0.006236315
0.006166220
0.006207705
0.006033182
0.006119251
0.006073236
0.006138086
0.006193638
0.006241322
0.006137371
0.008031130
0.012350798
0.010597467
0.011205435
0.011139870
0.011658669
0.011964083
0.011988878
0.012337208
0.011872053
0.013319969
0.010362864
0.011647940
0.011160851
0.008058786
0.006227970
0.008471012
0.006289482
0.016163588
0.006237030
0.006372452
0.006562710
0.011415482
0.009295225
0.008448601
0.008420944
0.010392666
0.009407759
0.010939360
0.008043289
0.007863998
0.008926153
0.009231567
0.008056402
0.008549929
0.008121014
0.012295723
0.010895491
0.012802124
0.016740799
0.015309334
0.010065079
0.013550758
0.012528419
0.013059616
0.009841204
0.014245272
0.008432388
0.012218475
0.012757778
0.013189316
0.009142160
0.008660316
0.011665821
0.011006594
0.013338566
0.008747578
0.010226965
0.012036800
0.010272741
0.013180256
0.013219833
0.012674809
0.008931160
0.017303228
0.013040066
0.012964010
0.012837410
0.008945227
0.013108969
0.012964487
0.012617111
0.012142897
0.011849165
0.011514425
0.009174347
0.009984493
0.012148619
0.012063742
0.009759665
0.011049747
0.007845402
0.009606600
0.008179188
0.011853933
0.010216475
0.011253834
0.008386850
0.010064840
0.011051416
0.011214495
0.010288715
0.008405924
0.012899160
0.008293629
0.007771254
0.009822369
0.007952213
0.010092497
0.008822918
0.009781361
0.009437561
0.009676456
0.008277893
0.009747982
0.009303331
0.008985281
0.009972811
0.015366793
0.015348911
0.011363506
0.012882233
0.013976812
0.018231869
0.012578726
0.012724876
0.013139248
0.013694525
0.012725353
0.014463425
0.009273529
0.009778261
0.011435509
0.013769627
0.013450146
0.016814709
0.012150764
0.014107227
0.014059782
0.012592793
0.016518116
0.013459206
0.012699366
0.011544228
0.009545326
0.009562254
0.009047031
0.008046865
0.010170221
0.009905815
0.009253263
0.010209560
0.009745121
0.009959459
0.014459133
0.009778500
0.010094166
0.020849228
0.009563923
0.009380817
0.009640932
0.009204149
0.014551640
0.010048628
0.010191917
0.009354591
0.010063648
0.010226965
0.009745836
0.009857893
0.009896278
0.014093876
0.010077238
0.009854317
0.010109901
0.009901524
0.010210514
0.006064653
0.006535530
0.006480694
0.007305861
0.006273985
0.006723881
0.006635666
0.006808043
0.006552219
0.007188797
0.006566763
0.006404638
0.006680965
0.007221222
0.006360054
0.006919384
0.007311344
0.006712198
0.006533384
0.007217884
0.007362127
0.007448912
0.006561279
0.006370306
0.006716013
0.007281542
0.006468773
0.007014751
0.007033348
0.006384373
0.007225037
0.006160021
0.006175518
0.007128239
0.006726980
0.007099390
0.006438255
0.007082462
0.006588936
0.007276535
0.007636786
0.007513762
0.006960154
0.007119656
0.006777525
0.006541491
0.006919384
0.007457495
0.007261753
0.006615877
0.006580114
0.007444620
0.007887602
0.007524490
0.007416248
0.007359028
0.007019520
0.006973505
0.007105350
0.014903545
0.006578684
0.006837606
0.008056402
0.006873846
0.007378101
0.007042885
0.006831884
0.006553650
0.006855488
0.007640362
0.006958961
0.006941080
0.007001400
0.007109642
0.006514072
0.007448435
0.007330894
0.007025957
0.006339073
0.007297039
0.006807089
0.007118225
0.006907225
0.007291555
0.006294012
0.007076979
0.006839037
0.007091999
0.007820129
0.007153749
0.007280111
0.007745743
0.007483006
0.007300377
0.007365227
0.007370710
0.007433653
0.007187605
0.007308245
0.007169008
0.007071972
0.006966829
0.006465673
0.007331610
0.007833242
0.008509636
0.007174253
0.007252216
0.007088661
0.007285118
0.006278515
0.006367445
0.007054806
0.006985188
0.007180214
0.007904291
0.007972479
0.008004427
0.012651443
0.012317657
0.020456314
0.013243437
0.012841940
0.013331413
0.011817932
0.012926102
0.010701656
0.012583017
0.007644892
0.009321451
0.008857012
0.007920265
0.014223337
0.007052898
0.008189917
0.015310764
0.008615732
0.009291649
0.007524729
0.007420778
0.007146835
0.007866383
0.008025169
0.009372711
0.008176327
0.007920504
0.010063410
0.011981487
0.012647867
0.012923479
0.012995958
0.013488531
0.012202501
0.011135101
0.009760141
0.010463476
0.010076523
0.009981871
0.010418892
0.009262323
0.010592937
0.006578684
0.023629427
0.009644508
0.009891987
0.015736580
0.009037971
0.009723663
0.009934664
0.009205103
0.009128809
0.009955168
0.009263992
0.009015560
0.009087801
0.008917332
0.009305000
0.009125471
0.008816004
0.009884596
0.009080648
0.008671284
0.008943558
0.008599043
0.009185076
0.008816004
0.009835958
0.008789301
0.008777618
0.008948326
0.008915186
0.008444786
0.008902550
0.008672476
0.010404110
0.006663561
0.008722305
0.009841442
0.010627985
0.015835047
0.012305021
0.015477657
0.013364792
0.015014887
0.010410547
0.012197971
0.023493528
0.009979010
0.010048151
0.006734848
0.010886192
