0.011156559
0.000258684
0.000151634
0.000263929
0.000233412
0.000274420
0.000231743
0.000209570
0.000237465
0.000235319
0.000263453
0.000237703
0.000235558
0.000221968
0.000236988
0.000235319
0.000234127
0.000227451
0.000256300
0.000227928
0.000224590
0.000247478
0.000238419
0.000260353
0.000234127
0.000669241
0.000263453
0.000263453
0.000202417
0.000215054
0.000268936
0.000259399
0.000263214
0.000226736
0.000345230
0.000409365
0.000526667
0.000335455
0.000205994
0.000256777
0.000237465
0.000264406
0.000233889
0.000262499
0.000236034
0.000261307
0.000232458
0.000249147
0.000254154
0.000304699
0.000246763
0.000261068
0.000218391
0.000252008
0.000262022
0.000261307
0.000234365
0.000242472
0.000250101
0.000234127
0.000261068
0.000263214
0.000262022
0.000262022
0.000236511
0.000243902
0.000233173
0.000225067
0.000259399
0.000237703
0.000264406
0.000238895
0.000239372
0.000264168
0.000276804
0.000237703
0.000236750
0.000263691
0.000263929
0.000266552
0.000236273
0.000238180
0.000266314
0.000239611
0.000264168
0.000236988
0.000215054
0.000264645
0.000262976
0.000330687
0.000486135
0.000496864
0.000244379
0.000216246
0.000235319
0.000241280
0.000265121
0.000263453
0.000264883
0.000240564
0.000250578
0.000240326
0.000241518
0.000242472
0.000241041
0.000240326
0.000239611
0.000239372
0.000230789
0.000241995
0.000240088
0.000240564
0.000241756
0.000238895
0.000229120
0.000240088
0.000241280
0.000275135
0.000225782
0.000240564
0.000234604
0.000244379
0.000243425
0.000240088
0.000237703
0.000241041
0.000239134
0.000241756
0.000240088
0.000238657
0.000241995
0.000243664
0.000241280
0.000240326
0.000240326
0.000239849
0.000238895
0.000236750
0.000243902
0.000243664
0.000241995
0.000241280
0.000236511
0.000241280
0.000241518
0.000302792
0.000533342
0.000483036
0.000244856
0.000246525
0.000240088
0.000241518
0.000241280
0.000237942
0.000247717
0.000246286
0.000240326
0.000240803
0.000239611
0.000249147
0.000239849
0.000243425
0.000241995
0.000242472
0.000245094
0.000247240
0.000242710
0.000237465
0.000239849
0.000242472
0.000243902
0.000241041
0.000241280
0.000242472
0.000245094
0.000243902
0.000241041
0.000245571
0.000245094
0.000242233
0.000234604
0.000240803
0.000242472
0.000243664
0.000240088
0.000244379
0.000239372
0.000246286
0.000242233
0.000242949
0.000241518
0.000242710
0.000243425
0.000236750
0.000243187
0.000244379
0.000242710
0.000244617
0.000243425
0.000244856
0.000242472
0.000241280
0.000243425
0.000241518
0.000244617
0.000240803
0.000243664
0.000240326
0.000241995
0.000242710
0.000242710
0.000241756
0.000244379
0.000240803
0.000239849
0.000240803
0.000239849
0.000239611
0.000241995
0.000243187
0.000241756
0.000233173
0.000243902
0.000241756
0.000242710
0.000240088
0.000237703
0.000239849
0.000239611
0.000241280
0.000239372
0.000240564
0.000240088
0.000240803
0.000249863
0.000240564
0.000238657
0.000239372
0.000240803
0.000233889
0.000239134
0.000238419
0.000241041
0.000237703
0.000236750
0.000240564
0.000236988
0.000227213
0.000240088
0.000237703
0.000237703
0.000238180
0.000238657
0.000240803
0.000238895
0.000238419
0.000240326
0.000240803
0.000240326
0.000240088
0.000240564
0.000241041
0.000238895
0.000248909
0.000238180
0.000238180
0.000238180
0.000239611
0.000264406
0.000238180
0.000240564
0.000238657
0.000239849
0.000239849
0.000237226
0.000236988
0.000237226
0.000239849
0.000223160
0.000236750
0.000239134
0.000223637
0.000240088
0.000240803
0.000240088
0.000238180
0.000240564
0.000239611
0.000240088
0.000228882
0.000239849
0.000240564
0.000237465
0.000239372
0.000241518
0.000240564
0.000236273
0.000239849
0.000237703
0.000239611
0.000241280
0.000239611
0.000242710
0.000238180
0.000240088
0.000241041
0.000239611
0.000239372
0.000239372
0.000238657
0.000237703
0.000236988
0.000228405
0.000241756
0.000238180
0.000240326
0.000237942
0.000239849
0.000239372
0.000239372
0.000241280
0.000241756
0.000238895
0.000239611
0.000239611
0.000234127
0.000239849
0.000236511
0.000238895
0.000239372
0.000249863
0.000240088
0.000238180
0.000239849
0.000238657
0.000238895
0.000240564
0.000237465
0.000238419
0.000239849
0.000238895
0.000240088
0.000239849
0.000250101
0.000239849
0.000236750
0.000238895
0.000240326
0.000250816
0.000238180
0.000237942
0.000238180
0.000240564
0.000240088
0.000240803
0.000240326
0.000239611
0.000239611
0.000238895
0.000239849
0.000239134
0.000238419
0.000242949
0.000241518
0.000241041
0.000239611
0.000240088
0.000237942
0.000236988
0.000240803
0.000238180
0.000236750
0.000240326
0.000237226
0.000239134
0.000238419
0.000233412
0.000240803
0.000239372
0.000239611
0.000237465
0.000249386
0.000243425
0.000241280
0.000238657
0.000240326
0.000239134
0.000238419
0.000238895
0.000233412
0.000241518
0.000237226
0.000237942
0.000241518
0.000236750
0.000241280
0.000238419
0.000238419
0.000241041
0.000238895
0.000241280
0.000238180
0.000235319
0.000245333
0.000240803
0.000239611
0.000238657
0.000237942
0.000241041
0.000240088
0.000240803
0.000238895
0.000239134
0.000238657
0.000236273
0.000233889
0.000242710
0.000237942
0.000240803
0.000238180
0.000239611
0.000240088
0.000240088
0.000240564
0.000239849
0.000241041
0.000239134
0.000248194
0.000240088
0.000238657
0.000241518
0.000240564
0.000240326
0.000239611
0.000240564
0.000237942
0.000240803
0.000239849
0.000237703
0.000239134
0.000241995
0.000239134
0.000240326
0.000238419
0.000239611
0.000239849
0.000236750
0.000240564
0.000237942
0.000222683
0.000242710
0.000239372
0.000240088
0.000241041
0.000238657
0.000240564
0.000239134
0.000238419
0.000239134
0.000238180
0.000236511
0.000239611
0.000229120
0.000240803
0.000239849
0.000237703
0.000241756
0.000249863
0.000238895
0.000237703
0.000228405
0.000238657
0.000238895
0.000240803
0.000239134
0.000239611
0.000240326
0.000242472
0.000239611
0.000236511
0.000240088
0.000238419
0.000240803
0.000237942
0.000237226
0.000239611
0.000239372
0.000238419
0.000241041
0.000239134
0.000240326
0.000240564
0.000238180
0.000240326
0.000238657
0.000240326
0.000238180
0.000240564
0.000237465
0.000251293
