0.000220060
0.000234127
0.000229597
0.000247240
0.000242472
0.000240803
0.000241995
0.000240803
0.000241995
0.000242233
0.000241041
0.000227451
0.000241756
0.000242949
0.000242472
0.000243425
0.000241280
0.000241756
0.000231981
0.000252247
0.000236511
0.000242710
0.000242710
0.000242710
0.000242472
0.000237703
0.000241280
0.000253677
0.000243902
0.000241756
0.000241995
0.000241280
0.000243664
0.000243425
0.000235558
0.000244617
0.000253439
0.000243664
0.000242710
0.000243902
0.000246525
0.000240803
0.000242233
0.000242472
0.000243664
0.000242472
0.000241756
0.000240088
0.000240326
0.000240803
0.000251770
0.000240088
0.000240803
0.000257969
0.000241280
0.000240326
0.000240326
0.000232220
0.000241518
0.000239372
0.000240326
0.000241280
0.000242233
0.000239372
0.000241995
0.000241041
0.000241518
0.000233650
0.000233889
0.000252724
0.000241518
0.000238895
0.000239849
0.000245571
0.000242949
0.000241756
0.000242949
0.000244617
0.000243187
0.000241995
0.000231981
0.000244141
0.000241518
0.000241041
0.000239611
0.000243664
0.000239849
0.000256062
0.000245094
0.000241041
0.000241280
0.000241041
0.000241518
0.000240088
0.000239372
0.000240088
0.000227690
0.000242472
0.000241280
0.000242472
0.000243187
0.000240326
0.000244379
0.000239849
0.000239849
0.000240326
0.000240564
0.000241756
0.000237942
0.000232935
0.000240803
0.000240326
0.000241280
0.000238895
0.000240326
0.000240564
0.000238895
0.000238657
0.000239372
0.000233412
0.000240803
0.000252724
0.000238657
0.000242472
0.000243187
0.000237226
0.000240564
0.000237942
0.000240326
0.000240088
0.000242710
0.000240564
0.000243664
0.000237942
0.000231504
0.000233412
0.000236034
0.000246763
0.000239372
0.000241041
0.000241518
0.000237465
0.000241041
0.000241041
0.000237226
0.000239372
0.000230312
0.000240088
0.000239372
0.000237465
0.000240564
0.000240564
0.000239611
0.000240803
0.000252247
0.000241995
0.000239134
0.000239372
0.000239849
0.000237226
0.000241041
0.000240326
0.000236750
0.000238657
0.000240564
0.000240803
0.000241041
0.000240803
0.000240088
0.000241995
0.000242233
0.000251770
0.000238657
0.000239849
0.000241756
0.000241041
0.000239611
0.000238419
0.000236750
0.000241041
0.000240326
0.000239611
0.000240803
0.000238895
0.000239134
0.000236988
0.000238657
0.000240564
0.000247717
0.000239849
0.000238180
0.000239372
0.000239849
0.000249863
0.000236750
0.000239611
0.000238419
0.000241280
0.000242949
0.000240088
0.000239134
0.000232458
0.000231266
0.000236511
0.000249147
0.000251532
0.000239849
0.000239849
0.000237942
0.000239849
0.000241280
0.000239372
0.000239372
0.000236988
0.000237465
0.000236273
0.000239134
0.000238895
0.000236511
0.000239372
0.000239849
0.000239372
0.000245094
0.000238180
0.000240564
0.000237465
0.000240088
0.000238180
0.000239372
0.000239849
0.000240088
0.000241756
0.000239372
0.000239372
0.000240564
0.000238895
0.000248671
0.000241280
0.000241518
0.000243902
0.000243664
0.000242949
0.000241756
0.000238895
0.000243187
0.000421047
0.000475883
0.000237226
0.000220537
0.000256538
0.000214815
0.000236511
0.000223637
0.000240564
0.000235558
0.000241041
0.000269651
0.000285149
0.000251770
0.000232458
0.000540018
0.000344276
0.000220537
0.000600815
0.000234365
0.000229836
0.000198841
0.000278234
0.000232220
0.000528336
0.000815868
0.000703573
0.000481844
0.000265598
0.000284195
0.000886440
0.000230551
0.000951052
0.000215769
0.000718117
0.000941992
0.000761747
0.000720978
0.000772476
0.000674725
0.000730276
0.000263691
0.000435591
0.000262499
0.000214577
0.000288725
0.000820637
0.000239372
0.000673771
0.001114607
0.000529051
0.000785112
0.000235796
0.000503302
0.000238180
0.000725269
0.000236034
0.000213146
0.000222921
0.000214815
0.000219584
0.000699997
0.000234365
0.000351667
0.000233889
0.000234365
0.000207663
0.000462770
0.000236273
0.000226974
0.000243425
0.000234127
0.000240803
0.000278711
0.000236511
0.000238419
0.000242710
0.000236273
0.000237226
0.000239611
0.000237942
0.000209808
0.000237703
0.000245333
0.000268459
0.000239849
0.000882864
0.000968218
0.000224829
0.000242710
0.000235081
0.000640631
0.000711441
0.000232220
0.000633955
0.000373125
0.000241280
0.000235796
0.000222683
0.000220776
0.000360012
0.001062870
0.000731945
0.000751495
0.000842571
0.000239372
0.000231981
0.000238895
0.000239849
0.000231981
0.000812292
0.000233173
0.000221014
0.000260115
0.000227213
0.000221729
0.000238180
0.000265360
0.000249147
0.000220537
0.000221252
0.000199080
0.000275850
0.000242233
0.000228643
0.000216961
0.000225544
0.000220299
0.000232697
0.000237226
0.000224113
0.000228882
0.000221968
0.000241518
0.000223160
0.000264645
0.000258684
0.000209093
0.000321865
0.000202179
0.000236034
0.000240803
0.000295401
0.000774145
0.000753164
0.000653744
0.000229120
0.000475883
0.000712156
0.000480175
0.000225067
0.000542402
0.000246763
0.000240803
0.000246525
0.000866175
0.000869989
0.000665426
0.000606298
0.000242710
0.000644922
0.000666142
0.000663519
0.000699520
0.000434399
0.000803232
0.000687838
0.000809431
0.000707388
0.000565290
0.000570774
0.000530243
0.000508547
0.000237226
0.000253439
0.000233173
0.000263929
0.000534296
0.000241995
0.000239611
0.000239372
0.000245571
0.000236750
0.000250101
0.000248194
0.000250578
0.000250340
0.000247717
0.000249863
0.000236511
0.000249386
0.000249863
0.000247717
0.000242233
0.000236750
0.000236988
0.000248194
0.000241280
0.000250578
0.000212669
0.000232935
0.000244856
0.000241280
0.000244379
0.000229359
0.000236988
0.000230551
0.000251055
0.000238180
0.000252008
0.000235796
0.000756264
0.000243664
0.000266314
0.000247478
0.000698805
0.000213146
0.000277519
0.000214815
0.000314474
0.000205755
0.000251770
0.000255346
0.000229597
0.000416517
0.000275850
0.000235558
0.000228167
0.000231266
0.000166178
0.000255585
0.000546217
0.000478983
0.000385523
0.000301123
0.000225544
0.000240326
0.000208855
0.000398159
0.000603199
0.000451088
0.000225067
0.000224590
0.000199080
0.000236750
0.000209093
0.000279188
0.000236273
0.000240326
0.000261068
0.000283957
0.000233650
0.000212193
0.000226021
0.000250101
