0.011684418
0.001074314
0.001158476
0.001029015
0.001149178
0.001051426
0.000950336
0.001113892
0.001013279
0.001147985
0.001268148
0.001114845
0.001145363
0.001223326
0.001149178
0.001657486
0.001167059
0.001228333
0.001133919
0.001471281
0.001131296
0.001330614
0.001125813
0.001180649
0.001043558
0.001607418
0.002987862
0.001133919
0.001744032
0.001158714
0.001297951
0.001371384
0.001169205
0.002087593
0.001212358
0.001199961
0.000981092
0.001129866
0.000988245
0.001163006
0.001828671
0.002193213
0.001216650
0.001602888
0.002108097
0.001337051
0.001207829
0.002690077
0.001123190
0.001286745
0.001525164
0.001171827
0.001027107
0.000998020
0.001134872
0.001008511
0.001003027
0.001136065
0.001131535
0.000987053
0.001135349
0.001008749
0.001010418
0.001107216
0.001115322
0.001119852
0.001039505
0.001157999
0.001135826
0.000985384
0.000995636
0.001132011
0.001143456
0.001001596
0.000979424
0.000987768
0.001248598
0.001004457
0.000993490
0.001141787
0.001017094
0.001237392
0.001154423
0.000955343
0.001000643
0.000995874
0.001170874
0.001016617
0.001155376
0.000972748
0.001142502
0.001002789
0.001124382
0.001106501
0.000942707
0.000993490
0.001323462
0.001123428
0.002300262
0.002177954
0.002060413
0.001022577
0.001028538
0.001026392
0.001691818
0.001221418
0.001229286
0.001063347
0.001070499
0.000962973
0.000954151
0.000967503
0.001078129
0.001002312
0.000965118
0.000959158
0.000968695
0.000951767
0.001535177
0.000988007
0.000966072
0.000965118
0.001153469
0.000953913
0.000973463
0.000951529
0.000991106
0.000975609
0.001105547
0.000962257
0.000972033
0.000949383
0.001002789
0.001283646
0.000957966
0.000964403
0.001029015
0.000994921
0.002464771
0.001557589
0.001203299
0.001077414
0.000969648
0.000963688
0.000965595
0.001209497
0.002450705
0.000962734
0.000960588
0.000958204
0.000946522
0.000949621
0.001121521
0.000954390
0.000951290
0.000966549
0.000948191
0.001058340
0.000953674
0.000929117
0.000927448
0.000952959
0.001074314
0.000934124
0.000958681
0.000966549
0.000974894
0.001038551
0.000964642
0.000967979
0.000984430
0.000968456
0.001074791
0.000967503
0.000956774
0.000972509
0.000966787
0.001050234
0.000959635
0.000952482
0.000977039
0.000964642
0.001093388
0.000971794
0.000969410
0.000961781
0.000949621
0.001098394
0.000951529
0.000971317
0.000975609
0.001052618
0.001053810
0.000972271
0.000963449
0.000967026
0.001052618
0.001027584
0.000960588
0.000968456
0.000949383
0.001037598
0.001052856
0.000955343
0.001064539
0.002122641
0.001014233
0.000960588
0.000965595
0.001047611
0.001070023
0.000961304
0.000969887
0.000966072
0.000964642
0.000954151
0.000987053
0.000957966
0.001112938
0.001163721
0.001575708
0.001876116
0.001238108
0.001226664
0.001302481
0.001964092
0.001284599
0.001411676
0.002063990
0.001673937
0.001021624
0.000967503
0.000981808
0.000974417
0.000953674
0.000952721
0.000967026
0.000999689
0.000958920
0.001083851
0.000962973
0.000967026
0.000961065
0.001077175
0.000986338
0.001497507
0.000951052
0.002610922
0.001760721
0.001341820
0.003546000
0.002339840
0.001721621
0.000970364
0.000951290
0.000954866
0.000970840
0.000963211
0.001088381
0.000958443
0.000955582
0.000964403
0.001052141
0.001041889
0.001052618
0.000957012
0.000972509
0.000948668
0.000977278
0.000957489
0.000962734
0.000969172
0.001004219
0.001570940
0.000910282
0.001030445
0.000947475
0.001056433
0.001189947
0.000956774
0.000958681
0.000962496
0.000954866
0.001059294
0.000964165
0.000960350
0.000955105
0.001985788
0.002005339
0.000941992
0.001224279
0.001085758
0.001154184
0.001097679
0.002417564
0.000957012
0.000956535
0.000958204
0.001158953
0.001099110
0.001079321
0.000955343
0.000968695
0.001173973
0.000953913
0.000957966
0.001033783
0.001085043
0.001278162
0.000954628
0.000963688
0.001761675
0.001753807
0.001709938
0.001857519
0.002586842
0.000971317
0.000964403
0.001053810
0.001073837
0.000975132
0.000970364
0.000926256
0.000962019
0.001049519
0.000959396
0.000964880
0.000966072
0.000962734
0.001068830
0.000965118
0.000957966
0.000969410
0.000970602
0.000988007
0.000965357
0.000967026
0.000983953
0.000965595
0.001065254
0.000961781
0.000995159
0.000970840
0.000966787
0.001066446
0.000986338
0.000969410
0.000964403
0.001100779
0.001074791
0.000966549
0.000956059
0.000986099
0.000958920
0.001065493
0.000954628
0.000965357
0.000973940
0.000971556
0.001070261
0.000949860
0.000973701
0.000968456
0.000975132
0.001009226
0.000968933
0.000972271
0.000972748
0.000965118
0.001122475
0.000974178
0.000972509
0.000969887
0.000964403
0.001037836
0.000969410
0.000970840
0.000975370
0.000967741
0.001066685
0.000963211
0.000984669
0.000969410
0.000970125
0.001054287
0.000947952
0.000969410
0.000973463
0.000954390
0.001056194
0.000960112
0.000965357
0.000969648
0.000970125
0.001012564
0.000966787
0.000973225
0.000967503
0.000965357
0.001072407
0.000971794
0.000967741
0.000969648
0.000971556
0.001069307
0.000976801
0.000970840
0.000963688
0.000953436
0.001049042
0.000947237
0.000972748
0.000960350
0.000963211
0.001049280
0.000966549
0.000931740
0.000970364
0.000994682
0.001045942
0.000971794
0.000966311
0.001062870
0.000945807
0.001004696
0.000973701
0.001435757
0.000945807
0.001022100
0.000944376
0.001271009
0.000995159
0.002240181
0.001277208
0.002537251
0.001957178
0.001669407
0.001491547
0.001276731
0.001161098
0.001035452
0.001175404
0.002022505
0.001534224
0.001132250
0.001651049
0.002490997
0.001320601
0.002903938
0.001036882
0.001049757
0.001183987
0.001714230
0.002607822
0.002394676
0.001102686
0.000973940
0.001760483
0.001573801
0.002424717
0.002249956
0.000945091
0.001417875
0.002305031
0.002040148
0.001141787
0.002509356
0.001661777
0.001359701
0.003166199
0.014522314
0.001898527
0.002115488
0.001562119
0.002131224
0.002494812
0.004144192
0.001285315
0.001727581
0.001019716
0.001212835
0.001018763
0.001418591
0.002572298
0.001279116
0.001265526
0.001099110
0.001272440
0.001341343
0.001132488
0.001286983
0.001258850
0.001273394
0.001367092
0.001307726
0.001353741
0.001245499
0.001311064
0.001608372
0.001244307
