0.000254154
0.000260353
0.000270128
0.000255585
0.000268936
0.000350475
0.000246763
0.000278234
0.000360012
0.000338316
0.000268221
0.000299215
0.000262499
0.000280857
0.000429869
0.000253916
0.000498533
0.000272274
0.000279903
0.000419855
0.000533104
0.001273394
0.000678062
0.000590563
0.000419140
0.000261068
0.000310659
0.000372171
0.000250340
0.000605345
0.000256777
0.000269175
0.000255823
0.000274658
0.000277758
0.000272751
0.000339031
0.000270844
0.000274181
0.000292063
0.000276566
0.000279903
0.000276089
0.000277042
0.000274181
0.000325680
0.000337839
0.000222445
0.000257254
0.000339270
0.000297070
0.000284433
0.000973463
0.000263453
0.000267982
0.000278234
0.000799179
0.000633955
0.000755787
0.000277042
0.000264168
0.000275850
0.000249624
0.000288486
0.000263214
0.000268459
0.000348568
0.000258923
0.000274897
0.000276566
0.000277042
0.000271559
0.000281334
0.000273943
0.000335693
0.000280380
0.000277519
0.000277042
0.000274658
0.000297070
0.000278234
0.000267506
0.000278950
0.000266790
0.000276089
0.000264168
0.000278950
0.000340700
0.000274658
0.000275850
0.000254154
0.000271559
0.000292778
0.000277996
0.000271559
0.000243187
0.000453949
0.000572205
0.000246525
0.000253201
0.000273228
0.000226974
0.000252485
0.000275612
0.000274897
0.000268698
0.000278234
0.000271082
0.000273228
0.000272989
0.000271559
0.000266075
0.000263453
0.000270367
0.000270844
0.000267506
0.000275135
0.000260592
0.000262022
0.000264406
0.000272274
0.000275612
0.000242710
0.000634432
0.000508070
0.000270844
0.000241756
0.000251770
0.000202417
0.000253677
0.000276566
0.000270605
0.000271797
0.000267744
0.000268221
0.000275850
0.000276566
0.000276566
0.000268459
0.000271797
0.000271320
0.000273705
0.000262976
0.000273466
0.000272989
0.000248671
0.000837326
0.000763655
0.000869751
0.000763178
0.000683069
0.000231504
0.000859737
0.000276804
0.000255585
0.000273228
0.000261784
0.000277281
0.000273466
0.000269175
0.000286102
0.000271082
0.000270605
0.000253439
0.000264168
0.000258684
0.000272989
0.000259399
0.000279903
0.000250816
0.000247478
0.000257969
0.000277042
0.000277281
0.000265360
0.000263691
0.000766993
0.000904799
0.000559807
0.000286102
0.000280380
0.000279903
0.000259399
0.000274420
0.000269413
0.000275612
0.000278234
0.000272989
0.000273466
0.000273943
0.000583887
0.000706434
0.000589371
0.000366449
0.000247955
0.000194788
0.000276089
0.000296354
0.000273705
0.000273705
0.000272512
0.000272036
0.000269890
0.000270844
0.000274420
0.000271082
0.000259638
0.000272512
0.000280380
0.000272512
0.000271797
0.000278950
0.000268936
0.000270367
0.000265121
0.000272036
0.000268459
0.000252962
0.000267982
0.000276089
0.000270605
0.000271797
0.000250816
0.000271320
0.000271082
0.000266790
0.000272036
0.000286818
0.000265121
0.000257492
0.000266790
0.000272989
0.000269413
0.000252008
0.000261784
0.000265598
0.000272751
0.000274897
0.000253201
0.000489950
0.000261307
0.000268698
0.000304461
0.000239611
0.000246286
0.000252247
0.000251532
0.000253916
0.000485420
0.000601053
0.000372648
0.000435829
0.000428200
0.000271082
0.000333548
0.000879049
0.000355959
0.000493288
0.000347853
0.000745058
0.000425816
0.000710011
0.000583410
0.000682592
0.000680208
0.000601530
0.000550270
0.000281572
0.000268221
0.000269890
0.000266314
0.000270128
0.000271559
0.000271797
0.000244379
0.000266075
0.000266314
0.000268698
0.000266314
0.000263929
0.000268459
0.000268936
0.000274658
0.000265360
0.000262976
0.000258446
0.000270605
0.000251532
0.000250578
0.000491858
0.000981092
0.000943661
0.000490665
0.000276566
0.000270844
0.000334501
0.000283480
0.000261784
0.000285625
0.000777721
0.001052141
0.000688314
0.000579357
0.000389099
0.000704765
0.000483990
0.000658751
0.000448942
0.000872135
0.000567675
0.000591278
0.000270605
0.000273705
0.000296831
0.000406265
0.000554085
0.000450611
0.000365257
0.000239134
0.000279665
0.000780106
0.000277281
0.000717402
0.000397921
0.000250578
0.000309467
0.000257015
0.000279665
0.000244856
0.000373125
0.000250340
0.000257969
0.000263691
0.000251293
0.000253439
0.000249386
0.000252962
0.000368118
0.000615358
0.000223637
0.000275612
0.000263453
0.000270605
0.000269175
0.000268221
0.000268221
0.000265837
0.000265121
0.000239849
0.000324011
0.000272989
0.000270367
0.000268459
0.000272274
0.000270844
0.000272274
0.000268221
0.000256062
0.000722408
0.000714302
0.000690699
0.000474453
0.000500202
0.000438690
0.000440836
0.000263691
0.000229836
0.000243187
0.000925064
0.000514984
0.001056433
0.000841618
0.000596046
0.000477314
0.000810385
0.000719070
0.000691652
0.000639200
0.000793457
0.000806093
0.000828505
0.000716925
0.000673056
0.000446796
0.000868320
0.000604153
0.000675440
0.000432491
0.000466347
0.000489473
0.000484467
0.000632524
0.000233173
0.000226974
0.000200033
0.000237703
0.000238895
0.000229597
0.000200748
0.000211000
0.000226736
0.000231743
0.000272512
0.000273466
0.000265121
0.000275612
0.000272036
0.000276804
0.000271797
0.000274897
0.000273466
0.000247002
0.000698090
0.000992298
0.000754118
0.000745058
0.000623226
0.000247717
0.000277281
0.000272274
0.000240326
0.000278234
0.000737190
0.000558376
0.000510454
0.000508547
0.000542402
0.000780582
0.000317574
0.000742435
0.000351191
0.001035690
0.000933170
0.000689983
0.000991106
0.001070261
0.000707626
0.000489473
0.000459671
0.000656605
0.000586987
0.000555038
0.000518560
0.000525236
0.000509739
0.000449657
0.000443220
0.000418186
0.000405788
0.000551939
0.000343561
0.000356436
0.000474930
0.000418663
0.000526428
0.000536919
0.000532627
0.000512123
0.000451803
0.000338078
0.000596285
0.000612497
0.000449419
0.000523806
0.000398397
0.000546455
0.000963688
0.000496626
0.000251532
0.000865936
0.000526905
0.000677824
0.000554562
0.000415325
0.000549555
0.000563860
0.000435114
0.000378847
0.000464678
0.000427008
0.000398159
0.000664711
0.000676870
0.000799894
0.001054525
0.000682592
0.000576973
0.000517607
0.000476837
0.000956535
0.000382900
0.000815630
0.000758886
0.000735760
0.001055241
0.000516891
0.001041412
0.000455618
0.000665665
0.000995398
