0.000483751
0.000487804
0.000404596
0.000507355
0.000375271
0.000411034
0.000505686
0.000408411
0.000385523
0.000504017
0.000405312
0.000406981
0.000414610
0.000401258
0.000412464
0.000507355
0.000400543
0.000500917
0.000387907
0.000362635
0.000424385
0.000403881
0.000388622
0.000502586
0.000389338
0.000406742
0.000487566
0.000414133
0.000409126
0.000494480
0.000463486
0.000369310
0.000460386
0.000412226
0.000430346
0.000424623
0.000407219
0.000352859
0.000519991
0.000463009
0.000407219
0.000494242
0.000407219
0.000400543
0.000411510
0.000494480
0.000396490
0.000401020
0.000385046
0.000383377
0.000500679
0.000361681
0.000377417
0.000377178
0.000395775
0.000509024
0.000488758
0.000482798
0.000395298
0.000400782
0.000483036
0.000401258
0.000411510
0.000406027
0.000396490
0.000499010
0.000380278
0.000405073
0.000403404
0.000496864
0.000424862
0.000405550
0.000404596
0.000499249
0.000362873
0.000402927
0.000504017
0.000407934
0.000403404
0.000399113
0.001135588
0.000506401
0.000397444
0.000407219
0.000406742
0.000446796
0.000504494
0.000391483
0.000511169
0.000398159
0.000407696
0.000400782
0.000410318
0.000402927
0.000501394
0.000406981
0.000395775
0.000409603
0.000466824
0.000370979
0.000401497
0.000368357
0.000357389
0.000369072
0.000367880
0.001529455
0.001075506
0.000377893
0.000364304
0.000345230
0.000367165
0.000390530
0.000397205
0.000396490
0.000367403
0.000396252
0.000400305
0.000397444
0.000374317
0.000336647
0.000467777
0.000398874
0.000372887
0.000350714
0.000373125
0.000393391
0.000395060
0.000396013
0.000399351
0.000400066
0.000399590
0.000394344
0.000399828
0.000398874
0.000403643
0.000389814
0.000392437
0.000388384
0.000401020
0.000396490
0.000391960
0.000397205
0.000373363
0.000390530
0.000358582
0.000402927
0.000389099
0.000396013
0.000390530
0.000398636
0.000371456
0.000380039
0.000371218
0.000377893
0.000406265
0.000390768
0.000393867
0.000391483
0.000404358
0.000370264
0.000390768
0.000397682
0.000405788
0.000396967
0.000390291
0.000399590
0.000396729
0.000423670
0.000355482
0.000398874
0.000391245
0.000403166
0.000404835
0.000368595
0.000401735
0.000392675
0.000398874
0.000401735
0.000403881
0.000392199
0.000398159
0.000398874
0.000403643
0.000370264
0.000397921
0.000409126
0.000396252
0.000398636
0.000392914
0.000400305
0.000390530
0.000398874
0.000373125
0.000396490
0.000383139
0.000364542
0.000350952
0.000353813
0.000361681
0.000370026
0.000387192
0.000404119
0.000399351
0.000373363
0.000415564
0.000371218
0.000397921
0.000386715
0.000362873
0.000358343
0.000370026
0.000400305
0.000423193
0.000395775
0.000408888
0.001234531
0.001011133
0.000400305
0.000352144
0.000395536
0.000401497
0.000701427
0.000421047
0.000515461
0.000372648
0.000490189
0.001032114
0.001036882
0.000990152
0.000935555
0.000506401
0.000471115
0.000370979
0.000377178
0.000393867
0.001029015
0.000373602
0.000390768
0.000379562
0.000389814
0.000373840
0.000396013
0.000337124
0.000874281
0.000367880
0.000386715
0.000333309
0.000607014
0.000412703
0.000388622
0.000604630
0.000553370
0.000413179
0.000372410
0.000427723
0.000366926
0.000400782
0.000499964
0.000374317
0.000623703
0.000824213
0.000724792
0.000338316
0.000506878
0.000758886
0.000359774
0.000431061
0.000356197
0.000523806
0.000366449
0.000378132
0.000371933
0.000397682
0.000405312
0.000393867
0.000359774
0.000979185
0.000388145
0.000924826
0.000412941
0.000369549
0.000409842
0.000439405
0.000383139
0.000381947
0.000450134
0.000396013
0.000381708
0.000396490
0.000359535
0.000418901
0.000421047
0.000389099
0.000368118
0.000350475
0.000496387
0.000361919
0.001492977
0.000448704
0.000390291
0.000378609
0.000424385
0.000393152
0.000388384
0.000441790
0.000393629
0.000407696
0.000433445
0.000422478
0.000674486
0.001025438
0.000382662
0.000429630
0.001206875
0.001214266
0.001242399
0.001314878
0.000790358
0.000371695
0.000372648
0.000806093
0.000483274
0.000619173
0.001191854
0.000420332
0.000332594
0.000662088
0.000423908
0.000443697
0.000917435
0.001567841
0.001371861
0.000573635
0.000368834
0.000753641
0.001404047
0.001441717
0.000410795
0.000399828
0.000401258
0.000392914
0.000378132
0.000360250
0.000543356
0.000475168
0.000862837
0.000544310
0.000412941
0.000888586
0.000782728
0.000693321
0.000403404
0.000612259
0.000521660
0.000625610
0.000486135
0.000421286
0.000929117
0.001156807
0.001351118
0.000360966
0.001007795
0.000361443
0.000380754
0.000804901
0.000861406
0.000397682
0.000390053
0.000388384
0.000348806
0.000389576
0.000358820
0.000377655
0.000408888
0.000397921
0.000396013
0.000388145
0.000337362
0.000398636
0.000388622
0.000403881
0.000369787
0.000458479
0.000480413
0.000336170
0.000394106
0.000398159
0.000421047
0.000790596
0.000638008
0.000397205
0.001038313
0.000859976
0.000349283
0.000426292
0.000355244
0.000405312
0.000364780
0.000394344
0.000357628
0.000424385
0.000600100
0.000510931
0.000398874
0.000355005
0.000390768
0.000423193
0.000641108
0.000408649
0.000376940
0.000607252
0.000750065
0.000544071
0.000405312
0.000329018
0.000349998
0.000732899
0.000411034
0.000489712
0.000392675
0.000406504
0.000808716
0.000774145
0.000669241
0.000385046
0.000549793
0.000411034
0.000417233
0.000473976
0.000571489
0.000700951
0.000693083
0.000718355
0.000744104
0.000565767
0.000892639
0.000797987
0.000483036
0.000544310
0.000592709
0.000788927
0.000361204
0.000400305
0.000683069
0.000649691
0.000373363
0.000545740
0.000663280
0.000507355
0.000391722
0.000513554
0.000371933
0.000428915
0.000449896
0.000389099
0.000403404
0.000393867
0.000382662
0.000380278
0.000391245
0.000414371
0.000371695
0.000395536
0.000398397
0.000382185
0.000394583
0.000408888
0.000395775
0.000373125
0.000397682
0.000418186
0.000399590
0.000394344
0.000395060
0.000384092
0.000377178
0.000401497
0.000389576
0.000396729
0.000386477
0.000396967
0.000391483
0.000391960
0.000388384
0.000389576
0.000403404
0.000356197
0.000388145
0.000395775
0.000403881
0.000401258
0.000399113
0.000397205
0.000385046
0.000392199
0.000403643
0.000401735
0.000404596
0.000403643
0.000377655
