0.000244856
0.000243425
0.000240564
0.000243664
0.000303507
0.000245333
0.000240088
0.000240564
0.000245094
0.000242949
0.000243902
0.000241041
0.000241756
0.000243902
0.000240803
0.000225306
0.000239849
0.000244141
0.000240803
0.000242710
0.000252962
0.000243187
0.000243187
0.000240564
0.000243902
0.000217915
0.000244617
0.000244379
0.000227451
0.000244379
0.000232220
0.000242949
0.000244141
0.000243664
0.000224590
0.000293970
0.000243902
0.000243187
0.000237226
0.000247717
0.000244141
0.000244856
0.000242710
0.000242472
0.000243425
0.000241280
0.000242710
0.000249147
0.000243425
0.000243187
0.000242233
0.000244379
0.000245333
0.000243664
0.000241518
0.000243664
0.000240803
0.000238657
0.000241280
0.000238419
0.000244856
0.000243664
0.000244379
0.000242949
0.000241756
0.000243664
0.000242233
0.000241995
0.000240088
0.000239611
0.000240088
0.000240088
0.000240326
0.000242233
0.000241995
0.000236988
0.000241995
0.000240564
0.000236750
0.000233412
0.000245571
0.000235319
0.000236988
0.000235081
0.000233889
0.000235558
0.000235558
0.000236273
0.000234842
0.000218391
0.000241995
0.000239849
0.000236511
0.000235081
0.000236750
0.000236750
0.000236273
0.000263929
0.000280619
0.000232935
0.000238419
0.000238180
0.000235558
0.000219584
0.000251532
0.000234842
0.000237703
0.000227213
0.000233412
0.000246048
0.000211954
0.000252962
0.000285625
0.000522852
0.000177145
0.000241756
0.000220776
0.000200033
0.000196218
0.000214338
0.000205040
0.000255108
0.000198603
0.000250101
0.000222921
0.000253439
0.000195980
0.000208855
0.000205278
0.000253916
0.000348091
0.000222445
0.000218868
0.000208616
0.000219822
0.000211239
0.000237465
0.000228405
0.000206947
0.000200033
0.000219822
0.000216722
0.000244141
0.000221968
0.000172377
0.000192642
0.000219584
0.000249863
0.000216722
0.000207186
0.000231266
0.000246763
0.000236273
0.000243425
0.000274658
0.000243664
0.000243187
0.000243425
0.000241995
0.000242233
0.000244617
0.000241756
0.000243425
0.000244379
0.000243425
0.000245094
0.000243425
0.000369787
0.000224113
0.000219345
0.000669479
0.000534296
0.000510693
0.000180244
0.000231266
0.000248432
0.000232458
0.000240803
0.000238419
0.000242710
0.000246286
0.000247955
0.000243664
0.000229359
0.000243425
0.000242472
0.000244141
0.000238419
0.000242710
0.000242710
0.000244141
0.000241995
0.000242233
0.000239849
0.000243187
0.000218630
0.000577688
0.000241756
0.000499964
0.000214815
0.000232458
0.000227213
0.000225544
0.000223160
0.000240803
0.000240564
0.000242949
0.000242710
0.000242710
0.000242472
0.000242472
0.000243664
0.000233412
0.000231504
0.000248909
0.000242949
0.000243425
0.000246048
0.000241995
0.000243425
0.000245810
0.000262499
0.000246525
0.000239372
0.000246525
0.000243425
0.000245810
0.000245094
0.000223398
0.000241756
0.000241280
0.000243664
0.000241756
0.000235796
0.000243425
0.000243425
0.000244856
0.000244379
0.000246048
0.000244141
0.000242710
0.000239611
0.000245094
0.000243187
0.000244379
0.000246763
0.000243664
0.000242710
0.000247002
0.000242233
0.000244856
0.000244379
0.000242472
0.000242472
0.000247240
0.000241995
0.000246286
0.000244379
0.000244141
0.000244856
0.000243664
0.000247240
0.000245810
0.000242233
0.000245333
0.000247240
0.000245333
0.000245094
0.000243187
0.000232458
0.000229359
0.000231743
0.000242472
0.000242233
0.000246763
0.000239849
0.000226259
0.000226974
0.000245810
0.000240326
0.000241280
0.000251293
0.000250578
0.000244617
0.000244141
0.000241518
0.000244617
0.000243425
0.000242233
0.000222921
0.000247717
0.000237703
0.000218630
0.000217676
0.000231504
0.000540972
0.000238419
0.000246763
0.000243187
0.000246763
0.000243425
0.000246048
0.000248194
0.000243664
0.000247717
0.000243187
0.000246525
0.000221968
0.000216961
0.000240326
0.000232458
0.000220299
0.000258446
0.000242949
0.000230074
0.000230312
0.000242710
0.000247002
0.000241518
0.000272751
0.000252724
0.000224590
0.000245094
0.000242710
0.000239134
0.000243664
0.000249624
0.000267029
0.000236034
0.000213861
0.000228643
0.000246048
0.000248432
0.000247002
0.000243902
0.000239372
0.000242233
0.000265598
0.000245094
0.000263453
0.000251770
0.000253916
0.000252724
0.000241518
0.000266552
0.000225306
0.000224113
0.000238895
0.000221252
0.000243902
0.000252008
0.000245094
0.000247240
0.000244856
0.000244617
0.000246286
0.000230789
0.000231504
0.000227451
0.000245094
0.000250340
0.000236034
0.000261307
0.000232935
0.000225067
0.000272751
0.000237226
0.000243902
0.000257015
0.000232458
0.000239849
0.000248671
0.000246048
0.000255585
0.000257969
0.000262976
0.000330210
0.000223637
0.000241756
0.000245094
0.000241280
0.000245094
0.000243902
0.000243425
0.000240803
0.000243187
0.000242710
0.000243664
0.000241995
0.000230312
0.000241518
0.000240803
0.000234127
0.000243664
0.000228882
0.000243187
0.000242949
0.000243425
0.000241995
0.000242710
0.000243425
0.000245333
0.000245333
0.000241041
0.000244856
0.000245571
0.000245333
0.000244379
0.000244617
0.000243902
0.000239849
0.000245810
0.000246763
0.000243187
0.000241756
0.000246525
0.000242233
0.000241280
0.000243664
0.000243664
0.000246048
0.000245571
0.000244617
0.000244617
0.000245333
0.000246286
0.000242949
0.000244379
0.000243187
0.000245571
0.000227690
0.000242233
0.000246763
0.000244856
0.000247717
0.000242233
0.000245810
0.000243902
0.000233173
0.000243664
0.000246286
0.000243187
0.000243664
0.000241041
0.000244141
0.000241756
0.000211716
0.000212669
0.000202417
0.000238180
0.000241756
0.000228167
0.000243664
0.000243187
0.000243425
0.000239372
0.000236988
0.000241518
0.000242233
0.000231981
0.000224113
0.000243902
0.000263453
0.000243187
0.000244856
0.000242949
0.000243425
0.000241041
0.000245094
0.000245094
0.000242472
0.000240326
0.000240326
0.000241756
0.000239134
0.000262737
0.000428915
0.000245094
0.000252724
0.000469685
0.000511169
0.000223160
0.000228643
0.000363588
0.000244617
0.000250101
0.000232220
0.000245810
0.000242949
0.000244141
0.000242710
0.000243187
0.000240326
0.000236988
0.000213623
0.000261545
0.000229836
0.000242949
0.000238180
0.000259638
