0.012091398
0.002097607
0.012275934
0.001798868
0.001744032
0.002017736
0.002796173
0.004685640
0.012137413
0.001689911
0.001764059
0.002968073
0.002640247
0.002773285
0.015457630
0.005552769
0.004614830
0.002814293
0.002076149
0.001788378
0.001737595
0.001718521
0.001982689
0.002007246
0.001697540
0.001714706
0.002083063
0.002020597
0.002029896
0.002200365
0.002252102
0.002312660
0.002105713
0.002224922
0.004074335
0.002156734
0.001929283
0.002448559
0.003308058
0.004021168
0.005516291
0.003012657
0.002125978
0.002536535
0.003411293
0.002230406
0.002052069
0.001906157
0.001715183
0.001698732
0.002010584
0.002339125
0.011629581
0.002255201
0.002353430
0.002220154
0.001893282
0.002057552
0.001916409
0.002002239
0.001748562
0.001955986
0.001965284
0.001960993
0.001704931
0.002964497
0.003446341
0.002580166
0.003285885
0.012299299
0.002296925
0.001931190
0.002002001
0.001969337
0.001729488
0.001720190
0.001727343
0.002000570
0.001688004
0.001693010
0.001963854
0.002202988
0.002000093
0.001983166
0.001696348
0.001891375
0.001908779
0.002106190
0.001655579
0.001729488
0.001963615
0.001712322
0.002159834
0.003926516
0.003445864
0.003751278
0.003450871
0.003202915
0.005672216
0.003151894
0.002957106
0.002990007
0.002967834
0.002856255
0.002983093
0.003066063
0.003936529
0.003418922
0.003366709
0.003256083
0.003180742
0.002876759
0.003063440
0.003248215
0.006061316
0.003502131
0.003149748
0.003793240
0.003476143
0.004159212
0.003230572
0.003657103
0.003604650
0.002921820
0.003390312
0.004048109
0.004705906
0.004265547
0.003688812
0.004051447
0.003912449
0.003782988
0.003859043
0.004129887
0.003298521
0.008118153
0.003412008
0.003777981
0.004441738
0.003301620
0.003748178
0.003024578
0.003956795
0.013293743
0.003993273
0.004493237
0.003979445
0.005307913
0.007817984
0.004311562
0.004170418
0.004265308
0.004340887
0.004278660
0.003202438
0.004208803
0.004305840
0.006513119
0.004462481
0.004443407
0.004122257
0.007201433
0.003829956
0.005197525
0.004098177
0.004541397
0.004207611
0.004246473
0.004196882
0.004956007
0.004792452
0.004266739
0.004263163
0.004442215
0.003668547
0.004141569
0.006036520
0.003679752
0.005173445
0.003239870
0.003601074
0.003253222
0.013285875
0.005608797
0.005803585
0.006488562
0.005913734
0.004678249
0.005039692
0.002487898
0.005360365
0.004724026
0.005076647
0.004268408
0.004010201
0.004350185
0.004016876
0.003291607
0.002949238
0.003695250
0.003678799
0.004377842
0.003452301
0.012569189
0.003063679
0.003371954
0.003119707
0.003025532
0.003103971
0.002769709
0.002957106
0.003041506
0.003077269
0.002759933
0.002794981
0.002965927
0.003078461
0.002945900
0.003027916
0.003075600
0.003302336
0.003214598
0.003040552
0.003155708
0.003019333
0.003080845
0.002922773
0.003306150
0.003224611
0.003676891
0.003069401
0.003122330
0.003873110
0.002952337
0.003355503
0.003165960
0.003780127
0.003487110
0.003147125
0.003155708
0.003369331
0.003178120
0.003289461
0.003729343
0.003466368
0.003795147
0.003196239
0.003993988
0.002649307
0.003741503
0.002704620
0.003915787
0.003414392
0.003638744
0.001966715
0.001854181
0.001755476
0.001778841
0.001837254
0.001835585
0.001753569
0.001687765
0.001833439
0.001929522
0.001887083
0.001765728
0.001791000
0.001948357
0.001688719
0.001894712
0.001675606
0.001770258
0.001889944
0.001793861
0.001714468
0.001883745
0.001661301
0.001761675
0.001790285
0.001831770
0.001854420
0.002070189
0.001847982
0.001959085
0.002146721
0.002077818
0.001788139
0.001805067
0.001760721
0.001817226
0.001790524
0.001784563
0.001776218
0.001760006
0.001746655
0.001747608
0.001790047
0.001691341
0.001758814
0.001679897
0.001774073
0.001773119
0.001850128
0.001800776
0.001799583
0.001860857
0.001793385
0.002010107
0.001916885
0.001904249
0.001808405
0.001857042
0.001856565
0.001981735
0.001891613
0.001854658
0.001802206
0.001831293
0.001827717
0.002006769
0.001982689
0.002015352
0.001937389
0.001925707
0.001815796
0.001895666
0.001867771
0.001813650
0.001879930
0.001801252
0.001905203
0.001841307
0.001836300
0.001842737
0.001755476
0.001830578
0.001909971
0.002046108
0.001915932
0.001968861
0.001892090
0.001918554
0.001822472
0.003124237
0.001727819
0.001779079
0.001899004
0.001917362
0.001927853
0.001945972
0.001907110
0.001899481
0.001897573
0.001897573
0.001929998
0.001858950
0.001910210
0.001754522
0.001884699
0.001747847
0.001849890
0.001928091
0.001904488
0.001771927
0.001759529
0.001793861
0.002149343
0.002036572
0.001967669
0.001976013
0.001963615
0.001827240
0.001959562
0.001935959
0.001907825
0.001899242
0.001936436
0.001942635
0.001945257
0.002213240
0.002087116
0.001919985
0.001966953
0.001903057
0.001954079
0.001832008
0.001941442
0.001915216
0.002134562
0.001867533
0.001879215
0.001885176
0.001842022
0.002039194
0.002526283
0.001919031
0.001894474
0.001826048
0.001879215
0.002956867
0.001984835
0.002308607
0.002491474
0.002179623
0.001798868
0.002587080
0.002379894
0.002071381
0.002025127
0.002587318
0.002011776
0.002515078
0.002077341
0.002443314
0.002205372
0.002677202
0.002058029
0.002012968
0.002117634
0.002019882
0.002101421
0.002317667
0.002501011
0.002196550
0.001997471
0.002128601
0.002122879
0.002055168
0.002100229
0.003393173
0.002621651
0.002022505
0.002005339
0.003322363
0.001966715
0.002114296
0.002103806
0.002033234
0.002243280
0.002133608
0.002016544
0.003135920
0.002069473
0.002233744
0.002086639
0.001969576
0.002064943
0.002786398
0.003778696
0.002117872
0.002081871
0.002282143
0.002070189
0.002092600
0.002266169
0.002147913
0.001955032
0.002129555
0.002271414
0.002290010
0.002099276
0.002231836
0.003200531
0.002022028
0.002237320
0.002087593
0.002115726
0.002506971
0.002267838
0.002199888
0.002046108
0.002058744
0.002239704
0.002197504
0.002022028
0.002165794
0.002180576
0.001932144
0.001978397
0.002125978
0.001898289
0.002020836
0.002076387
0.001971245
0.002008438
0.002104998
0.001976490
0.002958298
0.002175570
0.002252340
0.002068281
0.002869129
0.001987696
0.002043724
0.001940727
0.002434731
0.001979351
0.002392054
0.001988411
0.002511740
