0.000244141
0.000253916
0.000253439
0.000251532
0.000247240
0.000248194
0.000250816
0.000255823
0.000256538
0.000329494
0.000256300
0.000255108
0.000315905
0.000248194
0.000256300
0.000240803
0.000258446
0.000262022
0.000260115
0.000328779
0.000220537
0.000372171
0.000252724
0.000252962
0.000670671
0.000272274
0.000280857
0.000437498
0.000236034
0.000249624
0.000256300
0.000244856
0.000234127
0.000486135
0.000445366
0.000268459
0.000240326
0.000245810
0.000256062
0.000290871
0.000258684
0.000257492
0.000256538
0.000257969
0.000248671
0.000320196
0.000266552
0.000251770
0.000248671
0.000252962
0.000253201
0.000251770
0.000252247
0.000261784
0.000245333
0.000223398
0.000252962
0.000288725
0.000253201
0.000251055
0.000251532
0.000256777
0.000248909
0.000249624
0.000240326
0.000244379
0.000250816
0.000252247
0.000249147
0.000241756
0.000246048
0.000249624
0.000251293
0.000252485
0.000248432
0.000226736
0.000247717
0.000251293
0.000313520
0.000253201
0.000253201
0.000272036
0.000253439
0.000252962
0.000253677
0.000302553
0.000250340
0.000259638
0.000246048
0.000245094
0.000249863
0.000249386
0.000250578
0.000252962
0.000250340
0.000252485
0.000253916
0.000248194
0.000251293
0.000254393
0.000251532
0.000252247
0.000240564
0.000249863
0.000262260
0.000245571
0.000290394
0.000232697
0.000238895
0.000228643
0.000230312
0.000259161
0.000255585
0.000259876
0.000243425
0.000263929
0.000253201
0.000240803
0.000256300
0.000251770
0.000249624
0.000254154
0.000271320
0.000245333
0.000226736
0.000251293
0.000256062
0.000250578
0.000244379
0.000250101
0.000245333
0.000226021
0.000256062
0.000252962
0.000240564
0.000226736
0.000253201
0.000241041
0.000244856
0.000265837
0.000249863
0.000253439
0.000253439
0.000250101
0.000252247
0.000246286
0.000248671
0.000252008
0.000253439
0.000236511
0.000252724
0.000252962
0.000262499
0.000254869
0.000254631
0.000253916
0.000265121
0.000254154
0.000257254
0.000251770
0.000254631
0.000252485
0.000255346
0.000256777
0.000263453
0.000254869
0.000253916
0.000253677
0.000250816
0.000240326
0.000253916
0.000255108
0.000253201
0.000262499
0.000254631
0.000243664
0.000256777
0.000271797
0.000252008
0.000253201
0.000252008
0.000252962
0.000251532
0.000252962
0.000254869
0.000253916
0.000251055
0.000251532
0.000252008
0.000256300
0.000263691
0.000252724
0.000251293
0.000253916
0.000252485
0.000254631
0.000249386
0.000253201
0.000254154
0.000255108
0.000255823
0.000254393
0.000252247
0.000243425
0.000245333
0.000244856
0.000258684
0.000252724
0.000252485
0.000253439
0.000258923
0.000251293
0.000251055
0.000253916
0.000251770
0.000248909
0.000254154
0.000252485
0.000254393
0.000257730
0.000255823
0.000258923
0.000253677
0.000268221
0.000250340
0.000251532
0.000251770
0.000252962
0.000252008
0.000251532
0.000243902
0.000248432
0.000260115
0.000252247
0.000252247
0.000252008
0.000248432
0.000252724
0.000252485
0.000265837
0.000266790
0.000261545
0.000262499
0.000254869
0.000255108
0.000251532
0.000252247
0.000256300
0.000253201
0.000257492
0.000251770
0.000255585
0.000252724
0.000257730
0.000253916
0.000244379
0.000260353
0.000242472
0.000254631
0.000249624
0.000253916
0.000244856
0.000250578
0.000250578
0.000254154
0.000253439
0.000251055
0.000250578
0.000250101
0.000244141
0.000243187
0.000246763
0.000259876
0.000267506
0.000248432
0.000253201
0.000251055
0.000250816
0.000253201
0.000254393
0.000252247
0.000249863
0.000249386
0.000254154
0.000252008
0.000253201
0.000254869
0.000266552
0.000252485
0.000229120
0.000262022
0.000242710
0.000234127
0.000249624
0.000238657
0.000251293
0.000250340
0.000260592
0.000252485
0.000253201
0.000253439
0.000246286
0.000252724
0.000249863
0.000251293
0.000241041
0.000252247
0.000244141
0.000221968
0.000228643
0.000313520
0.000287294
0.000252485
0.000253916
0.000255346
0.000256777
0.000221729
0.000243664
0.000365496
0.000235319
0.000270367
0.000252008
0.000254869
0.000251293
0.000251770
0.000273705
0.000238180
0.000248432
0.000256777
0.000249863
0.000253201
0.000255346
0.000210047
0.000254154
0.000249863
0.000250101
0.000250340
0.000244141
0.000244617
0.000236988
0.000239611
0.000255585
0.000250816
0.000249386
0.000252008
0.000250340
0.000251293
0.000252962
0.000251055
0.000249147
0.000231504
0.000252485
0.000252962
0.000245810
0.000253677
0.000252724
0.000233889
0.000250816
0.000232935
0.000259876
0.000250101
0.000306845
0.000226974
0.000307798
0.000642061
0.000404119
0.000151634
0.000250340
0.000241518
0.000373602
0.000408173
0.000234365
0.000227928
0.000265121
0.000277519
0.000571728
0.000509024
0.000236750
0.000260115
0.000406504
0.000305653
0.000236034
0.000244617
0.000249147
0.000286341
0.000510931
0.000232458
0.000252962
0.000247002
0.000252008
0.000236988
0.000248432
0.000245810
0.000230074
0.000231504
0.000252008
0.000251532
0.000250816
0.000220060
0.000232697
0.000233650
0.000216484
0.000216961
0.000234365
0.000222683
0.000227690
0.000388384
0.000216246
0.000275850
0.000240326
0.000240564
0.000219822
0.000294209
0.000459909
0.000309229
0.000353336
0.000257492
0.000254393
0.000253916
0.000250340
0.000253201
0.000254393
0.000253201
0.000241518
0.000247240
0.000255108
0.000253439
0.000272989
0.000273943
0.000249147
0.000253677
0.000252962
0.000211000
0.000250578
0.000288248
0.000217676
0.000253916
0.000235319
0.000247478
0.000248909
0.000265837
0.000249863
0.000248671
0.000250578
0.000247717
0.000218153
0.000271082
0.000250101
0.000248432
0.000217676
0.000252008
0.000251293
0.000275850
0.000250578
0.000234127
0.000240803
0.000527143
0.000250578
0.000307322
0.000235558
0.000237942
0.000253677
0.000254154
0.000247955
0.000246286
0.000259399
0.000281811
0.000990629
0.001169682
0.000746250
0.000768185
0.000332832
0.000396967
0.000238657
0.000249863
0.000408173
0.000259876
0.000308514
0.000250340
0.000248194
0.000599146
0.000284195
0.000269651
0.000248432
0.000225067
0.000557184
0.000253201
0.000229836
0.000591993
0.000241041
0.000430346
0.000237942
0.000257254
0.000299692
0.000696659
0.000592232
0.000258446
0.000249863
0.000594616
0.000277996
