0.000683546
0.000642776
0.000731707
0.000636339
0.000766754
0.000738621
0.000919819
0.000587463
0.000808716
0.000685453
0.000811577
0.000847101
0.000857115
0.002403975
0.000878811
0.000624895
0.000705719
0.000718117
0.000630617
0.000621080
0.000711203
0.000828028
0.000718832
0.000854492
0.000691652
0.000657082
0.000779867
0.000681162
0.000641584
0.000634193
0.000726700
0.000756502
0.000607491
0.000715494
0.000721693
0.000618458
0.000670195
0.000710487
0.000619650
0.000707388
0.000637770
0.000688791
0.000658989
0.000652552
0.000610828
0.000736475
0.000710487
0.000617743
0.000718594
0.001625299
0.000640154
0.000624180
0.000713110
0.000714779
0.000726223
0.000706673
0.000653744
0.000650406
0.000652075
0.000723124
0.000731468
0.001373529
0.000703573
0.000605106
0.000722885
0.001039505
0.001213789
0.001031399
0.000739098
0.000687361
0.000776529
0.000662088
0.000682592
0.000641346
0.000627518
0.000649929
0.000721693
0.000723839
0.000656605
0.000665903
0.000723839
0.000639439
0.000678778
0.000710487
0.000717640
0.000711918
0.000821829
0.000647306
0.000634193
0.000655890
0.000713348
0.000688314
0.000631094
0.000723124
0.000644445
0.000718832
0.000635147
0.000697851
0.000710249
0.000685930
0.000623941
0.000618219
0.000599384
0.000914574
0.000917673
0.000875711
0.000618219
0.000618696
0.000610590
0.000596762
0.000636101
0.000626564
0.000625849
0.000626087
0.000610828
0.000629425
0.000628233
0.000631094
0.000627518
0.000599623
0.000636101
0.000616789
0.000619888
0.000631571
0.000627279
0.000640392
0.000637293
0.000620127
0.000588655
0.000577211
0.000800371
0.000586271
0.001001596
0.000645876
0.001804352
0.000627041
0.000645399
0.000690460
0.000621080
0.011160612
0.000632286
0.000630379
0.000619650
0.000638008
0.000635862
0.000607252
0.000625134
0.000623465
0.000605583
0.000600815
0.000637531
0.000606537
0.000626564
0.000604391
0.000629187
0.000638485
0.000632763
0.000623703
0.000625134
0.000611305
0.000618219
0.000598907
0.000632286
0.000621080
0.000603914
0.000618219
0.000619650
0.001043797
0.000843048
0.000633717
0.000630140
0.000596762
0.000643253
0.000619888
0.000636339
0.000622749
0.000636339
0.000851154
0.000633001
0.000642300
0.000788212
0.000727415
0.001017809
0.000900269
0.000808239
0.000614882
0.000795126
0.000832796
0.000721931
0.000633001
0.000634909
0.000604153
0.000627756
0.000617981
0.000684500
0.000598431
0.000630856
0.000685692
0.000728846
0.000578642
0.000634670
0.000612736
0.000578165
0.000694275
0.000613689
0.000715017
0.000693321
0.001234055
0.000877142
0.001062632
0.000943184
0.002066851
0.003327131
0.001570940
0.001467943
0.000597239
0.001126766
0.000665426
0.000630856
0.000964403
0.000648022
0.000639915
0.000887394
0.000620842
0.000604153
0.000954390
0.000615597
0.000620365
0.000623941
0.000631332
0.000621796
0.000627995
0.000626802
0.000624895
0.000627995
0.000619173
0.000623226
0.000623703
0.000629425
0.000552416
0.000682354
0.000629425
0.000611544
0.000620604
0.000613213
0.000969172
0.000572205
0.000607014
0.000685930
0.000592470
0.000666857
0.000610828
0.000614643
0.000633717
0.000612497
0.000607729
0.000601768
0.000627518
0.000562191
0.000721455
0.000629902
0.000599384
0.000616550
0.000624657
0.000630617
0.000738382
0.000597477
0.000598192
0.000629902
0.000625134
0.000612497
0.000591278
0.000522614
0.000563145
0.000624180
0.000618935
0.000592709
0.000625610
0.000607491
0.000626564
0.000612020
0.000586748
0.000627279
0.000627041
0.000621796
0.000557661
0.000598192
0.000641823
0.000635862
0.000627518
0.000576735
0.000621557
0.000581026
0.000699997
0.000632524
0.000618935
0.000629425
0.000627041
0.000595093
0.000626564
0.000624180
0.000627995
0.000629425
0.000616074
0.000623226
0.000624418
0.000622988
0.000626564
0.000597477
0.000631332
0.000607729
0.000627279
0.000587225
0.000616789
0.000599146
0.000734329
0.002772570
0.000630856
0.000603914
0.000624180
0.000601530
0.000669003
0.001080990
0.000603199
0.000773907
0.000587940
0.000628948
0.000612020
0.000579119
0.000631809
0.000629902
0.000555515
0.000632763
0.000624180
0.000633717
0.000624418
0.000590086
0.000624895
0.000624895
0.000624418
0.000605583
0.000583887
0.000608921
0.000625849
0.000623465
0.000604868
0.000594378
0.000626326
0.000595808
0.000613451
0.000633001
0.000622034
0.000628471
0.000627518
0.000626564
0.000598669
0.000632048
0.000624180
0.000626326
0.000619888
0.000636578
0.000557184
0.000638008
0.000636578
0.000645876
0.000622034
0.000627756
0.000617027
0.000621557
0.000625610
0.000622511
0.000608921
0.000613689
0.000619173
0.000638008
0.000619173
0.000609875
0.000622511
0.000612497
0.000627279
0.000608444
0.000580788
0.000558853
0.000604630
0.000599623
0.000601768
0.000609875
0.000610113
0.000605583
0.000605106
0.000588179
0.000627279
0.000627756
0.000629902
0.000623226
0.000623226
0.000613928
0.000620604
0.000622749
0.000617027
0.000594378
0.000622511
0.000627279
0.000616074
0.000612259
0.000624180
0.000620127
0.000597477
0.000582933
0.000627279
0.000629902
0.000626564
0.000625372
0.000636339
0.000625372
0.000627756
0.000630617
0.000623941
0.000625134
0.000620127
0.000621557
0.000636101
0.000620604
0.000626326
0.000630617
0.000628471
0.000619888
0.000637054
0.000626564
0.000606060
0.000618696
0.000616550
0.000628471
0.000630379
0.000626087
0.000629187
0.000629902
0.000611067
0.000628710
0.000620127
0.000631809
0.000592232
0.000608683
0.000605106
0.000613928
0.001636028
0.000636578
0.000623941
0.000919580
0.001154184
0.000751972
0.000638008
0.001504421
0.000791550
0.001188517
0.000785112
0.000624657
0.001287460
0.000850916
0.001369238
0.001348734
0.000590086
0.000630140
0.000600338
0.000618219
0.000621319
0.000598431
0.000588417
0.000587940
0.000611067
0.000610828
0.000630140
0.000647306
0.000618935
0.000585318
0.000625134
0.000671148
0.000625610
0.000619173
0.000597000
0.000584364
0.000590086
0.000589132
0.000619650
0.000602722
0.000598431
0.000627041
0.000598192
0.000605822
0.000594854
0.000632524
0.000625134
0.000631571
0.000600100
0.000585079
0.000614405
0.000604153
0.000589132
0.000619888
0.000592470
