0.000238895
0.000319481
0.000258446
0.000252962
0.000255585
0.000261307
0.000250340
0.000295877
0.000255823
0.000263214
0.000241995
0.000243664
0.000256777
0.000262260
0.000258923
0.000324965
0.000316620
0.000270605
0.000264168
0.000269413
0.000250340
0.000249147
0.000244856
0.000247955
0.000316858
0.000257969
0.000263214
0.000232697
0.000241280
0.000264645
0.000264883
0.000268221
0.000257969
0.000339508
0.000261307
0.000259876
0.000261784
0.000268698
0.000969410
0.000247240
0.000280857
0.000244141
0.000239611
0.000261068
0.000259399
0.000257254
0.000234365
0.000378370
0.000259638
0.000303268
0.000439644
0.000426531
0.001197100
0.000297308
0.000431776
0.000243664
0.000710726
0.000679970
0.000811338
0.000285864
0.000240564
0.000292778
0.000300169
0.000289202
0.000242472
0.000287294
0.000247002
0.000271797
0.000370026
0.000273228
0.000242710
0.000276089
0.000265360
0.000270128
0.000263691
0.000267506
0.000246525
0.000241995
0.000257015
0.000261307
0.000246763
0.000257730
0.000236273
0.000238895
0.000262022
0.000271082
0.000230074
0.000226259
0.000217438
0.000221729
0.000399590
0.000241518
0.000262260
0.000304461
0.000257492
0.000242710
0.000251770
0.000252724
0.000233173
0.000405550
0.000247240
0.000282049
0.000246286
0.000446081
0.000279188
0.000269413
0.000248909
0.001037598
0.000271559
0.000263691
0.000272274
0.000353098
0.000610590
0.000627995
0.000314951
0.000668526
0.001358032
0.000939608
0.000823736
0.000396252
0.000238180
0.000260830
0.000287056
0.000337601
0.000252485
0.000265598
0.000273228
0.000233889
0.000331879
0.000464201
0.000669241
0.000247478
0.000229120
0.000277758
0.000263691
0.000261307
0.000251055
0.000251770
0.000262022
0.000248194
0.000253916
0.000256062
0.000259876
0.000251293
0.000262976
0.000256538
0.000291824
0.000269175
0.000260115
0.000253677
0.000271797
0.000240803
0.000250340
0.000225306
0.000223875
0.000230789
0.000210762
0.000226974
0.000936747
0.000226736
0.000604391
0.000236273
0.000225306
0.000238419
0.000316620
0.000236988
0.000232458
0.000257015
0.000395298
0.000249386
0.000225306
0.000361681
0.000241041
0.000239372
0.000219107
0.000485897
0.000304937
0.000252008
0.000232220
0.000225782
0.000236511
0.000216961
0.000236273
0.000250816
0.000230312
0.000254154
0.000324249
0.000888348
0.000263214
0.000258923
0.000257254
0.000262499
0.000259638
0.000264406
0.000253201
0.000266552
0.000254393
0.000237226
0.000175476
0.000244856
0.000274181
0.000251055
0.000257730
0.000293493
0.000257015
0.000255823
0.000244141
0.000386715
0.000291586
0.000250340
0.000254154
0.000258207
0.000258923
0.000224352
0.000255108
0.000282049
0.000253916
0.000280857
0.000233173
0.000261784
0.000219822
0.000245571
0.000601768
0.000634909
0.000552654
0.000236511
0.000253201
0.000257254
0.000250578
0.000253201
0.000253916
0.000254631
0.000255108
0.000274181
0.000257969
0.000281572
0.000228643
0.000340700
0.000567675
0.000620127
0.000638723
0.000517845
0.000259399
0.000249863
0.000254154
0.000246525
0.000257969
0.000253677
0.000257015
0.000257254
0.000259876
0.000255108
0.000256300
0.000313520
0.000524998
0.000249386
0.000277519
0.000257492
0.000262022
0.000426769
0.000373363
0.000395536
0.000358582
0.000236034
0.000300169
0.000257015
0.000258923
0.000237465
0.000246048
0.000248194
0.000253201
0.000233412
0.000237465
0.000255585
0.000213861
0.000225782
0.000230551
0.000236273
0.000230789
0.000249147
0.000229597
0.000218630
0.000428677
0.000577927
0.000914097
0.000224829
0.000464678
0.000224829
0.000250816
0.000225067
0.000225544
0.000225306
0.000232697
0.000200987
0.000211239
0.000204802
0.000243664
0.000270128
0.000259399
0.000251532
0.000259399
0.000258446
0.000261545
0.000260592
0.000251770
0.000372887
0.000260592
0.000307322
0.000257969
0.000256538
0.000282526
0.000259161
0.000276089
0.000260353
0.000324726
0.000574112
0.000539303
0.000581741
0.000341892
0.000404358
0.000580549
0.000300884
0.000237226
0.000160456
0.000263929
0.000264168
0.000246763
0.000338793
0.000316620
0.000236988
0.000235558
0.000155926
0.000258684
0.000256300
0.000256300
0.000251770
0.000259876
0.000257015
0.000255346
0.000246286
0.000258684
0.000237226
0.000257254
0.000257254
0.000250101
0.000266075
0.000228167
0.000260353
0.000257254
0.000256300
0.000261784
0.000260592
0.000260353
0.000241756
0.000258684
0.000241756
0.000259876
0.000256538
0.000257492
0.000243664
0.000229836
0.000239849
0.000231504
0.000236511
0.000231266
0.000211000
0.000229836
0.000236511
0.000212669
0.000249624
0.000234127
0.000240564
0.000238895
0.000222921
0.000232220
0.000540972
0.000274897
0.000300646
0.000242472
0.000255346
0.000459909
0.000336647
0.000259638
0.000289440
0.000231028
0.000247955
0.000226736
0.000260115
0.000231028
0.000261068
0.000247478
0.000237942
0.000250340
0.000239134
0.000253439
0.000252962
0.000254869
0.000255346
0.000250816
0.000257254
0.000251532
0.000271320
0.000241995
0.000233173
0.000256300
0.000256777
0.000258684
0.000257015
0.000257492
0.000258207
0.000261307
0.000260115
0.000254869
0.000257730
0.000257254
0.000258207
0.000247717
0.000260115
0.000255346
0.000265360
0.000263214
0.000258207
0.000256777
0.000259876
0.000258923
0.000260115
0.000219345
0.000257492
0.000257969
0.000243425
0.000255585
0.000216007
0.000232458
0.000253916
0.000252485
0.000257492
0.000269413
0.000224829
0.000255346
0.000257015
0.000260830
0.000259876
0.000256062
0.000261545
0.000246763
0.000261068
0.000263453
0.000248909
0.000252485
0.000257492
0.000259399
0.000258684
0.000258207
0.000243664
0.000258684
0.000263453
0.000238657
0.000253677
0.000254869
0.000254393
0.000258684
0.000259161
0.000256062
0.000271320
0.000257969
0.000261068
0.000263214
0.000259399
0.000260353
0.000259399
0.000260353
0.000254393
0.000256777
0.000223637
0.000246048
0.000259876
0.000237942
0.000258684
0.000245333
0.000264883
0.000264406
0.000258207
0.000256300
0.000256300
0.000258923
0.000256300
0.000192165
0.000215769
0.000222921
0.000226974
0.000256538
0.000258446
0.000251532
0.000252247
0.000253916
0.000254393
0.000258207
0.000256538
0.000257730
0.000265837
